501
504
503
500
502
497
499
499
499
502
501
502
498
494
500
501
499
501
500
499
499
502
498
500
495
499
499
497
503
503
498
503
499
495
501
501
499
501
497
502
500
501
500
498
502
504
498
502
500
497
498
492
502
498
496
500
503
500
501
501
502
499
502
498
497
503
500
499
502
499
500
502
501
502
500
502
503
498
498
496
498
501
498
498
498
503
499
497
500
500
495
503
497
499
495
500
498
500
499
500
499
499
499
501
501
499
501
501
500
501
502
500
502
500
497
497
496
496
501
501
499
502
500
501
503
504
501
502
494
501
500
503
501
501
500
495
502
496
499
498
499
498
497
501
500
498
500
499
499
500
499
500
500
494
498
500
499
499
500
503
499
504
499
499
499
500
497
496
502
500
501
491
494
502
504
498
500
500
497
502
499
498
498
495
496
500
496
500
497
498
502
499
499
501
500
500
497
503
500
498
500
503
501
498
499
501
500
499
498
502
500
500
498
496
500
500
498
500
501
499
494
500
502
499
498
502
501
500
503
498
499
501
502
501
498
502
499
502
500
498
500
501
501
500
502
498
497
499
500
499
499
501
501
499
501
502
499
499
501
498
501
501
500
495
498
496
503
497
500
501
499
498
500
498
497
500
499
496
499
497
500
501
500
500
499
500
499
496
497
496
498
501
502
500
502
502
497
502
497
500
501
499
501
496
499
497
499
502
502
501
495
496
