499
497
502
501
504
502
501
501
492
503
498
501
501
496
496
503
498
499
499
501
500
499
503
500
501
494
501
495
498
498
501
499
498
502
496
500
497
500
498
499
503
502
499
497
496
502
497
499
499
499
499
500
504
499
500
497
500
502
496
502
503
499
501
499
502
497
499
499
497
501
502
499
499
498
501
494
495
500
503
497
498
502
499
502
499
499
502
501
501
499
503
501
498
501
501
501
500
500
498
504
501
498
499
499
496
502
500
502
499
501
500
500
503
500
497
501
494
500
500
500
503
500
497
501
499
496
499
499
499
496
496
502
500
502
500
499
499
501
501
500
501
502
499
502
500
500
501
501
491
497
499
499
499
501
495
501
502
503
500
500
499
497
499
500
498
500
500
500
501
501
497
500
502
502
495
502
501
500
500
499
503
501
500
498
499
499
499
499
502
499
498
503
501
498
501
500
502
500
499
498
498
503
501
502
500
494
496
499
498
496
497
500
500
499
502
499
497
497
497
498
500
499
498
501
501
496
501
499
502
500
502
504
500
498
498
497
505
501
502
502
500
502
497
501
500
501
498
502
499
502
502
500
501
501
498
501
498
498
501
499
500
498
498
499
499
500
502
497
500
501
503
500
500
504
499
501
498
501
501
501
499
499
500
498
502
498
499
503
498
501
498
500
500
503
501
499
505
499
498
498
501
501
501
497
498
501
500
501
501
501
501
501
