502
495
502
501
498
495
499
502
499
503
499
499
494
498
500
503
501
503
497
502
500
500
500
500
500
502
499
500
498
498
500
502
497
496
501
500
501
498
502
503
500
502
499
496
501
502
503
497
501
495
499
501
500
498
499
501
500
502
499
500
499
502
497
498
504
499
498
499
500
498
499
499
500
499
500
496
503
502
500
499
500
502
502
501
498
499
500
501
501
500
503
500
498
499
502
501
498
498
499
500
498
498
500
503
501
497
500
500
497
497
499
499
499
501
498
502
504
499
499
499
501
500
502
501
498
497
503
502
502
499
501
500
504
505
503
500
499
496
501
496
499
499
502
500
501
501
498
501
499
496
497
498
498
500
496
503
501
499
499
500
496
500
501
504
499
499
502
502
501
503
503
499
500
503
500
499
500
499
497
500
501
503
500
498
499
501
499
499
494
502
500
496
498
502
500
500
501
500
500
501
500
500
497
500
496
497
502
496
499
497
497
499
498
499
500
503
495
499
500
503
505
500
500
497
502
502
500
501
500
500
497
498
499
497
499
497
500
501
502
500
496
502
501
498
500
496
499
498
502
500
500
503
500
496
502
497
496
498
501
502
501
496
499
500
501
503
499
499
500
502
500
500
502
501
499
498
501
497
497
502
501
503
498
501
498
501
495
501
498
499
503
502
496
499
503
498
503
502
500
497
502
504
499
