503
497
503
500
499
500
500
500
502
496
505
503
498
497
499
496
501
500
497
500
494
498
496
499
501
498
495
499
505
498
499
499
497
501
501
499
497
499
501
502
501
501
498
496
496
499
489
493
499
496
500
501
499
497
496
501
502
495
501
500
501
501
500
497
500
500
503
501
500
500
499
503
499
501
500
502
496
500
500
500
500
500
501
498
499
501
501
496
498
497
501
499
500
500
500
492
495
495
496
500
503
500
500
502
503
501
498
500
501
502
496
495
497
495
502
502
499
495
500
498
498
498
498
499
495
499
501
502
500
498
500
502
502
498
495
495
498
501
499
496
498
500
501
501
503
499
500
499
498
497
500
501
504
503
501
499
495
498
497
496
492
500
502
500
500
499
500
500
504
502
497
499
501
502
500
492
499
498
500
500
502
502
497
496
495
501
498
501
502
501
497
496
499
499
499
503
497
502
501
503
497
496
499
499
495
502
496
500
499
496
499
496
498
499
501
499
497
502
496
500
498
498
500
501
501
498
501
503
503
497
497
501
501
499
503
500
502
500
499
498
494
502
499
501
500
499
494
499
504
499
503
499
501
497
498
499
498
499
499
502
501
499
501
501
500
502
500
498
503
500
502
501
495
496
500
502
503
500
498
499
501
497
499
501
502
501
496
499
498
497
502
499
502
500
500
504
503
502
495
501
499
500
498
501
502
501
501
499
502
502
499
