497
500
503
502
502
499
499
502
499
497
502
499
501
498
498
500
498
500
502
494
498
501
501
495
499
501
499
501
494
498
497
500
500
498
502
500
502
496
499
498
498
498
501
497
502
500
499
504
499
500
502
503
502
501
497
503
500
496
500
503
499
498
495
502
501
501
499
499
500
502
500
504
498
502
498
503
500
500
499
502
499
500
503
494
499
500
501
498
498
499
498
503
496
494
500
496
499
501
500
499
498
502
501
497
499
502
500
501
501
502
499
503
497
501
501
501
499
500
501
495
495
500
501
499
503
503
502
500
499
501
503
500
496
500
498
500
501
501
501
499
502
499
499
496
503
502
495
499
498
503
501
501
502
499
500
498
498
500
495
495
499
498
500
497
500
498
500
499
500
499
499
501
502
502
499
503
500
500
500
500
499
503
500
500
497
500
499
501
501
500
502
499
501
501
499
495
499
505
496
497
498
495
501
503
502
500
499
498
501
500
500
501
499
501
500
500
500
500
501
502
499
502
499
500
502
500
499
499
502
501
504
501
500
494
499
503
497
498
500
497
500
499
500
493
500
501
500
499
498
498
499
502
502
497
500
500
501
499
503
498
501
500
498
499
498
502
501
501
501
499
498
499
497
496
499
500
503
500
503
500
497
499
499
500
504
503
497
498
499
499
498
497
497
502
497
495
497
494
498
499
500
502
501
499
503
500
500
501
501
500
494
500
