1039
1035
1030
1034
1030
1030
1030
1029
1037
1034
1024
1027
1025
1029
1020
1027
1033
1028
1029
1037
1035
1037
1031
1029
1033
1023
1037
1028
1026
1021
1031
1038
1026
1025
1036
1035
1030
1026
1027
1035
1029
1038
1041
1030
1036
1039
1039
1038
1043
1042
1036
1043
1036
1031
1040
1046
1047
1045
1039
1045
1047
1041
1037
1042
1042
1048
1043
1048
1040
1044
1051
1049
1048
1046
1045
1042
1046
1042
1050
1029
1042
1052
1040
1044
1046
1051
1054
1058
1055
1053
1057
1057
1055
1061
1047
1048
1043
1054
1051
1052
1054
1049
1047
1047
1050
1044
1039
1047
1046
1045
1050
1045
1049
1039
1038
1050
1045
1045
1040
1041
1038
1041
1043
1040
1039
1033
1035
1037
1044
1030
1029
1043
1042
1022
1036
1035
1033
1030
1032
1031
1026
1021
1033
1029
1032
1030
1032
1032
1039
1028
1032
1042
1035
1040
1031
1033
1033
1034
1043
1042
1044
1040
1042
1046
1043
1038
1033
1044
1034
1031
1038
1042
1042
1035
1037
1035
1036
1046
1044
1039
1047
1042
1048
1037
1035
1036
1050
1050
1053
1037
1038
1035
1042
1033
1042
1035
1041
1046
1038
1035
1043
1040
1036
1048
1049
1045
1045
1048
1045
1039
1043
1036
1037
1038
1042
1044
1042
1049
1057
1039
1047
1042
1042
1042
1044
1042
1039
1047
1048
1059
1046
1048
1053
1050
1053
1061
1040
1054
1050
1051
1060
1054
1056
1049
1055
1049
1055
1045
1055
1050
1045
1044
1043
1042
1046
1049
1052
1054
1041
1046
1051
1044
1047
1046
1041
1042
1047
1047
1049
1047
1042
1042
1042
1039
1030
1041
1049
1046
1049
1050
1038
1040
1039
1035
1039
1039
1050
1037
1035
1039
1034
1037
1032
1045
1041
1037
1036
1038
1032
1023
1036
1031
1029
1033
1035
1043
1044
1036
1041
1042
1033
1033
1035
1041
1042
1039
1042
1037
1036
1039
1035
1027
1033
1040
1037
1028
1041
1040
1036
1039
1035
1035
1035
1026
1032
1039
1038
1036
1034
1036
1041
1042
1046
1040
1034
1044
1039
1041
1044
1035
1046
1037
1044
1034
1039
1035
1029
1032
1035
1039
1041
1040
1039
1036
1039
