502
504
501
504
504
503
501
504
505
502
502
502
502
505
504
500
501
502
501
500
501
500
500
504
503
503
503
500
500
501
502
502
501
504
504
501
498
502
501
500
498
498
499
501
501
500
496
498
502
501
503
501
501
495
501
500
502
501
500
501
501
499
499
502
501
498
500
502
503
503
501
501
499
499
500
499
501
502
504
505
502
504
502
504
502
507
504
504
503
504
503
498
500
502
503
503
502
505
504
510
508
505
505
506
510
507
506
506
507
508
509
504
507
508
503
505
507
503
509
510
505
508
507
507
508
507
509
505
507
504
508
508
504
509
506
508
511
511
507
508
508
508
509
509
504
506
508
503
505
505
505
504
503
508
506
506
508
509
508
503
504
505
503
507
504
500
502
507
505
504
503
506
505
502
500
502
505
505
507
505
507
506
506
504
505
509
509
508
509
507
506
510
508
509
505
505
505
506
506
506
506
505
509
508
509
507
507
509
507
508
505
505
506
504
505
503
508
506
503
507
507
509
505
505
506
505
506
508
505
506
504
506
505
504
508
507
508
503
507
503
504
508
503
501
502
506
507
508
508
506
503
508
506
