506
505
506
509
508
507
503
508
505
505
508
507
506
507
508
509
504
509
508
508
503
507
508
506
507
505
508
509
510
505
504
509
508
506
509
512
509
511
510
510
511
512
509
509
512
512
510
513
508
512
514
511
509
512
510
511
510
512
508
513
514
512
511
513
513
515
511
510
507
512
508
512
512
512
513
506
507
511
510
510
508
505
508
510
509
511
508
511
511
510
507
508
509
508
510
503
510
510
504
505
505
505
504
501
504
507
504
508
507
506
505
504
508
506
508
506
507
503
505
507
508
504
505
507
505
507
504
506
503
506
509
509
507
506
507
506
507
507
508
508
510
507
507
507
508
506
510
509
506
505
509
504
506
507
512
509
507
507
509
506
510
507
507
511
511
508
509
507
509
512
505
505
509
510
505
510
514
513
512
509
508
510
512
514
512
509
512
512
514
510
513
510
510
514
506
512
509
511
509
512
511
507
510
508
508
508
509
509
510
511
512
509
508
509
510
510
511
509
505
508
509
507
507
509
508
508
507
512
508
506
506
508
508
509
511
506
503
510
508
509
510
509
508
509
511
509
512
509
511
509
510
510
507
