182
181
194
209
207
217
224
223
229
246
238
247
251
251
249
245
250
248
248
248
248
248
249
258
255
261
256
262
266
268
271
269
273
278
272
269
266
271
273
275
278
277
276
279
278
277
280
275
285
281
288
288
288
292
291
294
296
296
291
292
293
293
294
294
295
300
303
299
302
307
303
299
300
301
306
309
301
307
307
306
310
310
307
304
306
303
302
301
303
307
302
308
308
313
307
308
309
309
308
304
303
301
301
305
307
307
302
304
305
302
304
309
307
312
317
316
315
316
305
313
310
314
313
317
314
318
315
318
310
313
315
313
313
311
313
311
315
305
312
315
312
314
311
317
316
316
316
315
309
313
318
309
317
319
319
316
319
311
310
313
314
314
314
318
319
319
320
325
320
317
314
321
324
317
319
321
325
316
313
318
315
315
323
317
319
318
323
322
322
323
319
322
316
318
312
319
318
316
316
321
318
323
314
315
321
316
316
313
318
318
315
320
326
323
320
318
317
323
323
324
319
322
321
322
315
313
325
327
322
320
325
320
319
316
330
331
329
333
328
330
324
323
322
327
328
327
326
330
333
330
327
330
322
