533
537
551
551
553
553
565
579
579
574
584
583
567
580
580
575
574
576
567
568
577
574
583
582
577
585
586
575
576
576
571
598
592
593
601
593
586
609
600
590
585
599
595
597
597
593
599
602
606
597
599
603
603
594
597
594
591
597
593
602
600
595
601
593
602
602
594
600
596
607
593
590
589
591
585
586
598
595
597
591
582
589
592
589
598
604
598
604
603
611
620
608
617
604
624
620
620
617
623
633
625
627
621
625
624
634
627
628
627
631
627
624
622
624
620
636
629
621
628
627
622
627
626
628
624
615
623
630
624
626
631
628
620
625
613
626
630
629
618
634
629
632
632
642
632
631
623
629
623
632
635
629
634
629
637
636
637
636
633
646
636
637
630
640
636
632
627
617
623
627
631
636
630
622
628
626
623
636
629
632
623
629
627
631
627
626
627
625
637
632
621
617
619
625
624
619
629
623
626
618
627
623
626
625
627
624
632
635
632
630
636
626
627
628
622
628
632
628
631
623
635
628
633
630
631
632
629
637
633
624
623
624
630
635
639
637
629
636
634
626
615
621
619
617
624
616
629
632
627
624
622
628
629
635
630
631
626
631
633
633
628
630
637
632
632
631
626
627
624
630
637
634
636
637
628
639
636
631
630
629
623
627
629
622
628
624
627
627
634
623
637
635
637
635
641
640
637
639
637
642
639
623
638
625
619
630
631
630
632
639
631
627
633
624
633
627
622
628
629
634
633
629
636
628
628
636
632
635
632
634
629
640
632
643
639
649
639
641
636
644
640
642
633
631
628
627
633
633
632
626
626
630
635
643
639
636
643
635
633
628
628
636
625
636
636
635
638
630
643
630
646
637
631
641
630
639
633
631
631
632
636
634
636
632
629
632
636
639
630
634
629
636
629
633
632
628
631
625
626
628
632
624
618
622
626
626
629
629
632
639
642
630
628
632
633
635
642
639
649
635
646
633
636
630
628
630
639
643
640
632
640
631
634
642
633
632
638
641
641
633
644
637
643
642
641
644
637
636
648
635
636
636
641
633
642
639
637
642
637
638
648
637
638
638
639
640
627
638
641
626
640
638
637
637
637
639
642
648
649
643
641
644
638
642
633
640
642
644
637
639
637
627
632
641
638
629
640
634
642
642
641
645
640
646
647
639
646
635
635
640
636
644
647
633
640
640
641
642
636
635
638
644
640
632
641
636
646
638
635
629
643
640
642
637
640
636
633
634
640
636
642
645
640
641
639
646
646
638
640
641
639
645
635
638
641
642
642
637
638
641
639
642
646
636
639
642
648
645
643
650
645
642
638
643
646
651
648
644
646
643
648
646
636
645
644
644
635
647
652
647
646
645
637
641
638
640
640
635
638
646
643
639
636
642
637
641
642
636
639
640
645
645
639
643
628
639
632
629
637
628
635
628
633
641
642
645
638
648
641
637
646
630
645
639
634
639
644
646
639
638
647
650
644
644
633
645
643
634
642
639
638
646
642
643
644
638
639
634
626
631
633
624
624
632
630
639
638
630
628
634
641
643
639
643
639
639
634
647
636
648
646
645
643
641
640
648
647
646
634
637
645
654
642
641
640
653
644
650
650
642
637
646
640
643
636
633
628
630
632
627
632
634
