529
518
526
528
549
558
570
573
577
571
569
578
575
573
570
569
575
580
572
584
582
585
581
579
579
593
605
600
603
603
599
605
586
585
594
596
597
600
603
591
594
588
593
596
608
604
607
598
601
596
601
602
601
595
594
592
592
596
598
600
594
595
592
593
594
591
585
595
606
605
610
604
606
603
596
602
611
605
614
603
598
613
605
604
608
611
609
601
606
604
595
607
604
598
605
606
603
598
614
602
600
610
605
606
608
609
610
613
603
600
600
606
606
607
604
607
606
605
600
592
597
603
608
605
602
602
602
601
603
605
607
587
594
597
600
599
600
594
596
597
595
600
597
601
603
601
604
606
606
612
609
607
600
604
614
613
606
595
588
602
603
605
605
603
594
599
597
611
612
605
603
599
604
601
602
602
604
604
613
614
615
609
622
622
610
625
615
621
621
612
612
619
618
627
614
624
624
621
633
628
633
629
621
632
633
627
622
630
623
624
627
626
621
625
633
628
631
631
632
632
625
639
632
627
641
635
634
636
631
638
622
625
616
617
624
616
624
626
625
620
637
634
636
630
635
636
632
628
634
635
633
636
640
633
631
633
630
636
630
636
632
632
625
628
623
631
632
622
630
624
628
635
631
630
631
625
627
630
629
626
631
626
631
625
623
619
622
617
614
629
637
636
641
636
631
625
621
629
640
632
623
629
640
633
633
644
640
641
641
639
633
634
636
633
630
627
640
640
638
639
629
634
635
635
640
642
639
644
636
640
637
642
630
629
621
628
623
627
630
626
624
635
635
626
645
634
644
623
632
640
634
638
644
634
639
638
626
636
631
638
635
632
629
637
629
635
628
623
631
625
620
624
616
630
634
632
622
635
625
628
629
633
625
629
632
637
634
635
633
636
637
644
637
641
643
639
642
637
640
645
644
642
640
642
643
644
646
643
641
637
652
647
652
649
642
647
631
636
637
630
639
635
644
634
643
636
632
637
640
638
636
656
643
643
640
644
643
639
642
646
637
634
642
646
648
643
648
650
645
646
634
635
645
636
634
635
638
639
642
637
629
640
639
635
640
635
640
643
638
637
640
640
647
637
635
639
631
636
634
638
631
632
635
636
639
646
631
640
637
641
626
627
628
628
634
630
634
635
635
631
637
638
639
648
639
640
643
632
632
636
634
634
625
628
628
628
633
632
635
632
622
632
636
635
637
639
633
643
638
637
642
637
637
629
629
633
628
630
627
622
629
629
635
626
638
634
628
633
635
638
634
641
632
633
638
632
640
633
632
629
625
629
630
637
640
630
631
632
638
635
628
631
633
634
627
639
638
634
626
628
634
637
629
635
637
635
639
634
630
628
621
623
636
631
630
634
634
627
637
641
634
637
635
635
631
624
632
626
629
615
627
632
632
628
631
635
633
636
640
636
635
637
642
640
642
646
640
645
644
636
632
641
637
636
638
639
638
643
639
651
641
644
643
638
642
642
640
643
631
634
644
638
634
633
642
636
639
634
634
642
647
634
639
636
629
642
630
640
633
636
631
629
637
632
632
631
633
636
640
636
633
631
635
631
636
632
631
625
629
630
635
632
629
642
635
638
634
635
635
632
624
635
639
631
628
633
630
631
630
631
631
631
630
631
634
639
633
633
639
630
637
626
641
634
627
632
623
625
622
626
632
628
631
629
