531
531
530
542
539
547
554
556
558
553
560
560
551
548
540
546
545
557
539
546
548
539
542
541
537
536
530
537
528
538
537
546
529
531
546
547
545
549
555
558
554
553
547
543
548
544
549
554
556
544
538
549
541
543
546
540
548
540
541
542
542
537
539
541
538
534
540
535
541
538
540
549
535
545
550
555
563
564
556
547
552
548
551
548
552
553
554
558
549
544
551
548
543
547
551
559
552
556
557
554
562
560
558
568
565
554
556
544
546
559
548
549
548
554
556
541
545
546
552
553
546
552
551
546
553
550
557
549
555
549
546
556
549
553
554
556
554
558
559
567
568
557
560
559
561
567
552
560
552
557
553
561
557
568
570
565
556
563
554
555
561
563
560
558
552
556
551
557
564
563
560
563
562
560
569
554
566
565
568
553
561
558
557
562
550
553
552
549
543
558
557
562
546
548
552
551
562
564
551
562
559
563
571
555
546
551
559
551
542
553
541
546
543
544
559
549
552
548
555
553
545
536
547
556
551
551
557
545
551
546
546
538
545
539
561
552
557
551
544
536
549
541
541
540
542
542
534
542
556
559
552
547
554
553
557
567
549
553
552
548
550
559
555
557
554
552
555
554
559
561
555
561
559
557
572
553
555
556
557
553
565
565
561
558
559
562
560
566
552
555
547
556
544
560
557
557
563
558
568
561
575
559
563
572
565
563
561
561
552
563
552
561
569
557
567
560
555
548
553
547
554
546
558
560
559
551
562
559
561
564
544
548
562
567
565
570
577
580
558
561
571
575
565
561
565
567
571
572
565
569
567
579
567
564
559
566
569
574
568
569
580
573
574
573
581
577
575
575
578
583
580
580
577
563
566
572
575
556
567
569
562
564
555
566
562
565
564
560
563
556
560
561
566
575
568
577
578
564
566
565
577
574
566
576
571
570
570
560
565
566
571
574
569
574
571
566
571
568
565
577
562
564
569
577
571
566
572
571
569
574
573
571
566
573
576
568
567
562
566
581
576
573
568
558
569
570
575
578
572
579
577
575
568
570
565
562
564
562
565
566
569
558
565
555
561
569
561
573
565
573
568
573
577
571
574
566
570
577
574
580
571
564
569
559
575
571
571
565
563
556
569
573
568
570
566
564
562
556
563
566
567
568
562
564
561
562
554
566
563
561
563
558
567
572
561
568
563
564
567
564
571
574
567
576
562
563
563
555
565
555
564
563
566
553
572
568
563
568
557
571
564
566
556
553
561
557
557
559
554
565
566
555
558
552
563
562
569
564
575
571
568
569
565
570
567
565
568
565
567
565
561
557
567
568
559
566
567
556
560
561
560
563
553
571
560
555
560
566
570
567
566
569
566
566
565
569
565
564
568
565
560
563
564
563
562
573
559
570
566
565
558
553
561
565
562
569
566
563
567
573
565
578
571
568
570
574
556
552
571
562
565
560
566
570
574
568
559
572
572
578
569
571
583
577
576
565
575
569
572
566
573
568
556
569
557
562
558
560
570
572
573
568
565
571
565
567
563
564
560
557
558
570
564
562
566
560
572
571
572
568
551
554
563
561
568
570
548
566
566
568
570
578
568
568
562
552
567
568
576
571
581
570
573
569
570
564
566
563
560
565
564
560
561
559
560
558
565
561
565
560
557
559
559
556
547
560
557
552
553
561
561
560
562
565
562
558
561
551
553
561
559
554
562
551
553
561
546
554
548
556
563
561
560
563
570
566
568
569
