530
517
526
530
545
541
556
536
542
547
539
550
549
538
541
555
553
549
554
544
540
544
551
556
555
547
550
547
565
568
568
561
573
567
571
592
594
585
598
598
597
599
592
602
601
599
598
603
608
607
607
614
609
615
601
601
605
605
600
615
609
616
620
625
618
610
621
626
622
617
615
614
616
621
620
620
615
619
614
617
618
618
620
617
622
616
609
618
612
611
613
610
613
617
611
618
624
617
617
605
616
612
614
613
617
612
614
609
613
611
614
613
613
617
615
612
613
614
607
612
614
616
619
612
625
619
625
626
626
628
629
617
625
622
635
625
625
628
620
624
626
618
630
624
623
621
628
627
620
619
633
635
627
624
619
618
625
622
617
622
619
618
619
615
619
615
622
623
609
612
615
614
626
620
639
630
626
621
620
621
618
619
625
616
625
624
627
618
619
620
627
623
620
615
617
615
618
621
623
630
623
620
620
627
623
623
620
620
627
614
621
618
624
630
622
622
612
621
622
620
616
622
625
623
626
615
619
623
622
614
613
616
610
611
617
606
612
608
612
607
614
616
623
620
626
617
617
623
613
620
618
615
620
609
613
614
609
609
617
614
614
616
618
604
612
625
613
614
610
612
616
613
620
611
615
605
608
618
624
622
610
619
618
624
615
618
614
621
622
622
617
618
617
617
620
613
615
613
604
621
614
617
619
617
621
619
625
613
620
614
615
618
625
629
624
616
622
618
622
620
614
614
625
614
612
620
614
617
629
625
621
625
628
626
618
619
622
620
617
626
617
620
623
619
617
617
616
613
618
617
613
611
607
611
621
620
621
619
616
617
620
626
633
646
645
640
638
639
640
634
640
644
644
636
641
632
631
640
644
636
632
634
637
633
632
633
636
628
629
632
637
644
638
632
633
628
642
637
643
640
639
638
639
639
641
637
635
636
644
640
628
638
632
633
633
636
631
638
644
641
641
642
639
635
640
642
642
632
632
632
636
634
633
640
632
638
631
632
629
632
635
633
635
627
637
635
633
634
639
634
634
635
627
623
636
638
632
637
642
635
634
624
632
629
636
637
646
630
640
643
644
636
638
641
642
630
634
632
640
653
648
645
646
644
639
644
643
635
641
647
644
642
634
640
646
637
636
645
637
642
644
641
648
648
639
650
639
634
639
645
638
641
638
639
644
646
644
640
639
637
639
637
638
641
643
642
649
646
646
645
657
641
643
635
636
638
638
631
628
635
639
632
634
631
635
635
625
629
624
622
627
629
629
632
633
631
623
632
629
624
625
633
626
623
624
635
630
628
627
634
634
634
631
640
632
624
630
629
630
640
636
638
640
640
637
639
634
635
629
635
634
623
622
634
637
632
635
639
645
642
641
626
633
640
631
646
640
640
636
643
643
645
642
645
639
631
640
630
642
639
639
636
634
633
627
636
629
628
637
640
637
631
635
635
634
639
638
639
633
637
643
636
632
628
641
638
638
632
633
634
639
626
631
627
632
635
637
638
633
634
635
639
639
631
639
640
644
636
633
633
630
635
636
637
637
638
643
634
632
627
635
630
632
639
629
640
638
636
624
629
633
629
627
621
636
628
631
635
629
630
633
636
629
633
628
636
632
636
630
632
641
641
642
642
639
641
637
637
634
630
639
637
638
643
641
634
