531
543
546
542
539
547
549
552
559
557
568
570
559
564
565
564
564
553
550
542
553
553
574
578
572
569
560
571
565
573
569
572
579
582
582
592
578
574
581
573
581
582
580
578
570
576
566
573
598
594
603
601
595
594
594
592
587
590
600
590
584
593
600
596
586
591
592
594
591
588
594
599
596
592
595
595
597
591
595
594
596
602
594
592
589
596
591
597
596
603
605
595
602
598
601
592
592
587
589
598
606
602
609
613
608
609
622
635
630
633
629
625
623
629
627
629
623
625
624
623
624
626
628
634
630
637
629
636
631
647
647
642
644
634
634
630
644
648
649
640
633
638
637
633
643
643
638
649
630
634
637
643
641
645
642
629
630
638
638
639
637
638
633
632
635
633
631
638
644
646
641
636
636
639
646
644
634
634
646
638
640
642
645
649
645
644
643
634
631
632
631
631
630
635
637
641
635
629
638
631
629
631
635
639
638
639
628
634
634
636
637
629
632
634
629
634
633
634
627
636
636
638
636
635
634
638
637
632
635
636
632
633
634
643
632
632
632
641
627
630
635
636
639
635
649
631
633
632
638
637
635
639
636
629
637
638
649
637
639
640
644
638
635
636
637
644
634
641
642
647
638
640
639
637
629
622
640
626
629
633
636
635
639
635
641
634
632
637
628
637
626
626
633
628
640
635
636
628
632
639
634
637
638
628
625
625
641
639
637
636
637
631
628
634
630
635
648
645
638
646
646
642
637
635
641
636
640
634
641
635
637
640
640
636
632
637
637
623
641
639
635
638
636
639
631
626
629
623
629
623
634
629
631
624
630
636
631
629
643
636
636
629
633
631
634
628
634
642
634
632
618
623
627
628
622
622
629
643
639
631
638
634
637
644
638
640
635
637
647
636
634
644
632
637
636
634
631
628
636
635
633
630
626
628
631
638
638
632
640
642
638
641
635
629
632
631
631
632
633
633
637
635
627
630
635
639
634
634
628
637
636
634
640
634
638
639
635
630
632
637
643
636
634
634
638
631
623
621
634
631
628
628
628
623
632
637
633
635
640
635
642
635
622
626
638
631
632
635
635
635
639
643
632
634
630
643
636
639
639
643
637
627
631
632
633
636
637
638
631
634
634
643
632
634
635
632
634
626
634
628
644
641
627
645
634
633
640
637
637
634
634
643
640
640
640
633
630
634
633
632
633
635
640
639
648
638
630
631
626
633
634
634
629
636
633
635
633
633
638
634
630
644
640
636
629
625
630
627
631
630
636
635
629
637
635
635
638
640
628
634
636
643
633
626
631
629
633
632
635
632
624
627
629
632
634
630
638
634
631
648
637
638
627
638
633
635
625
630
630
630
629
637
636
630
637
639
630
635
626
640
632
633
641
629
634
630
625
635
636
635
639
631
628
634
628
629
628
630
639
628
638
639
636
639
640
635
636
629
624
636
634
637
634
635
642
633
633
640
627
628
633
631
628
639
640
646
637
636
639
646
639
638
647
644
648
642
648
638
643
640
646
639
649
639
631
631
627
633
636
629
635
632
637
639
642
634
635
621
629
626
631
631
629
628
629
636
632
629
630
634
628
637
638
628
631
630
630
628
637
642
630
637
634
633
637
637
633
636
634
630
633
636
629
632
632
629
630
636
634
631
