524
536
534
555
569
558
575
582
576
585
583
585
582
575
591
591
580
584
592
585
581
580
582
590
589
592
608
603
604
604
599
600
601
592
597
600
597
589
601
587
602
600
599
608
606
605
604
596
601
608
602
607
598
604
607
609
609
604
607
601
594
599
602
599
600
604
600
601
605
603
605
607
601
606
605
608
606
610
605
606
615
601
609
606
606
609
613
610
612
606
608
598
609
607
612
603
605
600
598
603
608
610
602
608
613
608
597
607
599
602
598
601
605
606
597
597
602
597
607
606
596
603
604
603
605
600
595
598
605
597
596
604
600
607
606
597
600
606
601
597
602
609
612
610
605
605
615
608
608
605
602
603
606
608
603
605
609
602
605
615
605
608
613
615
608
613
612
613
615
609
611
608
597
599
606
612
607
612
610
606
596
605
607
605
604
612
598
600
607
610
609
605
611
611
606
594
611
621
622
630
625
632
631
638
628
635
632
636
632
630
631
628
624
631
631
628
630
626
623
624
623
619
624
629
620
628
622
623
626
625
625
625
622
627
626
622
628
625
625
618
618
619
617
624
627
614
616
612
614
617
623
616
620
611
632
624
619
625
623
620
615
619
621
635
628
635
631
618
613
616
623
614
623
622
620
627
624
628
625
626
624
626
627
625
628
634
627
627
620
630
629
632
632
627
626
636
626
632
637
634
633
635
641
646
629
630
623
634
633
628
626
629
631
632
629
628
627
633
630
629
632
630
636
637
634
636
638
627
624
627
633
629
623
629
631
635
626
629
632
628
627
628
630
632
630
628
634
622
621
623
629
624
634
637
630
629
631
631
627
622
618
626
613
613
616
627
625
626
628
625
624
625
623
632
629
628
633
625
629
626
623
624
626
618
616
615
615
620
618
617
617
616
619
620
621
622
619
618
615
623
612
627
631
627
623
624
620
628
635
625
628
629
625
629
625
620
618
624
614
617
616
624
621
626
613
627
618
625
627
635
620
628
620
621
628
625
627
626
626
621
629
628
632
623
624
613
624
622
620
624
626
630
630
633
631
627
628
629
634
639
634
635
632
636
634
644
646
644
644
647
636
638
638
636
641
634
644
642
637
638
637
634
638
635
637
631
629
632
630
630
637
629
627
620
627
627
637
635
627
634
637
633
629
632
634
628
631
623
631
629
626
624
633
626
630
621
622
628
631
623
627
631
628
627
630
616
627
633
626
628
631
632
632
639
636
634
640
633
636
640
639
634
626
628
625
630
632
629
623
625
634
629
634
639
633
636
643
631
633
634
632
635
640
628
633
634
634
633
629
627
627
630
628
632
635
621
626
623
632
630
632
643
639
633
630
637
636
638
637
642
640
639
632
628
634
641
639
637
627
639
635
635
632
635
629
632
629
628
634
633
636
644
639
636
643
640
647
645
644
642
639
636
632
634
642
640
636
629
642
639
636
628
627
631
626
635
633
634
629
630
632
629
628
633
631
647
639
636
628
640
619
640
646
636
628
634
625
634
636
634
643
644
641
643
635
648
643
637
648
640
642
643
639
640
634
641
641
634
642
635
630
633
633
643
637
645
636
642
630
631
633
628
632
634
632
636
638
634
636
641
635
636
634
642
622
638
643
634
635
641
637
634
630
634
635
642
642
636
633
634
636
638
641
638
646
