544
547
543
547
546
544
548
543
560
558
554
551
558
560
560
558
560
555
548
562
553
581
571
578
585
575
569
574
574
582
575
586
592
578
590
590
594
591
591
589
608
601
598
598
605
608
597
600
613
609
608
599
606
610
606
617
610
610
601
606
604
601
603
600
607
614
603
608
609
608
613
607
607
605
604
606
605
608
605
611
618
612
606
607
614
615
610
613
613
610
613
611
603
601
606
607
603
605
597
605
602
605
602
606
602
605
602
605
606
612
612
603
603
612
606
619
625
629
623
621
617
630
631
623
622
618
622
618
619
621
615
622
624
624
622
620
628
623
625
622
624
627
625
622
619
617
627
610
621
623
618
626
626
619
618
615
623
623
623
627
625
624
627
631
637
637
643
630
636
633
634
634
632
634
633
638
634
639
636
635
636
645
637
626
630
630
626
637
619
624
622
621
619
626
627
625
630
633
628
634
634
632
630
626
627
633
634
633
629
632
631
623
623
626
625
629
625
629
628
628
627
618
629
625
628
621
629
631
633
624
635
629
630
640
620
620
633
627
636
625
633
625
629
627
635
631
625
622
619
623
622
630
624
624
624
618
617
622
617
633
623
624
631
633
635
625
622
629
621
622
629
627
636
635
631
629
638
629
639
637
634
638
633
633
630
630
623
632
631
624
633
640
636
636
641
631
641
635
643
632
637
635
628
631
631
635
636
634
637
625
630
632
632
628
628
621
626
633
631
626
633
633
635
630
631
629
623
623
616
630
623
626
633
633
631
623
630
631
624
636
640
638
630
630
632
628
626
630
630
630
623
622
630
626
625
635
627
621
626
632
630
626
623
630
628
626
632
629
631
636
626
625
624
625
627
622
626
623
629
624
622
631
629
629
625
627
633
625
624
631
627
634
633
628
646
647
639
633
639
650
637
641
632
639
640
638
644
643
642
639
651
651
641
647
641
638
634
640
638
641
637
635
640
630
638
636
642
634
641
641
639
634
639
637
636
636
632
633
634
633
629
627
634
641
631
631
640
645
640
632
635
639
638
637
644
641
637
637
637
639
632
634
635
641
633
642
641
634
643
631
640
636
639
641
631
640
642
637
643
627
624
639
633
644
639
636
636
640
635
631
630
629
630
637
640
634
633
638
636
639
636
635
642
638
642
640
639
637
631
636
638
634
645
642
642
635
643
642
637
642
634
639
635
635
639
639
639
636
643
637
632
634
629
633
637
631
637
636
634
628
635
637
639
634
636
639
634
627
629
635
643
638
643
635
638
