541
540
534
535
546
546
556
552
560
571
558
561
573
582
579
579
582
573
579
577
576
574
577
582
570
568
565
573
563
568
572
561
570
570
577
573
571
571
574
580
575
573
566
572
574
571
576
577
579
571
573
578
581
575
582
583
582
577
595
582
586
580
590
576
578
577
574
568
574
580
571
576
578
579
577
574
576
572
575
567
581
577
575
572
571
570
581
583
584
587
585
585
587
582
585
586
587
591
576
591
586
581
594
589
585
589
589
593
584
590
593
610
617
627
633
625
625
626
626
626
627
632
636
622
628
622
631
629
626
636
626
619
628
630
624
621
623
626
624
628
627
628
629
636
634
629
630
632
627
635
627
627
623
625
624
629
626
628
630
621
627
629
629
627
627
631
617
620
620
619
623
627
620
625
638
631
629
628
636
632
634
637
639
632
638
628
635
631
626
626
622
629
628
636
630
631
617
638
634
629
632
633
628
620
626
625
643
623
630
626
632
629
619
620
628
621
625
633
632
632
624
628
632
621
625
621
627
623
626
630
627
627
630
631
630
634
623
626
622
630
635
637
638
632
633
630
628
627
625
628
629
631
630
632
630
624
627
633
631
629
627
621
628
628
642
633
633
635
627
627
632
636
634
620
628
625
632
627
633
627
633
627
633
627
630
629
624
627
631
623
622
632
629
619
630
629
631
627
628
630
627
634
625
627
623
619
634
638
634
625
630
628
627
631
631
626
633
625
613
624
637
629
628
637
628
623
619
615
625
627
619
623
622
615
611
620
611
618
618
621
622
623
623
616
623
624
633
631
627
622
619
625
618
629
620
626
622
616
622
623
630
624
619
625
622
610
617
620
617
619
619
629
626
626
625
620
623
629
626
630
628
624
627
618
629
635
633
632
628
619
612
629
630
636
628
625
636
622
624
631
633
629
629
629
630
616
620
625
635
634
636
633
641
628
624
624
623
619
624
622
626
625
627
636
626
635
626
629
623
622
625
626
624
627
620
624
626
619
613
623
619
624
630
634
629
638
640
620
620
627
624
617
619
623
626
620
629
618
623
619
623
621
621
621
624
630
607
620
620
619
623
618
622
616
621
626
625
616
625
618
623
620
619
620
615
621
631
625
633
635
625
630
621
627
635
632
622
629
626
633
625
639
630
621
630
631
628
628
635
632
633
628
626
627
631
627
630
627
633
632
629
625
628
628
628
620
625
629
625
630
633
634
632
643
622
629
619
628
630
621
612
621
629
633
631
626
629
615
623
627
628
626
625
630
635
629
625
627
622
619
624
624
626
633
627
623
626
622
633
639
628
635
629
631
635
633
624
637
634
629
633
629
629
622
626
629
617
620
620
621
629
620
626
624
617
625
619
610
623
624
622
609
620
628
619
622
625
617
622
627
630
622
621
618
619
616
628
621
622
625
616
619
624
633
625
633
622
622
627
621
625
620
623
625
627
625
630
622
633
637
628
636
636
629
633
634
633
631
634
635
623
626
633
640
635
637
627
634
637
631
643
635
638
636
638
642
634
636
628
633
631
624
618
628
628
620
627
631
625
627
635
629
628
625
622
627
634
617
629
630
629
632
638
626
634
638
642
629
636
632
636
633
632
632
633
634
623
633
635
629
624
630
627
625
629
628
