523
526
550
557
558
556
556
570
566
568
565
559
560
571
569
566
570
565
568
568
563
570
576
578
577
581
577
592
592
589
594
595
602
595
593
589
588
597
602
604
606
605
606
613
615
601
603
602
596
597
612
604
587
591
599
601
601
600
607
608
609
614
599
599
603
606
594
597
601
593
603
604
608
611
605
603
606
609
602
602
606
611
600
602
603
608
609
614
611
603
607
607
600
601
601
598
607
603
608
594
594
598
601
600
606
603
603
615
608
606
613
613
613
615
611
614
609
602
610
612
609
611
606
605
606
612
605
611
607
609
608
600
608
601
607
619
609
614
615
605
616
615
602
609
611
606
603
614
616
619
610
605
602
604
604
608
608
607
605
615
601
612
604
607
610
622
612
611
608
612
614
609
607
604
615
617
615
619
621
616
623
622
622
611
618
627
629
629
615
615
611
614
613
610
613
616
616
616
617
612
627
622
615
620
617
619
616
613
617
620
616
621
617
602
604
617
607
605
616
616
621
616
618
617
614
617
625
612
615
611
611
608
609
614
603
613
617
606
599
617
610
605
606
610
613
615
613
609
612
615
618
606
597
604
607
600
605
617
615
616
606
608
614
613
611
618
620
615
610
607
609
614
602
615
612
603
604
601
604
604
603
612
605
597
599
602
606
595
603
609
608
602
599
605
613
606
603
609
603
612
611
603
605
599
606
603
605
606
610
608
604
595
608
606
601
613
607
608
602
605
603
599
598
598
595
600
606
605
607
602
603
607
598
599
608
609
603
606
604
610
604
606
600
613
607
599
608
607
613
604
615
605
606
598
607
610
601
608
615
598
605
601
597
600
603
600
593
603
594
598
604
603
607
594
603
599
587
593
609
601
600
597
607
603
607
602
596
601
604
601
605
604
607
602
611
604
601
607
609
606
607
614
607
605
604
609
604
607
598
605
606
599
606
600
603
602
602
599
609
612
604
606
595
595
600
599
599
601
593
602
597
600
600
604
607
603
600
607
600
605
597
600
599
606
593
591
600
603
598
603
603
603
600
606
605
610
607
608
606
599
602
610
607
605
598
604
613
622
615
607
605
607
619
606
604
611
604
610
608
614
615
616
610
600
609
605
611
616
612
620
620
615
615
609
608
608
602
602
608
608
604
609
608
602
606
606
609
607
603
603
613
612
610
611
606
614
608
611
608
609
604
609
611
616
610
609
611
605
612
614
608
611
610
615
617
613
619
623
614
612
616
604
617
621
623
611
616
607
606
619
622
609
600
605
606
606
613
612
611
610
606
607
604
607
607
610
608
608
620
609
613
615
613
618
615
606
609
612
607
598
625
619
621
615
620
622
623
627
623
628
624
620
622
619
618
618
621
623
620
618
618
621
623
619
616
617
616
618
618
623
616
620
625
617
617
612
623
629
626
626
618
623
623
629
623
621
623
622
625
623
624
624
627
624
631
621
625
622
623
616
620
620
625
623
631
626
629
621
625
627
616
624
622
630
629
628
622
629
629
625
627
619
618
611
621
624
629
623
624
623
615
618
622
627
631
629
631
621
630
627
628
620
625
629
620
626
623
622
621
617
624
628
625
620
623
625
638
630
621
624
622
620
622
628
622
630
629
627
634
626
627
625
626
618
624
625
617
630
628
621
626
622
615
618
619
617
627
623
612
612
618
