527
534
544
543
558
559
561
571
571
563
574
572
579
577
578
580
589
582
599
595
587
595
597
594
593
586
589
588
589
594
594
593
593
589
584
589
593
580
602
613
618
617
613
612
612
605
598
606
606
604
629
622
620
623
623
621
618
618
628
629
625
633
626
629
618
629
628
638
633
627
624
622
622
617
623
615
621
618
625
625
620
615
621
633
624
623
633
627
625
619
617
626
627
625
635
627
621
621
620
623
620
623
626
611
623
623
626
618
629
631
633
628
622
628
632
627
631
624
617
633
630
623
626
626
626
629
633
629
628
626
624
625
628
632
632
635
628
629
626
625
624
626
622
629
626
630
632
632
621
615
630
625
622
617
618
626
615
624
619
631
622
627
633
633
632
628
629
627
628
621
623
613
626
614
631
627
633
630
623
633
629
624
623
623
620
633
625
625
629
629
628
629
633
625
623
623
627
629
634
628
626
616
622
632
623
629
631
630
628
637
628
632
634
633
640
631
632
633
624
633
634
636
643
639
631
643
633
638
639
639
635
636
631
624
634
637
625
631
631
633
631
629
636
636
633
634
635
631
628
630
631
628
628
624
626
628
622
620
626
626
630
631
634
627
628
632
633
635
630
623
623
625
633
626
627
620
629
632
632
623
630
626
626
631
623
625
620
626
629
625
626
624
634
639
634
632
636
633
631
624
623
627
620
620
620
628
625
626
625
627
626
620
628
623
623
627
631
619
624
624
620
623
622
620
611
615
622
618
625
624
624
626
619
626
623
624
620
628
624
627
623
625
625
623
625
619
620
622
625
623
614
629
621
623
631
622
631
627
635
635
634
635
627
631
632
629
632
625
634
635
629
635
632
627
616
625
617
623
621
630
625
627
632
625
624
625
618
620
621
618
622
615
627
621
632
625
627
630
633
625
626
621
620
617
622
626
621
623
625
624
627
620
629
623
622
622
618
629
621
625
626
629
625
621
620
629
623
622
619
619
624
620
619
626
635
630
630
624
623
627
630
630
632
624
622
628
626
626
620
626
621
624
616
630
633
627
615
619
621
614
625
623
620
615
623
621
614
624
627
622
629
629
619
632
630
629
630
637
640
638
621
632
622
623
629
621
638
630
630
636
623
620
637
627
625
630
631
629
633
633
636
638
637
633
638
630
636
630
634
640
637
636
635
629
629
633
627
626
624
620
627
616
632
630
635
627
624
614
621
630
629
628
621
617
632
632
629
621
631
624
628
632
630
628
621
628
630
626
624
624
632
625
628
624
634
623
620
630
632
631
629
633
624
629
633
628
634
633
628
629
625
624
625
617
616
630
626
626
619
622
625
619
626
618
620
617
626
626
634
632
636
630
633
630
636
634
637
637
640
634
633
635
635
634
632
630
630
626
633
638
635
636
638
626
624
622
625
625
625
622
624
631
621
618
626
626
625
629
627
624
621
619
628
633
615
621
625
627
628
618
631
623
616
626
633
628
628
631
629
625
626
631
629
634
630
630
629
632
629
630
631
631
630
629
630
626
631
624
628
623
629
630
629
624
629
626
620
624
626
628
627
628
627
624
624
626
616
628
626
622
625
623
625
625
634
630
635
635
640
631
631
635
626
627
628
625
621
628
634
631
634
629
632
633
634
624
629
631
624
634
630
634
626
636
636
634
