530
519
535
553
553
549
552
564
553
551
556
554
550
548
545
560
547
558
561
573
560
559
563
563
556
564
563
582
583
583
590
590
586
587
589
590
597
610
606
596
614
603
591
599
594
595
601
599
588
587
605
604
609
604
604
607
602
600
604
609
603
602
604
597
606
600
599
593
605
606
603
612
616
602
600
605
612
604
614
600
612
608
592
601
610
601
609
606
610
602
600
603
605
608
605
610
603
615
604
605
613
615
615
616
604
610
606
607
609
609
610
609
610
610
606
611
608
610
602
603
619
609
609
609
610
620
611
612
617
613
622
617
620
616
605
615
612
613
606
612
607
606
610
616
608
616
612
607
615
611
608
603
614
608
613
603
605
602
612
617
610
617
614
618
616
617
617
614
618
606
616
612
612
600
609
610
610
613
609
612
621
618
612
605
609
608
610
612
616
602
610
608
602
610
614
603
607
605
611
610
617
619
616
618
618
609
617
599
605
612
611
610
607
610
606
614
603
617
611
615
610
608
607
609
604
607
609
599
602
614
616
614
610
610
616
614
620
614
617
611
613
612
612
608
619
605
611
614
616
604
604
609
595
607
595
607
609
610
606
600
612
598
609
606
601
605
607
611
599
612
613
613
611
610
610
611
609
608
606
614
613
607
610
612
616
611
611
603
616
632
623
623
624
631
629
626
623
626
624
621
624
628
627
629
628
635
632
634
628
635
636
641
629
635
631
632
633
636
634
636
634
632
634
632
636
636
639
642
633
636
643
644
638
631
638
632
635
631
637
635
640
636
634
628
632
628
634
632
637
635
635
629
635
629
622
632
625
621
618
614
614
620
629
620
636
630
630
627
631
635
635
630
631
634
627
637
646
639
636
641
637
646
633
635
635
644
636
635
631
623
627
623
633
633
630
630
633
632
631
621
632
625
634
629
637
626
639
635
634
626
642
640
637
632
635
630
635
635
630
633
625
624
627
633
632
626
628
627
632
623
621
623
627
626
632
632
622
619
632
627
629
636
627
616
631
632
620
630
626
619
621
625
618
614
626
623
625
618
618
619
622
621
621
622
612
620
624
620
622
617
621
620
619
622
618
619
624
620
625
628
634
623
638
631
633
627
639
631
627
627
635
631
630
632
629
627
628
616
624
628
622
626
627
622
626
622
626
626
625
619
624
617
621
625
622
623
614
623
627
628
623
630
630
631
628
632
622
627
637
630
622
625
620
615
625
630
625
633
641
636
640
639
630
625
632
630
627
624
633
634
635
633
637
637
633
636
637
629
625
630
629
639
638
633
623
629
638
622
637
636
633
634
632
638
644
646
644
642
645
643
631
638
638
630
635
637
627
637
632
633
638
644
638
632
637
640
638
634
627
632
632
636
632
633
630
632
626
640
641
648
639
640
635
640
634
636
638
640
636
634
635
634
642
636
628
632
634
634
633
630
633
631
626
627
632
634
639
631
633
632
637
637
641
640
631
638
640
638
635
634
635
637
635
634
641
639
636
629
630
634
633
630
641
638
643
639
636
634
635
636
643
643
639
641
627
627
631
633
640
628
632
629
631
639
630
629
634
622
636
642
644
640
644
649
640
645
645
649
637
642
651
639
637
641
635
634
635
641
629
632
629
637
640
636
642
637
639
630
640
645
641
638
643
626
635
621
624
