533
546
555
544
539
533
539
552
553
543
551
548
539
551
546
544
544
559
555
557
558
560
566
567
562
567
560
558
563
564
568
571
563
562
568
567
575
583
592
569
571
574
580
575
575
573
575
578
576
574
580
577
577
581
579
577
580
580
562
573
568
571
583
591
600
596
590
599
599
591
592
594
593
590
593
589
594
588
593
596
586
580
589
599
588
590
594
584
582
588
579
583
585
593
593
589
595
582
593
599
592
579
586
578
585
596
592
590
590
586
592
588
587
586
587
582
588
588
587
589
595
598
596
597
592
587
605
598
601
587
587
578
599
597
597
595
595
590
599
597
599
604
611
604
611
607
607
610
601
600
602
614
610
613
613
604
594
596
592
590
593
602
599
612
601
598
588
601
602
610
611
611
620
615
621
617
624
628
626
629
623
629
631
617
623
618
621
620
609
622
623
619
626
626
629
627
621
621
619
624
617
620
617
620
625
624
620
626
626
616
618
628
617
623
624
627
622
623
622
618
630
624
621
628
628
626
624
631
624
635
629
622
624
613
621
629
624
631
631
629
632
633
630
636
631
632
638
633
636
629
634
634
626
631
620
619
631
631
633
625
634
626
625
619
629
629
622
626
624
626
614
631
631
630
630
637
634
648
643
639
646
644
642
643
644
644
636
643
650
650
645
643
646
649
648
648
636
639
640
640
640
648
646
643
640
641
640
636
645
639
645
640
641
652
649
647
636
647
641
646
650
651
642
636
648
643
645
639
644
642
637
640
640
632
642
642
639
639
644
639
641
645
637
637
641
641
651
642
646
645
642
628
639
636
643
638
632
631
648
633
643
645
644
632
639
632
639
637
644
639
643
639
634
642
641
640
640
643
642
637
640
643
639
637
640
640
641
644
649
644
641
640
647
646
647
645
638
642
638
646
634
633
635
645
638
627
645
647
638
641
641
642
637
641
649
644
647
645
644
649
643
644
654
642
639
639
641
643
645
634
643
643
637
641
644
648
638
641
641
643
646
648
645
647
632
645
647
638
643
643
642
644
639
648
651
643
647
654
648
649
647
647
642
644
645
647
645
643
645
635
644
645
643
647
640
643
645
649
641
640
641
635
635
640
638
635
649
642
638
642
646
640
645
643
646
641
646
645
642
646
649
649
653
644
644
646
641
650
646
639
647
643
640
637
634
650
637
639
640
641
643
642
644
638
634
640
636
644
637
641
632
631
636
631
638
642
638
633
625
630
639
638
644
644
634
634
643
638
634
646
643
634
637
638
642
636
646
642
642
638
644
645
644
647
634
644
643
639
639
651
641
644
637
646
639
649
644
640
641
647
650
643
647
646
648
643
648
651
646
650
644
640
648
645
648
643
642
651
647
647
639
633
642
638
641
647
640
645
635
645
642
647
644
650
650
645
646
651
640
645
650
643
639
643
649
642
646
648
649
636
642
638
638
647
642
647
645
641
635
640
641
650
642
645
642
634
648
644
631
634
654
638
642
645
639
639
636
636
639
644
644
642
647
640
643
634
637
645
645
642
646
644
643
636
637
646
643
632
634
633
625
630
633
629
632
635
646
632
637
639
639
640
644
641
636
640
635
634
638
640
628
636
640
642
642
637
639
640
638
632
638
642
636
635
629
632
629
631
634
640
638
638
637
637
639
631
636
638
633
642
631
631
644
630
639
