525
534
525
545
547
548
539
548
544
549
547
556
546
566
567
556
562
562
575
565
569
562
573
565
568
569
574
577
584
584
583
588
587
595
591
594
591
596
591
596
596
619
623
619
621
624
623
625
607
618
616
613
622
620
616
617
617
614
621
615
604
619
623
621
619
626
629
631
629
622
616
620
609
622
613
614
620
619
616
617
623
619
615
613
616
618
622
621
620
627
622
614
620
620
620
625
623
615
621
620
626
612
621
617
621
624
628
623
613
620
613
611
624
611
621
625
624
614
608
622
608
613
614
608
620
614
610
615
623
613
608
611
616
623
612
599
608
617
609
619
617
612
620
618
618
626
627
625
621
615
623
627
620
626
624
628
627
620
620
629
621
628
630
635
623
632
611
625
619
623
609
620
617
618
616
620
621
632
624
618
626
619
628
616
619
628
623
615
627
620
631
617
619
619
622
631
626
620
622
618
623
621
612
621
613
615
615
619
614
613
622
622
606
609
618
628
629
623
623
621
626
620
624
617
617
619
617
626
622
611
623
616
611
614
615
611
629
623
621
621
620
629
615
622
624
620
619
622
625
630
625
622
620
617
622
619
622
629
618
618
622
623
632
619
623
616
628
623
615
618
616
612
618
624
624
622
617
620
619
620
617
624
622
614
619
625
616
619
622
612
617
611
607
607
615
613
611
614
620
625
615
618
617
613
619
615
613
610
609
611
611
612
617
624
619
612
613
610
615
614
612
611
610
607
619
607
618
607
613
614
614
611
611
611
606
614
609
609
617
608
617
610
608
621
604
614
621
624
618
616
620
613
609
609
611
602
597
591
593
603
606
594
604
600
598
601
604
599
608
613
624
630
624
616
616
617
606
617
609
610
610
622
618
614
622
616
619
607
610
609
609
614
609
602
607
612
602
619
605
614
611
611
622
612
607
617
620
609
610
619
615
614
606
613
613
614
608
615
617
613
620
609
604
597
609
608
607
606
613
611
613
608
607
611
605
604
609
608
608
610
606
608
607
614
613
610
613
611
609
603
611
608
610
613
610
611
608
610
609
610
615
605
606
602
604
603
605
606
608
607
607
606
609
613
615
621
619
620
616
610
612
608
612
612
608
606
608
604
606
600
604
595
599
609
605
601
603
607
611
604
602
605
601
606
604
607
607
612
608
604
607
603
604
604
615
611
608
616
610
610
617
616
608
609
599
609
614
612
606
608
606
604
602
605
614
604
607
613
606
609
607
612
610
602
607
610
606
604
600
594
599
604
599
596
598
591
599
602
600
605
602
606
602
597
613
614
611
622
609
610
618
620
618
613
615
610
604
613
614
606
611
613
607
607
607
609
612
611
610
605
609
614
616
623
616
620
608
623
615
619
609
609
612
613
608
612
609
615
610
607
613
616
611
612
614
610
614
630
636
634
630
641
637
634
643
635
627
629
630
633
621
626
631
635
638
639
633
634
635
633
630
636
637
630
635
633
638
637
630
639
645
641
631
638
627
636
633
636
637
641
634
631
642
634
630
634
639
633
635
620
642
634
632
626
632
635
643
640
636
642
639
637
638
641
648
636
636
633
641
640
638
642
641
645
637
635
635
643
636
631
639
640
639
641
634
635
632
632
624
630
633
638
632
631
634
641
636
629
637
639
637
638
635
635
632
