522
533
526
538
548
545
551
545
540
550
545
548
545
541
555
549
550
545
553
543
544
532
543
542
553
541
542
550
549
553
553
549
543
538
541
543
540
546
553
548
548
544
541
537
542
544
541
550
547
552
546
544
548
545
549
540
540
551
551
545
552
552
549
543
548
542
549
546
538
537
535
544
551
548
559
547
553
546
541
551
551
544
556
545
548
549
552
560
558
555
554
545
549
549
552
553
546
550
544
543
547
546
547
541
555
537
543
550
564
559
563
556
559
561
558
558
546
556
551
546
547
557
560
552
554
553
557
556
556
547
554
555
552
543
562
557
549
556
552
553
544
548
545
541
550
544
538
540
545
541
546
546
552
549
548
549
541
548
549
559
557
559
547
546
543
546
547
551
545
558
546
553
556
544
547
545
548
552
556
553
552
551
553
558
554
556
550
560
562
554
557
564
555
568
565
560
563
552
566
568
561
561
560
553
558
551
558
559
553
547
551
552
548
545
551
548
543
545
560
551
551
552
561
560
561
554
548
559
561
552
555
553
551
550
560
554
543
558
548
550
561
547
542
554
558
548
557
552
569
550
557
558
556
560
555
548
555
558
561
553
562
564
558
557
558
553
550
553
554
555
555
558
557
557
558
556
559
558
561
562
560
567
554
550
555
562
548
541
548
555
548
552
550
549
550
558
551
546
541
554
546
547
555
539
555
552
554
549
557
561
564
560
559
558
558
561
552
563
561
557
552
551
561
560
560
561
557
562
557
555
563
553
541
550
546
536
542
546
546
553
549
544
543
550
554
547
549
548
545
551
558
549
555
552
554
556
548
552
544
542
552
560
562
554
555
557
552
545
545
544
559
555
545
554
551
545
547
547
545
550
558
554
560
560
560
564
553
563
566
558
547
559
551
561
562
554
552
553
558
568
557
561
559
560
560
556
555
562
544
554
559
554
552
557
553
553
557
552
559
562
559
552
557
548
544
554
556
561
556
559
548
555
554
550
547
557
551
550
555
556
555
555
543
561
563
550
560
561
562
556
557
553
556
552
563
567
558
565
565
555
563
566
561
558
559
557
563
561
557
559
560
548
562
567
554
552
553
554
553
553
555
558
552
559
564
551
553
556
555
552
561
555
563
558
564
551
556
566
564
569
554
555
548
544
552
542
554
554
556
558
551
555
562
560
562
558
564
555
553
556
554
548
553
554
549
559
548
560
562
551
562
564
556
552
556
553
555
558
554
554
550
557
555
554
565
558
561
568
566
561
562
558
553
554
554
553
562
558
557
559
554
558
563
561
554
557
558
560
554
552
564
550
554
551
557
555
547
551
548
548
546
557
546
552
558
558
553
553
556
557
550
556
550
547
555
554
545
553
559
550
550
552
549
553
550
556
555
565
560
557
546
553
554
555
550
555
566
561
561
560
556
554
560
552
551
553
558
557
563
559
558
565
556
560
567
554
570
560
568
558
557
561
551
555
560
552
552
544
538
547
542
537
548
552
551
553
548
546
551
555
554
554
548
555
549
559
569
556
556
552
550
557
544
565
547
543
545
545
550
553
549
557
547
550
552
553
550
554
547
553
560
550
552
560
562
561
559
558
561
575
561
560
561
560
566
559
564
557
553
556
551
550
545
551
560
551
564
560
566
566
576
569
563
567
570
570
565
563
566
569
567
567
563
574
566
568
569
572
569
568
564
572
571
557
569
573
573
561
570
569
568
563
568
572
561
568
577
566
567
567
571
569
569
571
571
573
558
561
566
566
566
563
564
