542
538
543
534
547
549
554
573
575
571
582
580
586
570
577
554
564
566
560
565
566
567
574
576
572
581
573
575
572
568
590
594
593
599
592
594
580
587
590
595
592
591
606
595
604
605
600
603
597
600
598
601
598
601
603
612
615
609
603
606
604
595
599
595
605
604
610
613
604
611
610
616
613
613
600
603
599
601
612
609
598
604
601
594
600
606
604
598
600
607
605
603
609
599
610
608
600
595
602
601
598
600
604
602
594
598
599
604
598
592
598
610
610
607
608
608
601
597
594
605
596
595
602
611
600
605
607
613
616
619
618
622
614
619
615
627
623
612
618
623
624
631
633
625
632
628
630
635
634
627
625
632
633
637
641
630
638
638
630
633
638
631
634
633
631
622
624
623
619
625
627
630
627
623
626
629
622
619
624
615
625
623
627
633
624
628
614
621
630
628
621
618
632
634
637
636
631
633
628
633
638
628
630
627
626
635
631
633
630
642
637
624
628
624
626
633
621
632
624
625
627
617
615
618
622
611
607
620
609
618
618
628
616
624
612
621
621
619
614
611
613
618
620
625
626
629
627
622
629
628
629
624
614
618
622
624
622
624
632
630
620
626
621
624
617
624
633
624
627
617
625
627
608
623
619
620
604
610
631
618
624
627
625
623
625
612
615
617
622
617
621
619
619
630
629
626
627
635
635
622
625
630
623
629
629
636
626
633
626
623
623
624
628
631
623
630
627
638
631
635
629
629
641
643
633
634
640
635
645
639
636
632
635
633
631
631
628
621
628
627
620
624
624
620
617
621
619
628
622
617
622
621
628
632
634
633
625
625
624
625
633
631
623
623
622
626
620
625
620
625
620
627
612
624
627
637
626
625
622
634
621
619
623
616
621
629
622
614
610
610
619
615
628
626
630
623
625
629
630
628
626
630
625
619
630
629
624
629
625
614
620
622
622
619
618
617
618
620
625
627
628
624
629
624
627
624
617
615
622
615
616
608
613
618
613
615
619
617
620
613
621
624
632
624
625
626
627
625
627
625
628
628
622
627
630
634
628
631
628
631
628
637
634
620
621
623
622
615
623
620
630
627
630
631
620
620
628
630
630
629
631
632
628
628
628
627
627
632
623
622
627
637
629
629
635
631
636
634
630
639
633
630
635
629
627
634
625
628
621
628
629
622
626
627
632
638
639
640
640
633
621
625
626
611
623
631
620
617
619
615
626
627
618
611
612
622
617
620
612
620
613
620
621
622
624
625
624
621
622
626
630
629
619
622
627
635
633
636
622
622
634
629
627
632
624
636
628
630
634
622
624
621
624
630
633
639
638
636
633
629
627
641
637
631
628
629
630
626
634
633
634
629
624
636
628
635
630
632
622
627
630
627
624
627
630
630
630
631
629
631
627
624
627
628
636
631
628
628
631
633
628
636
633
631
635
630
626
634
640
628
635
629
634
632
631
630
633
638
635
637
637
634
632
641
635
634
635
634
640
632
633
630
629
624
622
617
628
635
628
629
628
629
632
622
621
623
630
629
626
624
627
628
628
625
637
629
625
632
628
625
637
634
630
632
627
637
629
628
634
633
625
630
633
628
635
635
634
634
635
631
622
637
646
635
635
633
631
644
642
638
632
637
640
640
638
627
633
631
635
