536
537
539
539
550
562
567
577
582
576
572
585
584
577
583
590
584
588
588
599
587
595
584
590
590
586
592
584
572
578
582
590
595
597
593
588
591
607
597
593
592
582
588
584
581
579
588
594
597
596
597
602
596
603
605
612
609
605
594
605
600
601
594
592
601
598
599
598
597
600
600
587
595
606
623
615
623
624
625
615
623
626
622
625
629
625
617
620
617
621
618
625
629
626
627
622
627
630
634
628
623
625
622
626
618
627
623
627
621
624
631
629
633
631
628
622
624
623
625
629
627
623
625
627
623
618
627
622
627
625
624
629
618
624
629
622
622
618
625
623
626
627
622
620
619
616
625
622
617
614
618
625
620
618
616
618
621
626
618
627
622
621
618
616
621
616
620
615
613
625
614
620
618
624
629
618
618
627
614
623
630
626
622
624
621
625
620
620
629
614
615
620
618
619
621
627
622
619
613
614
619
628
620
622
624
624
622
630
625
624
627
619
627
627
623
622
626
627
628
625
634
628
635
629
620
625
617
638
633
634
634
629
627
632
629
629
631
633
631
633
623
629
631
633
630
629
628
631
627
629
629
630
628
624
621
632
623
628
622
630
628
630
620
621
627
625
623
624
623
632
626
626
632
622
621
624
618
624
621
621
623
633
629
628
629
624
624
618
623
628
624
631
633
636
628
630
625
630
633
630
633
625
622
622
623
630
624
637
626
630
631
627
622
617
625
626
630
623
611
615
625
621
628
642
635
631
635
632
626
624
620
633
630
631
639
631
630
626
624
623
618
623
618
622
622
625
620
620
607
620
621
617
623
622
627
617
620
624
629
623
626
627
632
632
631
622
626
629
635
638
634
627
634
635
630
639
643
638
629
632
630
634
636
635
633
628
624
634
625
624
625
627
629
628
627
632
634
628
631
626
635
633
633
626
624
623
622
626
623
629
628
624
625
621
630
625
628
628
624
628
635
625
628
631
632
636
626
633
634
635
628
625
623
630
630
625
634
630
630
628
633
627
632
631
631
630
635
630
627
630
629
628
624
630
630
625
630
634
633
630
627
624
627
621
622
617
624
628
624
623
627
633
633
626
624
629
634
626
622
628
632
629
622
614
629
637
626
623
625
625
615
632
629
627
626
634
632
626
628
623
625
623
625
622
626
630
628
629
622
628
630
631
630
632
623
623
633
626
628
634
635
636
637
633
641
637
639
631
628
617
632
633
632
635
630
627
633
623
627
623
623
623
633
630
636
637
630
624
629
637
631
632
617
630
627
624
631
628
627
626
624
622
621
625
624
631
623
627
618
632
628
628
630
624
628
637
622
629
633
630
621
630
624
631
629
628
621
627
620
629
634
631
615
627
632
629
634
630
631
634
633
635
632
638
634
634
633
635
640
633
632
636
637
633
644
641
636
634
635
640
630
637
633
635
626
630
620
629
620
622
630
622
629
629
631
633
624
636
641
628
629
639
633
632
628
635
621
628
635
624
629
631
626
626
621
632
626
634
625
633
620
629
624
634
622
630
634
620
630
627
629
635
636
634
639
639
633
635
628
630
636
635
631
631
635
637
631
626
631
642
634
630
633
629
624
629
631
623
632
619
632
631
630
633
627
632
630
636
632
639
634
629
635
632
626
625
630
634
627
630
626
631
633
630
630
628
642
641
634
