527
531
543
540
545
534
546
547
546
551
536
544
551
547
546
547
550
544
554
544
548
550
549
549
554
555
557
556
540
553
561
541
547
552
552
549
544
549
545
545
553
546
542
547
558
550
552
543
544
544
543
550
543
553
555
550
553
548
546
548
553
546
550
547
544
552
560
562
566
557
557
553
550
543
542
549
552
553
549
545
545
548
546
551
549
543
548
560
555
550
553
553
557
548
556
561
545
548
542
544
550
558
556
548
548
543
551
549
547
546
537
547
548
545
553
559
558
550
551
548
553
553
545
545
567
555
557
559
558
553
556
547
552
548
555
553
543
543
560
544
553
563
565
563
555
551
550
553
555
555
549
552
548
555
550
557
554
555
552
558
545
549
552
543
553
549
549
544
546
546
558
558
546
546
546
552
556
565
562
548
558
546
550
552
545
543
548
562
558
558
563
560
549
558
552
552
553
554
548
551
546
553
547
543
542
551
568
565
566
557
559
566
565
555
558
550
556
549
553
553
560
552
556
564
551
561
564
559
559
550
550
549
559
565
548
564
556
555
560
548
542
552
550
553
548
562
559
550
562
558
558
558
559
560
556
558
555
552
563
554
565
559
553
555
560
562
558
561
558
560
557
550
551
555
563
561
568
567
568
569
570
576
565
573
564
568
571
566
560
556
564
559
554
570
565
557
555
559
558
555
549
556
553
555
557
557
563
563
575
565
567
561
554
552
555
550
552
558
552
553
548
557
551
556
551
557
552
544
555
543
560
571
565
562
552
557
552
561
568
553
555
549
544
556
559
553
558
555
552
547
554
557
542
557
543
550
558
562
558
553
558
550
559
548
550
555
546
557
551
554
556
546
554
555
558
559
568
563
556
562
556
556
561
560
555
563
552
559
564
566
569
568
556
564
565
556
550
550
556
559
567
561
566
563
566
554
564
556
555
556
557
553
551
554
544
551
555
549
548
557
562
558
565
568
556
557
570
561
556
557
551
558
561
550
557
561
571
562
566
556
558
553
557
549
556
551
563
545
548
534
546
549
553
550
550
555
553
550
549
548
556
550
549
553
551
560
561
565
559
560
554
552
558
565
560
558
570
561
563
562
552
568
560
555
555
559
567
567
569
573
572
564
566
557
565
570
573
561
560
564
562
562
561
562
557
563
557
566
561
559
549
550
561
548
555
554
552
551
555
562
564
568
566
559
561
561
564
556
559
553
554
553
560
560
564
569
559
559
559
561
566
572
563
559
568
565
568
567
578
571
559
570
566
568
567
561
562
562
570
567
570
577
573
575
565
560
556
571
567
570
562
565
565
568
567
569
566
571
564
561
554
563
567
556
558
554
555
552
565
567
569
561
559
572
561
569
567
561
564
564
561
570
571
560
558
560
571
571
568
569
569
569
555
560
560
567
561
561
556
561
566
580
571
567
570
569
570
564
572
571
565
566
565
565
556
566
575
564
567
572
568
562
574
570
558
563
571
575
571
574
577
577
575
577
562
569
559
564
560
564
562
562
560
554
549
555
560
568
558
559
561
570
563
558
561
560
553
561
561
566
563
554
558
573
566
566
564
561
565
566
574
578
574
562
560
555
555
558
566
562
562
568
571
572
569
568
568
565
555
563
569
568
572
563
572
556
554
566
561
563
564
559
566
573
569
567
578
568
562
566
565
559
561
564
571
558
560
572
577
564
569
570
562
564
559
561
560
562
558
563
568
563
561
561
566
565
569
560
567
559
556
555
553
