536
535
532
530
556
555
559
558
556
553
567
565
570
567
568
570
576
568
581
573
578
567
566
572
576
581
584
583
587
590
585
587
580
589
570
569
574
574
580
580
569
574
591
589
584
584
585
587
583
586
594
590
593
592
589
598
584
595
590
586
584
589
596
584
593
577
589
586
591
596
591
586
581
582
593
600
596
604
605
607
609
605
603
607
596
601
600
601
589
597
593
597
587
585
585
594
584
586
576
584
585
590
599
601
596
599
609
610
612
604
602
604
601
613
616
616
606
617
612
615
624
614
612
615
614
609
613
609
615
611
609
611
596
608
603
613
607
604
604
602
616
612
606
611
609
609
608
611
605
606
607
604
604
614
608
608
613
610
613
611
611
612
613
616
616
621
613
616
621
623
618
615
610
613
622
613
629
624
623
619
606
620
623
624
620
627
620
623
611
620
621
616
623
617
617
615
616
601
610
605
616
609
615
608
609
605
598
604
601
604
605
604
599
611
609
602
607
602
609
601
609
600
599
603
590
590
592
603
602
598
593
597
596
599
594
598
601
596
598
600
608
605
608
610
617
618
618
611
617
619
618
612
616
618
615
619
626
620
617
610
615
609
609
618
609
614
618
617
609
610
614
607
606
608
610
610
610
614
606
609
609
599
610
612
613
615
609
608
607
609
603
606
613
614
609
620
620
609
615
614
612
618
613
610
607
602
608
599
604
611
606
612
610
620
612
614
613
606
604
611
609
611
610
615
610
614
616
612
606
609
610
607
613
615
606
615
617
612
608
614
609
609
615
616
619
614
614
602
611
618
612
607
603
608
608
605
608
608
611
619
615
618
613
614
612
614
612
616
616
624
611
607
602
606
613
606
608
614
608
613
610
616
605
616
615
612
614
614
615
627
616
614
610
609
605
603
618
618
611
611
616
612
616
617
610
605
599
603
602
607
609
608
601
609
620
624
621
614
611
616
612
603
603
612
605
610
616
613
615
616
616
614
615
617
620
616
604
618
609
616
618
608
616
620
624
617
612
616
619
620
613
609
611
617
609
614
609
610
606
605
613
607
602
612
610
613
613
606
599
606
621
611
604
606
600
600
605
606
610
603
601
600
593
601
604
601
608
605
610
607
609
614
597
599
602
606
600
613
603
594
600
607
602
607
605
606
610
605
613
610
615
607
603
614
607
613
607
611
621
610
620
618
612
618
606
622
621
615
622
617
612
613
616
608
614
624
613
613
616
610
611
610
612
611
618
609
615
609
608
614
613
609
614
603
604
601
602
603
600
602
614
601
610
616
606
609
619
610
613
606
614
612
614
610
613
614
611
616
611
613
610
614
613
618
609
611
615
617
614
608
611
611
613
614
612
604
605
608
605
607
608
608
607
607
604
612
606
612
610
610
620
618
608
611
616
614
620
616
613
615
617
615
620
619
618
611
616
606
613
613
618
620
619
623
619
610
621
627
625
623
620
619
618
620
617
621
615
617
615
620
619
621
619
619
620
620
615
611
612
609
613
602
611
613
617
609
610
614
609
614
619
628
615
612
622
622
618
623
615
620
609
613
616
617
615
615
612
614
625
613
614
617
619
621
621
617
619
615
621
621
618
617
622
617
613
617
616
619
618
611
615
611
616
614
621
624
619
619
617
617
615
613
612
617
617
610
618
610
628
620
621
624
616
