533
528
541
537
534
547
547
562
546
552
561
552
561
559
560
567
569
561
566
565
560
560
551
559
554
552
553
556
562
556
547
566
554
564
558
560
566
559
563
570
564
567
566
561
559
563
553
559
553
559
559
553
552
563
572
572
572
560
566
566
568
564
559
557
558
561
559
557
568
570
577
557
562
565
561
555
568
555
557
575
577
581
586
589
580
581
591
578
579
582
581
584
591
586
580
588
586
583
592
590
599
601
610
600
605
600
610
609
603
609
605
603
605
610
609
594
593
600
605
596
604
600
609
602
602
610
609
613
608
604
602
608
597
598
604
614
616
612
610
611
615
608
620
611
610
620
618
614
619
612
618
613
618
621
614
612
612
620
619
624
623
620
622
610
630
616
619
619
616
616
614
613
617
617
610
618
623
622
623
626
613
625
620
628
624
619
625
635
632
627
635
635
631
631
626
621
624
631
622
620
625
626
632
625
620
620
621
616
610
619
619
618
617
613
622
621
621
626
617
619
611
624
619
623
622
620
617
619
623
617
622
621
625
622
623
627
623
626
626
621
624
619
618
622
621
621
615
620
616
611
620
626
620
627
629
628
634
630
618
616
618
617
620
624
623
616
621
615
616
612
619
618
610
622
615
610
615
617
611
619
616
617
610
621
617
627
622
625
629
622
625
631
628
634
634
628
630
634
625
628
629
631
630
631
632
637
636
627
626
632
630
621
622
630
624
629
627
626
637
639
629
631
629
619
617
628
617
617
622
621
628
627
619
624
625
628
620
627
634
622
626
617
619
627
629
628
635
630
637
634
637
636
625
627
630
627
629
627
628
625
627
632
630
628
627
629
626
624
623
628
625
633
632
628
629
626
636
632
633
625
630
615
619
626
622
628
623
638
630
625
635
629
641
631
624
629
631
634
632
633
634
628
628
629
623
625
633
629
637
632
624
633
633
635
618
617
623
624
622
618
623
623
633
617
622
628
630
623
624
628
623
622
621
626
622
621
627
620
625
627
623
620
617
617
628
630
630
630
622
629
626
633
631
627
625
628
628
622
631
628
625
632
627
631
627
630
622
634
630
631
621
622
624
622
623
634
627
623
629
628
624
629
625
630
622
624
629
623
630
620
623
627
620
620
626
634
621
625
626
622
623
626
618
634
627
625
633
633
628
638
635
638
627
636
625
631
633
631
627
641
639
640
640
633
641
642
634
629
638
646
635
628
638
633
630
622
637
631
626
629
628
628
622
618
613
617
622
619
611
622
626
624
623
621
616
627
621
625
625
629
627
623
632
619
626
630
627
629
623
623
626
620
626
622
621
625
620
628
630
627
628
630
631
635
638
622
638
633
633
631
627
627
624
627
621
619
619
626
622
623
628
617
628
631
635
631
632
638
634
630
625
627
632
627
631
617
618
623
621
628
624
638
630
622
629
625
614
621
617
629
621
614
618
618
627
625
628
626
623
619
625
626
628
629
623
621
619
625
627
629
627
623
622
621
621
628
626
624
624
622
617
626
632
622
631
629
629
629
630
633
630
633
620
617
622
623
625
628
626
615
623
618
625
618
620
616
619
623
625
625
635
629
639
636
642
628
626
630
631
627
635
638
634
632
642
631
627
633
632
634
630
630
627
618
627
627
633
641
632
635
634
631
633
628
