510
525
525
541
532
542
550
547
549
541
537
547
550
547
549
547
549
541
563
550
555
554
554
550
549
565
563
551
548
550
553
560
564
578
574
574
581
575
579
574
572
586
582
595
577
590
589
593
588
584
589
588
587
590
588
591
589
582
589
581
594
597
588
584
592
583
588
581
591
589
601
592
604
598
599
602
603
600
599
602
610
620
616
614
609
616
620
621
616
614
612
609
618
614
614
599
601
604
603
597
608
609
607
618
622
622
618
618
613
622
629
615
619
618
617
610
617
619
627
618
614
616
609
610
616
616
623
610
616
621
613
621
616
614
617
616
613
607
608
614
616
618
618
615
615
626
621
620
626
623
629
619
628
612
609
618
619
623
616
614
615
619
624
627
618
619
614
622
617
616
614
614
614
619
618
616
602
617
613
612
608
621
619
626
617
618
611
614
615
614
611
616
621
610
619
622
628
625
613
624
618
612
607
617
613
622
626
621
621
623
614
616
614
609
613
624
613
618
618
616
616
618
619
623
629
627
620
609
617
625
618
619
620
615
624
617
623
620
611
616
617
614
626
625
626
616
620
621
618
620
614
628
619
614
628
630
610
625
620
613
625
624
615
613
616
615
611
613
626
615
615
623
624
613
616
619
621
617
624
621
621
607
621
623
618
622
620
621
626
617
621
615
615
622
615
615
620
616
621
619
614
627
620
625
610
622
614
622
626
626
619
617
619
621
620
612
616
612
605
616
618
615
616
613
617
611
612
609
617
617
623
620
619
628
623
625
622
624
630
623
628
634
634
633
630
626
611
616
622
624
630
625
629
624
623
622
623
617
629
623
629
617
633
622
620
616
611
619
622
618
607
612
616
614
613
609
613
611
622
620
618
620
616
622
626
624
621
621
626
621
620
625
623
624
624
615
625
626
622
624
626
629
618
626
628
627
625
624
635
631
626
616
623
629
619
624
620
614
619
619
615
621
614
617
625
618
625
625
627
618
632
633
626
627
622
622
615
623
618
617
615
609
614
611
612
621
617
614
617
617
617
613
620
609
623
621
618
614
629
615
622
616
620
620
626
619
623
616
618
622
622
617
619
614
620
612
619
618
625
625
622
621
628
623
624
620
621
627
630
625
621
614
619
618
622
617
617
621
616
625
610
613
611
616
605
616
612
617
630
613
622
630
624
627
624
630
622
618
620
628
623
617
620
620
609
621
621
622
611
620
623
615
618
620
623
621
623
620
623
625
614
622
618
625
617
619
622
612
613
612
621
626
625
618
619
618
625
620
618
617
625
618
631
622
621
619
620
621
622
626
631
631
626
633
622
622
626
625
618
618
625
613
616
611
616
620
620
616
617
610
621
623
619
623
619
622
627
618
624
631
628
616
621
624
616
615
617
618
623
616
619
619
609
614
622
620
620
615
623
625
618
621
616
623
618
608
623
622
615
612
612
613
612
612
613
617
618
621
614
619
616
622
618
616
619
618
610
618
620
616
620
612
618
614
616
622
621
621
625
622
610
614
603
605
608
617
615
613
619
620
620
616
616
617
624
618
620
615
620
614
615
623
614
615
617
623
625
619
624
618
624
621
626
626
621
623
617
617
622
610
607
617
619
611
618
609
616
616
621
627
621
627
615
626
625
615
628
626
629
619
612
