658
655
656
658
659
662
661
654
661
656
659
654
650
653
658
652
657
652
655
651
649
654
647
659
651
659
659
660
665
654
652
654
659
657
653
658
660
653
658
660
652
655
657
654
658
660
656
657
658
654
652
655
659
658
656
660
654
657
660
653
658
652
652
654
653
658
659
660
656
656
658
658
660
653
656
653
652
655
655
657
655
652
657
653
655
651
657
660
662
654
660
656
652
656
659
657
665
658
655
654
660
660
652
659
653
655
653
658
657
659
655
654
662
657
662
658
654
656
656
648
653
650
651
653
660
656
656
662
659
655
660
659
652
659
661
657
655
653
652
661
655
653
656
660
658
657
650
656
656
659
657
657
659
659
656
656
657
653
654
