652
659
657
646
652
657
654
661
659
662
653
658
659
651
653
655
656
651
648
652
652
656
653
656
654
663
657
661
662
651
649
653
648
648
654
656
657
656
661
656
663
660
666
660
651
650
656
651
652
653
650
653
655
658
652
651
659
658
651
654
655
657
656
656
661
651
657
649
655
655
655
649
657
653
652
649
648
654
653
649
653
656
653
658
663
650
657
651
654
657
651
657
654
652
657
653
655
650
654
647
652
653
653
659
645
650
655
648
652
659
653
648
654
656
654
658
657
655
654
648
659
654
651
652
654
654
653
654
655
655
653
658
662
658
659
649
652
650
654
653
654
656
658
660
657
