661
654
657
660
654
656
655
654
663
656
664
654
646
658
656
652
653
658
655
661
654
656
645
656
658
658
659
664
655
659
659
657
655
661
661
657
652
658
660
662
654
660
652
656
656
648
655
655
662
660
657
664
657
653
654
657
659
656
637
655
657
649
653
648
653
644
649
656
660
658
658
656
653
661
654
654
658
654
658
654
658
655
654
655
651
654
653
650
653
650
644
656
653
657
652
649
657
651
652
655
648
650
658
652
649
651
654
653
652
656
657
652
655
651
656
656
652
653
653
656
653
655
654
652
649
653
657
653
658
656
654
658
655
657
658
653
660
658
650
651
658
653
657
651
656
655
653
661
652
652
658
660
656
657
658
651
654
657
