657
652
654
656
657
657
657
655
656
660
664
654
663
658
655
659
657
657
655
661
661
660
659
659
660
655
656
656
658
653
649
657
650
651
658
650
654
651
651
649
652
651
651
655
656
658
657
659
661
655
655
661
653
659
659
658
663
663
651
663
656
656
657
660
660
662
659
656
654
656
657
653
651
657
652
655
656
655
653
657
653
644
646
654
649
645
657
647
649
660
653
653
661
655
652
653
658
659
660
661
661
656
657
662
659
659
658
656
654
659
654
655
651
649
655
654
658
652
653
649
653
653
654
649
652
650
654
652
652
660
652
651
651
647
655
652
652
657
651
649
654
651
658
652
655
652
653
663
655
652
650
657
657
662
654
653
659
656
653
