654
652
649
657
656
652
659
657
662
661
649
648
660
657
660
659
659
653
660
656
656
661
661
665
655
662
658
654
655
657
655
655
645
650
655
658
661
652
655
655
656
661
665
659
653
658
652
656
657
657
653
648
655
655
657
659
658
655
660
660
665
652
659
655
654
651
656
652
648
650
650
652
651
659
656
658
650
655
647
657
654
652
657
652
654
649
650
654
661
656
664
660
658
660
661
652
656
652
655
653
658
656
661
655
658
662
654
658
653
650
657
651
652
658
657
653
657
655
658
654
654
653
659
659
657
654
660
656
655
653
652
653
651
667
650
650
657
655
655
653
651
655
653
656
649
651
650
653
659
654
647
651
654
650
