879
889
896
899
898
908
900
890
902
905
916
909
922
904
904
914
930
937
927
915
925
923
929
919
917
916
922
935
927
924
933
942
948
957
952
947
964
961
953
957
960
953
964
965
973
960
959
972
963
960
957
957
949
947
969
962
970
951
955
959
965
961
969
962
961
957
963
964
977
975
969
972
976
963
957
968
969
962
974
980
957
973
973
975
975
972
969
976
965
970
990
979
989
989
982
977
983
982
980
973
976
977
977
980
980
978
976
973
975
964
966
971
969
968
974
966
976
975
983
977
976
984
992
984
981
992
991
990
983
984
994
1003
994
992
998
999
989
993
993
993
995
997
982
995
1006
994
991
994
994
990
995
997
986
996
987
995
998
999
1008
994
1013
1004
1001
996
999
1006
1012
997
1001
996
997
994
993
992
1005
990
996
994
1000
998
991
999
998
979
987
986
1005
987
999
996
1008
994
1001
1015
1004
995
999
1003
1001
1000
1000
991
999
982
978
977
990
987
997
984
995
998
1001
990
998
998
983
995
987
998
995
992
1012
988
995
998
998
1008
994
1001
1005
1008
1006
1004
1008
1004
1003
989
1014
1016
1009
1008
1012
1003
994
1000
1009
1014
1014
1003
1011
1013
1006
1003
1005
1009
1007
993
1004
1025
999
1010
993
1002
1003
1001
985
995
999
1001
996
1007
1004
999
1008
1011
1001
1004
1009
1003
1003
1005
1006
996
1001
1001
995
1002
1005
1014
1008
998
1004
1011
1014
1013
1004
1004
999
1011
1003
1001
1010
1007
1012
1008
1004
1014
1012
1011
1002
1006
1009
1010
1002
1000
999
1000
1017
1005
1006
996
1003
1003
1002
990
1002
1002
998
1009
1010
999
1000
1010
1008
1004
1018
1008
1017
1010
1000
1006
1007
1008
1007
1006
1010
1008
1012
1007
1004
1005
1007
996
996
998
1006
988
993
1010
996
990
1000
1010
1000
997
989
992
995
1002
992
1000
997
1003
1007
1006
1003
1000
997
1001
993
1009
1016
1010
1027
1014
1036
1031
1028
1033
1033
1032
1030
1029
1026
1033
1026
1017
1015
1011
1028
1016
1026
1023
1023
1029
1021
1015
1028
1023
1011
1035
1015
1009
1004
1009
1007
1009
1008
1014
1021
1016
998
1012
1027
1030
1007
1020
1024
1034
1021
1016
1009
1015
1026
1023
1009
1026
1017
1014
1032
1014
1020
1023
1011
1026
1024
1008
1012
1008
1014
