873
880
887
907
905
898
897
893
910
907
910
908
917
932
920
917
918
914
922
911
921
928
920
928
926
928
939
933
937
944
941
931
937
931
938
925
926
926
928
932
936
926
941
932
938
926
923
933
922
938
924
928
932
927
931
938
935
931
935
933
939
940
941
944
947
934
938
942
943
932
931
937
928
941
931
932
928
938
936
938
940
946
950
956
956
956
965
952
955
951
971
960
962
968
962
963
960
972
970
956
962
951
965
956
957
954
958
968
963
957
961
959
950
963
968
958
948
948
959
957
963
951
947
957
942
959
956
954
959
957
946
947
936
949
941
945
941
932
941
954
939
935
926
937
936
936
939
928
928
928
916
932
924
923
920
926
923
928
938
945
933
929
942
926
931
952
942
940
941
934
942
954
948
950
950
961
959
959
969
953
958
953
957
963
960
953
977
967
980
969
972
963
956
951
954
944
960
956
951
950
948
954
969
958
948
958
950
962
949
957
962
962
956
959
958
961
959
960
970
974
962
970
967
958
967
969
968
965
976
965
972
972
964
978
968
976
984
976
981
975
968
974
968
973
967
975
975
959
972
980
973
978
962
959
960
957
977
971
969
969
972
984
981
993
975
988
974
978
984
979
995
982
993
990
977
987
990
976
987
995
999
994
998
982
979
978
985
983
993
979
993
986
984
1004
996
1000
991
990
995
999
989
992
999
997
990
989
1001
999
1002
990
1000
992
993
992
993
989
998
993
983
993
999
994
992
989
991
1001
995
988
997
994
992
1005
1000
1000
988
1006
989
997
987
995
1000
992
983
995
1005
1005
995
996
994
994
996
1005
1009
1000
991
987
992
992
1002
986
991
989
995
992
1006
1001
999
1004
992
995
999
995
999
982
997
982
990
1011
1002
996
986
998
998
986
982
994
988
992
988
999
997
1002
988
995
999
989
987
992
1001
995
999
982
997
996
989
986
1001
998
1005
1002
995
1001
996
983
995
1007
1002
996
1000
1002
996
993
992
994
997
990
992
988
985
972
982
992
995
992
980
988
1000
999
992
1010
1003
995
1010
1018
1016
1024
1015
1017
1026
1037
1024
1016
1018
1019
1029
1030
1019
1017
1016
