874
881
889
888
891
897
899
889
891
890
888
896
890
901
895
899
899
900
911
888
896
912
915
901
895
915
903
911
933
917
919
924
919
917
921
914
921
921
921
938
947
926
928
947
929
929
928
942
930
935
951
953
947
946
970
970
963
961
957
972
961
959
973
963
964
968
968
962
981
968
967
965
969
969
981
982
998
990
987
985
983
973
984
976
977
983
976
980
979
979
988
985
981
985
980
993
980
999
982
978
982
1001
996
1001
1003
993
993
989
996
990
982
984
995
994
995
990
987
989
992
989
986
988
994
994
1008
995
985
1001
989
983
978
983
986
978
993
990
998
997
986
981
996
995
989
993
990
982
981
977
981
985
988
979
995
987
991
981
973
992
980
987
992
983
983
984
992
987
990
1002
984
1000
989
994
983
988
982
985
989
991
997
1000
989
999
994
1001
990
1000
988
983
987
992
985
991
986
960
978
983
993
980
989
998
984
988
984
998
994
982
997
999
990
1005
1005
993
997
996
983
996
1006
983
990
1005
996
996
992
1000
985
986
998
990
979
983
985
997
989
986
989
990
974
989
988
998
1006
1006
1014
1010
1016
1015
1017
1018
1010
997
1008
1004
1010
1000
1020
1023
1029
1021
1024
1019
1014
1019
1016
1017
1011
1000
1016
1016
1030
1025
1025
1026
1032
1031
1032
1031
1038
1019
1023
1014
1016
1022
1019
1010
1027
1028
1011
1019
1018
1010
1020
1016
1014
1010
1018
1008
1014
1026
1012
1020
1025
1017
1007
1016
1018
1020
1017
1024
1024
1009
1019
1014
1016
1015
1011
1003
1006
1008
1002
1013
1002
1011
1013
1010
1016
1011
1008
1014
1018
1017
1018
1015
1018
1017
1015
1016
1028
1012
1014
1013
1014
1011
1012
1019
1020
1007
1013
1014
1014
1015
1011
1006
1014
1019
1008
1020
1007
1002
1014
1013
1007
1007
1016
1025
1015
1015
1019
1011
1014
1013
1002
1016
1014
1018
1018
1013
1027
1014
1022
1015
1024
1015
1014
1027
1018
1012
1020
1010
1019
1002
1003
1024
1011
1010
1012
1010
1022
1011
1002
1007
998
1007
1007
1018
1014
989
1010
999
1008
1004
1007
1005
1004
1007
1002
1014
1012
997
1017
1025
1026
1023
1023
1000
1015
999
1007
1012
994
1016
1013
1000
1016
1010
1007
1015
1017
1015
1019
1005
1011
1007
1011
1010
1012
1016
1014
1012
1013
1009
1008
1003
1007
1003
1009
1013
