871
884
900
900
904
914
893
908
894
902
901
905
905
914
909
913
900
895
900
901
909
903
901
918
913
909
907
900
905
917
923
907
914
916
912
913
913
911
913
912
901
906
922
923
909
918
916
911
903
905
914
915
900
918
920
916
918
921
920
923
932
923
933
944
937
950
936
954
961
949
958
960
948
945
950
954
959
955
945
957
950
954
959
958
955
952
946
948
958
956
959
960
961
961
965
955
953
951
948
955
957
960
956
958
956
958
962
960
964
956
967
949
959
963
965
967
962
967
973
966
959
958
972
954
960
961
959
957
963
957
966
954
966
972
969
971
965
945
954
970
953
967
965
958
960
948
958
948
955
949
944
950
951
964
961
946
961
959
959
957
951
959
952
966
956
956
961
942
956
949
944
943
945
956
970
954
966
960
951
971
965
966
960
962
960
957
958
961
964
984
966
983
972
976
970
969
972
971
973
972
971
960
973
963
963
966
949
962
950
958
950
962
952
968
973
952
965
963
948
961
965
968
975
975
979
970
973
965
969
975
969
976
971
975
971
967
960
975
978
974
970
967
966
963
966
970
979
973
962
963
965
965
962
965
963
971
967
964
974
966
959
963
970
967
968
976
970
981
966
976
968
977
985
989
968
978
977
988
973
979
964
969
963
964
946
955
961
962
972
966
966
970
980
984
982
966
979
973
975
986
974
977
985
988
981
998
994
994
985
995
991
989
998
991
1004
999
1002
997
990
1003
996
994
1000
993
998
1001
996
995
998
1005
1010
1012
1003
993
1000
1001
996
999
1010
1004
1005
1004
1007
1008
1002
1013
1024
1004
1008
1003
1000
1004
1005
1003
1003
998
1007
1007
1015
1010
999
1010
1002
1012
996
1014
1012
1010
1013
1014
1014
1013
1017
1004
1007
1005
1016
1001
1011
1001
1001
1012
998
990
987
989
992
997
999
1003
1011
1001
994
1002
1010
1000
1011
1010
1005
996
997
1007
1012
996
1010
1009
1010
1000
1017
999
992
990
1007
995
992
989
978
983
993
985
1001
998
1002
1005
1002
990
989
993
1006
1006
992
1008
1003
1013
1000
996
994
1003
1004
992
1009
1012
1002
1003
998
1007
1006
1002
1009
989
1003
1002
1003
1003
1004
996
1001
1002
1002
1001
1000
1006
995
1001
