876
870
880
896
876
893
895
896
902
896
907
894
907
899
896
907
892
887
891
907
912
908
904
901
908
910
905
916
907
900
912
902
895
919
904
910
913
901
889
907
900
911
902
913
922
910
900
921
900
900
905
904
900
901
901
901
909
910
907
916
910
903
905
907
898
904
902
906
907
915
912
914
904
916
912
903
918
903
909
918
908
916
920
923
917
925
929
918
921
920
917
921
928
928
925
923
921
915
916
927
919
926
920
915
941
929
925
925
936
921
923
929
922
928
929
928
929
930
925
932
929
932
927
936
926
933
926
936
929
932
924
922
913
915
928
924
922
931
948
925
945
926
936
948
935
935
931
927
927
937
934
941
941
942
925
928
914
926
936
934
925
932
925
944
941
918
926
930
941
950
943
949
943
942
954
937
953
949
945
957
947
949
942
938
941
940
926
947
950
940
939
959
952
947
951
952
955
950
951
944
954
952
950
949
968
943
942
948
951
944
943
937
944
947
957
937
942
943
938
947
944
944
947
946
945
939
937
950
953
962
952
949
944
949
945
950
957
946
938
943
944
946
953
951
948
941
957
955
949
935
941
947
941
939
940
946
942
950
945
955
951
961
941
944
942
933
942
943
940
934
948
940
955
939
944
934
948
930
936
946
954
948
954
950
955
953
943
942
931
928
945
952
954
955
955
954
951
965
955
951
948
944
951
946
950
952
953
946
942
939
936
952
943
945
945
939
941
960
939
951
949
939
933
927
941
952
954
961
951
950
949
947
944
946
953
961
959
953
963
950
968
954
945
946
943
952
960
953
948
946
950
956
957
939
942
946
943
938
949
953
946
944
948
940
952
943
949
949
956
964
965
956
957
953
948
953
955
955
951
944
947
941
952
940
960
951
946
951
947
956
946
943
951
949
951
960
957
959
952
953
962
935
935
949
949
942
955
956
956
952
938
952
951
958
954
945
942
930
933
946
932
932
943
942
935
941
934
940
944
943
937
932
935
945
936
929
940
944
935
932
928
930
932
943
932
927
917
919
928
917
930
938
937
930
945
946
948
949
941
943
959
945
942
939
940
961
945
957
955
948
938
947
948
