873
886
879
894
897
910
911
910
906
920
906
907
914
925
927
928
947
940
932
943
937
944
941
948
941
939
939
940
950
943
947
936
942
950
949
949
958
955
958
941
945
947
969
971
966
965
968
959
969
956
967
957
957
966
967
961
954
969
960
964
980
968
964
969
963
955
962
957
962
964
957
971
962
961
961
971
976
967
965
954
967
963
966
971
977
968
962
961
970
974
965
975
963
973
968
969
965
975
975
969
967
985
981
976
968
966
978
972
975
964
974
961
966
955
965
971
967
969
962
962
959
974
968
968
972
974
981
968
976
993
977
975
982
986
975
970
969
967
978
975
985
991
984
977
981
983
991
971
997
1001
999
1004
985
998
999
998
998
994
998
992
999
1002
997
992
1003
994
998
994
997
1003
986
987
985
1001
994
1007
1004
997
1005
989
991
994
986
994
998
983
984
965
978
990
987
988
985
971
973
978
986
968
969
982
966
985
989
974
983
984
987
981
977
992
982
987
983
998
989
984
993
1000
988
989
991
988
984
987
991
996
991
983
990
1002
999
996
1001
991
1001
993
996
1002
996
994
996
995
997
987
983
1001
1000
1002
994
1002
995
996
997
1002
986
995
990
1002
990
1008
999
985
989
995
980
986
984
986
982
994
987
985
996
996
1001
991
998
998
1004
997
978
986
992
999
996
999
993
999
998
993
1002
1004
995
1000
1001
1003
997
1003
994
1000
1008
996
997
1006
1007
1006
992
1001
1004
1001
991
992
981
991
992
1000
1001
993
993
987
984
990
997
986
1005
998
1007
1003
992
995
1006
991
1002
1003
1008
998
997
995
995
995
1002
993
1002
1007
998
994
993
986
988
984
996
1001
987
991
989
1001
997
1001
1001
998
996
993
995
1000
1001
994
1002
994
996
997
992
999
1012
1002
996
985
1007
992
1000
1002
1002
996
997
999
1000
990
985
999
1000
1011
989
990
999
999
991
989
992
988
992
995
989
985
984
985
989
995
991
990
1008
993
992
996
992
994
996
987
987
988
999
973
997
996
998
992
989
992
988
996
986
989
991
984
992
986
986
977
994
992
979
992
978
975
1002
990
993
992
989
984
987
1002
996
993
1008
993
997
997
985
989
988
