878
879
880
891
896
881
892
892
891
895
911
898
899
899
888
906
901
908
921
906
908
914
902
916
905
902
913
931
931
925
922
918
935
940
923
935
941
934
931
935
932
945
935
946
923
947
941
943
941
930
948
943
949
967
943
939
933
934
943
953
933
943
944
949
939
954
931
940
940
937
959
965
958
959
973
965
970
965
973
966
976
980
981
982
991
984
978
975
974
981
976
976
989
985
982
979
978
979
978
992
983
979
973
986
989
986
983
994
995
1002
995
985
989
996
1001
992
991
998
999
999
993
992
989
994
990
1008
1002
996
998
999
1006
999
1008
1010
1004
1007
999
1007
995
989
1005
999
1008
1008
999
998
995
996
990
990
988
991
993
1000
992
988
993
984
984
988
977
981
982
996
994
1000
996
1001
981
995
999
987
988
984
991
998
983
992
1001
995
992
987
989
986
988
984
978
966
982
988
979
988
975
988
982
977
988
974
989
980
975
987
996
976
970
971
974
992
988
985
975
984
979
973
987
980
981
976
987
991
977
983
975
994
989
971
996
991
988
992
992
985
981
986
987
990
998
988
997
992
973
990
978
985
996
986
990
992
993
996
997
988
1002
1003
991
995
1001
1003
998
992
998
996
988
997
992
995
995
991
1001
993
1004
999
993
1004
993
997
1002
1001
982
988
990
987
987
993
994
997
998
1005
994
989
989
992
996
991
999
996
990
980
998
995
994
998
992
995
995
999
1000
999
1003
995
1000
999
1010
998
995
1000
1002
1002
1004
1002
1006
1003
995
1002
1007
995
998
997
1005
994
1000
991
995
998
997
997
1001
1004
993
1013
1019
1012
1022
1021
1017
1020
1015
1013
1019
1017
1022
1015
1009
1028
1017
1039
1015
1019
1014
1027
1011
1016
1021
1021
1020
1028
1023
1022
1010
1008
1014
1013
1020
1026
1015
1023
1024
1019
1015
1015
1009
1016
1028
1030
1021
1016
1015
1018
1016
1026
1019
1025
1029
1022
1016
1028
1015
1021
1016
1009
1015
1012
1020
1023
1028
1020
1018
1030
1021
1022
1017
1024
1022
1026
1023
1022
1009
1007
1002
1011
1015
1005
1017
1020
1008
1015
1026
1017
1023
1023
1011
1015
1019
1016
1010
1011
1019
1013
1017
1010
1022
1015
1013
1007
1020
1012
1018
1019
1014
1023
1022
1014
1016
1017
1026
1022
