884
881
894
902
904
905
920
919
931
943
946
944
946
950
956
951
944
946
946
945
943
945
940
963
969
967
976
970
980
976
968
987
987
975
996
997
989
987
982
989
997
988
991
1002
1008
1014
1010
1010
998
1002
992
1006
1001
994
1003
980
988
984
1007
1012
1006
997
999
1014
1003
988
997
1000
1001
1003
994
997
1007
1006
994
1001
1008
990
995
983
995
1012
1000
1006
995
1008
1003
993
995
1002
1013
993
993
993
1006
1004
1012
1011
993
999
1003
1007
1013
999
992
1011
995
998
1000
996
1026
1027
1024
1022
1024
1019
1015
1023
1021
1019
1019
1010
1019
1009
1014
1010
1008
1017
1003
1010
1001
998
995
1014
1020
1022
1019
1028
1015
1024
1023
1012
1008
1013
1019
1021
1015
1001
1012
1019
1004
1015
1014
1008
1016
1021
1018
1001
1017
1011
1016
1006
1002
1003
1012
1008
1021
1022
1001
1006
1014
1012
1002
1005
1017
1017
1021
1012
1006
1012
1012
1013
1007
1017
1019
1013
1017
1016
1013
1010
1010
1005
1001
1010
1003
999
1015
1014
1013
1011
1017
1016
1018
1022
1010
1019
1015
1004
1022
1010
1018
1020
1025
1022
1021
1021
1021
1018
1025
1009
1027
1032
1027
1029
1020
1029
1024
1009
1023
1028
1026
1020
1023
1010
1014
1017
1033
1026
1032
1031
1016
1036
1027
1031
1035
1024
1022
1025
1032
1035
1036
1033
1024
1021
1028
1024
1039
1034
1047
1045
1029
1023
1027
1023
1034
1028
1036
1029
1028
1028
1026
1029
1022
1021
1025
1031
1029
1032
1033
1037
1037
1034
1030
1030
1029
1022
1030
1023
1022
1011
1022
1029
1009
1020
1011
1008
1013
1007
1017
1007
1001
1012
998
1003
1008
1002
1011
1014
1009
1012
1017
1007
1014
1016
1010
1003
1008
1018
1015
1026
1002
1016
1019
1010
1013
1009
1016
1001
1009
1002
1027
1018
1006
1014
1019
1025
1026
1017
1018
1017
1018
1029
1021
1018
1022
1023
1019
1014
1017
1006
1018
1021
1015
999
1002
1002
1010
1008
1013
1019
1016
1014
1016
1011
1012
999
998
1000
998
993
998
998
998
996
995
1002
989
992
988
998
1000
996
1002
997
1006
1004
996
999
1015
1007
1013
1003
1005
1012
1016
1016
1001
1008
1007
1009
1007
1007
995
1004
1005
996
1021
1017
1007
994
1004
997
1017
1015
1003
1018
1015
1008
1014
1000
995
1012
1005
1007
1002
1005
1008
990
1000
1007
1002
1003
1020
1004
1020
1021
1009
1013
1001
1003
1003
1007
1007
1003
996
1014
1029
1032
1028
1034
