883
881
894
883
889
893
902
895
891
898
882
889
904
894
898
899
889
890
909
905
908
906
906
916
919
921
924
929
921
909
921
923
917
909
908
908
923
918
922
916
908
913
913
921
914
915
920
915
921
904
906
927
923
926
923
915
920
920
923
932
938
935
934
938
939
950
972
954
962
961
965
960
961
956
964
964
964
961
956
958
962
960
968
964
953
969
959
964
968
974
966
955
956
963
956
964
975
979
980
985
988
982
985
992
989
972
995
981
974
995
992
989
994
985
998
991
996
992
1002
998
992
987
989
993
982
995
989
987
997
1001
993
992
995
990
990
998
986
992
993
995
982
990
1007
1002
1010
1013
1004
1014
1020
1016
1023
1014
1014
1009
1007
1009
1012
1013
1008
1011
1016
1011
1004
1006
1016
1018
1003
986
991
999
996
989
996
984
997
991
990
1006
987
998
996
986
996
999
992
999
990
995
999
1002
1006
1007
1007
1000
1003
1006
1015
1010
1012
1017
1030
1020
1016
1015
1012
1001
1014
1012
1000
1012
1003
1002
1001
1006
1017
1022
1031
1000
1003
999
1013
1005
1004
1010
1008
1015
1012
1010
1010
1006
1000
1008
1020
1008
1013
1005
1005
1006
1002
1006
1013
996
1008
1012
1007
1015
1014
1022
1008
1008
1016
1011
1014
1018
1007
1009
1014
1004
1004
1008
1009
1011
1015
1003
1001
1000
1005
1017
1005
1012
1010
1010
1007
996
1002
1014
1002
999
1001
1002
1003
998
1002
999
999
992
1000
996
994
1014
998
1009
996
1008
1020
1012
1024
1011
1005
1019
1009
1015
1011
1006
1019
1005
1013
988
1006
1001
1009
1014
1017
999
1007
1008
1010
1026
1013
1019
1021
1020
1014
1025
1019
1018
1021
1002
1016
1009
1016
1020
1013
1006
1006
1009
1030
1019
1025
1029
1011
1017
1022
1009
1027
1015
1025
1025
1024
1008
1026
1013
1011
1019
1011
1016
1008
1012
1004
1016
1009
1018
1010
1023
1018
1017
1016
1025
1016
1017
1026
1020
1030
1032
1032
1026
1018
1028
1031
1019
1026
1028
1036
1020
1021
1021
1015
1015
1011
1021
1022
1027
1011
1029
1024
1019
1027
1028
1019
1017
1040
1020
1008
1009
1008
1015
1023
1034
1029
1027
1010
1017
1023
1019
1004
1020
1018
1020
1021
1016
1020
1020
1011
1032
1023
1032
1026
1023
1026
1023
1015
1015
1017
1014
1020
1009
1012
1011
1015
1013
1018
1021
1009
1010
1016
1009
1014
1027
1015
1010
1024
1015
1017
1018
