873
885
891
885
903
898
908
910
903
897
905
889
904
893
904
909
906
901
901
899
903
903
908
906
906
918
909
899
913
923
920
928
921
919
911
916
923
924
932
927
925
928
935
933
933
937
931
939
935
931
926
930
939
935
943
939
940
943
955
954
953
936
944
947
949
948
937
937
937
952
942
941
938
948
945
955
937
958
952
951
948
938
951
954
952
942
939
946
936
931
927
941
942
943
952
941
957
940
936
936
947
941
935
940
942
942
949
943
951
942
956
938
945
952
935
943
941
945
945
949
950
949
947
943
946
934
953
949
947
935
946
955
946
941
943
941
945
937
935
953
953
940
939
948
930
950
955
952
951
947
960
947
939
945
943
940
942
948
940
939
948
936
951
939
949
954
945
951
941
935
945
950
953
950
955
949
950
937
940
937
938
940
935
942
944
953
946
943
946
944
945
951
947
943
937
937
950
953
955
959
967
954
959
945
946
943
947
944
951
960
944
943
943
949
946
941
948
966
939
936
944
950
961
952
957
944
953
949
954
950
946
950
935
938
956
947
964
975
965
972
971
962
961
962
971
953
963
966
979
978
976
975
974
979
978
981
967
970
966
967
977
974
969
974
978
967
981
986
978
973
968
980
975
993
982
989
983
973
986
974
980
975
987
983
989
974
977
986
982
984
983
983
990
1002
993
979
999
982
984
978
987
991
986
980
981
980
981
979
987
979
986
976
990
985
1001
994
1004
1001
991
983
1006
1002
1003
1020
1005
1003
1007
1002
988
997
1003
1004
1012
1012
1003
1008
1010
1006
1005
1017
994
1001
1006
1009
1007
1007
994
994
997
1003
1009
1003
1001
996
999
996
1005
1007
1002
1001
1008
1010
1003
996
1013
1008
994
995
999
1013
1010
1005
1011
1009
995
1002
1001
995
994
989
998
1002
1001
999
1003
993
998
990
1004
995
1003
1007
994
1005
1003
1008
994
1011
1004
1003
1006
1009
1016
1017
1006
1007
1002
1009
1004
1008
1013
1020
1009
1006
1014
1009
1000
1013
1015
1012
1008
1014
1010
1010
1006
1010
1011
1011
1003
1012
1000
1007
1013
1017
1011
1006
1007
1003
1012
1015
1009
1002
1004
999
1014
1007
1007
1000
1007
1009
1009
999
1010
1009
996
989
996
995
1002
