861
876
893
890
887
882
888
894
895
885
890
881
892
905
907
902
915
902
925
911
910
919
915
911
908
917
937
923
932
933
932
917
938
926
938
943
940
948
940
949
947
955
946
955
953
955
957
958
947
955
955
953
968
973
967
967
983
980
974
976
979
985
974
981
963
967
974
963
974
958
962
963
977
983
970
969
982
983
973
973
969
974
965
981
983
996
997
1001
991
987
982
991
987
984
986
982
984
981
986
1000
982
990
992
986
983
984
979
982
999
1002
995
997
991
1003
1002
998
1013
1003
1008
1002
1008
1008
1013
1014
1002
1006
991
999
995
1002
1000
1004
1001
999
1003
1006
1002
1003
1004
1013
1014
999
1001
1004
1012
1007
1002
1004
996
1010
998
998
981
1004
1003
996
1017
1008
1002
1001
1005
1008
1007
1008
1012
1015
1006
1010
1006
1007
1000
1002
1001
1006
1000
1003
1008
1001
1002
989
995
1003
1011
1005
1002
998
992
990
998
1001
996
998
1005
1002
1011
987
996
1005
1003
1007
1009
1004
1009
1001
1001
997
1002
1003
1002
996
998
1011
1002
1005
1008
994
1003
996
1001
998
990
996
999
1011
1009
1001
993
997
999
988
1005
1004
1012
1003
996
996
1001
1004
998
999
1003
1007
999
1010
998
1013
1001
1010
1005
1008
1019
1020
1019
1019
1019
1026
1019
1017
1022
1021
1018
1029
1027
1033
1021
1010
1024
1029
1038
1032
1048
1050
1037
1043
1037
1042
1049
1047
1044
1045
1042
1056
1049
1056
1041
1035
1035
1043
1045
1042
1042
1043
1048
1043
1047
1042
1045
1047
1049
1041
1042
1050
1040
1044
1041
1038
1049
1045
1036
1033
1033
1045
1044
1039
1045
1031
1047
1040
1032
1013
1030
1037
1022
1025
1041
1034
1038
1039
1037
1044
1040
1047
1033
1041
1038
1040
1040
1043
1030
1033
1036
1033
1030
1040
1044
1037
1046
1044
1044
1040
1042
1049
1037
1031
1041
1041
1040
1043
1043
1052
1038
1037
1038
1035
1035
1035
1036
1035
1035
1051
1060
1056
1054
1044
1048
1044
1046
1039
1047
1047
1053
1051
1042
1043
1031
1042
1042
1042
1036
1040
1025
1040
1045
1034
1031
1028
1033
1041
1042
1029
1038
1034
1042
1045
1034
1040
1029
1028
1036
1035
1045
1042
1045
1049
1039
1032
1042
1049
1047
1049
1045
1042
1055
1039
1052
1044
1041
1040
1041
1047
1041
1045
1045
1045
1051
1034
1039
1039
1038
1038
1034
1038
1028
1041
1036
1043
1042
1039
1043
1045
