876
875
881
872
886
876
902
905
904
905
900
904
906
921
921
907
918
914
915
921
924
931
919
913
937
932
921
925
936
934
936
927
937
936
934
930
924
948
950
939
942
950
949
953
964
942
944
950
947
960
954
954
953
952
958
961
953
951
959
949
960
959
957
951
953
960
958
954
952
957
966
960
956
966
950
958
947
946
949
961
967
968
972
971
959
979
967
966
960
965
957
977
975
970
979
975
970
968
977
959
977
975
971
977
978
969
971
967
973
969
969
977
975
955
952
957
966
980
963
972
965
971
971
959
961
968
974
969
976
980
976
969
969
968
965
959
970
974
969
976
966
956
967
956
960
972
974
973
969
969
966
972
970
969
970
975
957
955
962
965
965
964
956
966
961
966
960
971
968
970
965
962
973
965
958
970
972
966
957
969
960
962
970
970
967
969
960
962
970
964
957
959
960
956
964
964
974
967
956
961
955
960
964
970
971
965
969
975
962
972
974
971
964
968
977
970
969
971
974
962
959
959
972
975
976
984
973
983
979
996
979
981
970
985
979
973
974
968
980
967
978
991
974
977
969
980
977
979
989
975
993
983
983
985
987
972
980
983
964
969
980
965
979
984
968
966
984
981
976
968
973
973
968
981
982
964
973
982
987
984
980
971
976
969
967
986
987
999
996
990
983
996
988
993
999
996
992
993
994
993
1001
989
988
988
987
983
992
989
990
989
996
982
983
977
985
982
999
980
991
989
988
978
991
999
975
987
983
987
985
996
972
986
987
980
989
996
989
1000
990
987
994
992
983
996
994
1005
1009
998
1002
990
999
996
993
991
995
990
985
993
1000
994
986
997
986
985
989
996
1004
995
990
986
993
995
990
994
994
996
1002
998
1001
1000
995
1004
993
1001
1011
1001
1000
998
1010
1012
1007
1003
1004
996
1001
993
998
994
999
1008
993
994
986
996
1002
1003
1002
1000
1000
992
994
977
999
991
984
1004
1012
1013
1014
1016
1020
1017
1010
1012
1012
999
1017
1020
1019
1023
1019
1024
1010
1014
1016
1018
1024
1025
1017
1022
1023
1019
1019
1014
1014
1013
1016
1015
1010
1001
1016
