882
887
887
881
881
890
887
895
901
900
896
911
911
899
881
911
910
900
902
917
913
926
913
925
924
933
925
923
942
951
941
933
939
926
925
923
934
939
949
940
934
941
953
941
942
934
930
935
936
949
944
940
948
955
952
947
941
942
951
955
955
950
957
951
951
949
946
951
951
954
951
959
953
951
957
956
944
963
953
955
960
961
954
957
952
957
955
955
943
946
939
956
947
957
959
945
948
955
949
951
954
965
959
969
964
957
953
959
961
956
959
957
952
959
971
966
967
964
967
962
952
959
968
959
954
954
957
958
951
957
967
963
960
960
963
951
956
952
965
952
959
972
955
972
954
973
964
961
960
957
951
961
956
961
964
970
968
974
953
968
956
965
963
979
986
992
1002
988
996
982
981
986
983
984
988
979
1001
990
997
999
1003
997
983
982
987
985
988
995
987
983
995
990
985
986
971
984
977
978
974
974
974
972
986
985
975
984
984
984
983
976
984
972
977
977
966
983
994
990
981
994
991
994
992
991
992
1002
1007
1009
1012
1007
994
1016
1016
1017
1012
1014
1008
1002
1029
1024
1018
1019
1013
1019
1028
1025
1024
1016
1024
1008
1008
1013
1012
1013
1018
1016
1016
1020
1014
1023
1017
1016
1017
1009
995
1005
1005
1019
1017
1019
1019
1020
1010
1020
1021
1021
1010
1022
1020
1019
1016
1016
1018
1018
1011
1016
1012
1002
1007
1008
999
1013
1010
1007
992
1012
1008
1006
1004
1016
1002
997
1003
1004
1003
1007
1016
1020
1008
1020
1011
1018
1013
1022
1010
1006
1003
1002
1008
1011
1013
1017
1013
1014
1012
1007
1019
1013
1017
1010
1004
1012
1014
1011
1006
1016
1001
1005
1010
1008
1013
1015
1022
1013
1015
1007
1006
1003
1013
1020
1009
1010
1010
1014
1013
1006
1010
1013
1010
1020
1008
1007
1020
1017
1021
1012
1017
1013
1012
1012
1017
1015
1018
1006
1017
1011
1019
1015
1019
1008
1016
1006
1023
1020
1022
1021
1032
1019
1016
1016
1025
1019
1017
1016
1019
1016
1008
1020
1016
1018
1007
1018
1026
1018
1016
1020
1022
1010
1012
1015
1017
1016
1011
1020
1004
1013
1030
1020
1023
1009
1015
1012
1016
1001
1009
1015
1016
1011
1023
1018
1008
1006
1011
1024
1024
1027
1024
1021
1016
1034
1029
1031
1028
1013
1024
1031
1019
1013
1014
1010
1013
1010
1005
