876
875
879
878
880
888
885
896
884
889
898
909
910
933
941
955
957
931
948
962
956
962
955
946
956
953
961
966
963
954
950
951
941
948
942
952
951
957
953
961
949
944
950
946
943
942
963
950
958
948
948
949
952
955
950
947
949
947
961
954
943
938
947
948
937
950
945
935
945
950
955
941
954
948
944
952
931
948
959
955
964
968
966
957
964
964
972
972
961
956
965
969
975
953
961
957
963
967
954
957
970
953
962
952
951
951
956
978
958
980
967
971
963
967
973
974
972
976
994
978
984
981
995
988
977
981
987
987
975
982
990
986
985
982
987
986
989
988
979
978
989
985
996
994
991
982
986
995
1003
993
994
1001
998
989
985
992
988
1001
992
991
992
992
1000
995
1001
1006
994
1012
995
991
1001
988
992
995
1002
995
992
997
995
996
997
999
996
999
998
992
998
993
987
986
984
979
998
982
991
989
984
990
1004
996
998
985
989
1000
999
1014
1001
1015
1014
1011
1004
1007
1014
1015
1012
1011
1007
1018
1003
1016
1011
1015
1014
1018
1014
1023
1017
1011
1025
1018
1019
1013
1020
1011
1010
1005
1009
1006
1012
1007
1011
1017
1006
1021
1003
1011
1015
1037
1023
1022
1014
1023
1018
1011
1019
1006
1007
1029
1022
1023
1017
1013
1010
1023
1028
1019
1023
1005
1018
1012
1008
1010
1013
1005
1017
1022
1013
1018
1033
1016
1012
1021
1031
1022
1015
1014
1023
1030
1020
1024
1019
1011
1023
1019
1020
1011
1016
1019
1017
1013
1005
1019
1014
1017
1015
1031
1030
1027
1029
1011
1015
1018
1015
1013
1017
1019
1025
1020
1021
1020
1030
1019
1019
1018
1019
1019
1023
1010
1013
1013
1014
1014
1025
1011
1016
1010
1015
1007
1012
1018
1007
1012
1009
1022
1020
1013
1014
1027
1011
1034
1030
1025
1025
1017
1038
1027
1025
1029
1022
1038
1029
1025
1023
1018
1021
1024
1024
1027
1018
1022
1023
1018
1033
1039
1023
1036
1027
1026
1031
1029
1017
1023
1017
1023
1019
1010
1027
1028
1022
1017
1023
1017
1025
1028
1018
1028
1012
1027
1019
1026
1029
1031
1027
1031
1022
1030
1031
1029
1024
1033
1019
1023
1032
1022
1021
1026
1029
1045
1029
1022
1044
1033
1036
1034
1029
1040
1040
1037
1038
1028
1034
1030
1034
1030
1023
1018
1024
1024
1036
1030
1034
1023
1014
1022
1017
1022
1017
1013
1019
1016
1005
1013
1019
1017
1013
1016
1012
1008
1017
1008
1014
1013
1012
1018
