879
897
880
884
880
885
907
900
905
910
897
898
895
915
909
908
921
914
914
924
927
930
926
925
925
922
917
923
921
921
933
942
936
925
919
923
918
916
924
924
929
935
934
943
930
924
931
922
926
921
923
920
914
930
934
922
915
922
927
934
939
934
940
940
936
937
934
937
945
936
946
952
945
947
954
953
956
968
959
967
959
957
955
959
965
969
966
970
959
978
965
966
958
968
963
965
965
958
949
971
958
966
963
969
956
970
976
975
991
972
968
974
963
955
970
967
967
960
954
962
973
978
963
966
968
971
980
976
978
969
965
971
979
971
973
976
977
975
973
963
978
964
966
970
961
961
972
981
977
974
973
965
972
961
966
958
977
969
969
968
963
970
961
967
971
973
982
970
969
979
978
983
978
980
982
982
980
966
970
965
973
962
972
984
961
969
971
970
969
979
978
968
965
968
973
967
964
974
975
972
973
974
982
980
978
978
978
977
976
979
971
983
984
999
975
1000
987
984
981
995
1013
997
988
978
988
987
986
979
987
1001
992
992
983
993
975
997
986
987
987
978
986
977
992
990
984
980
988
992
1001
992
993
981
984
984
988
977
986
988
995
983
991
981
994
988
988
985
999
997
997
997
998
992
988
997
982
978
979
971
983
980
979
982
980
976
970
973
973
980
982
986
967
988
986
981
982
981
983
977
968
982
982
977
971
972
976
974
975
979
972
969
973
962
967
977
976
973
977
985
983
974
982
985
974
985
987
995
979
987
989
972
966
968
963
971
986
975
975
973
979
982
975
969
970
972
973
983
976
976
978
978
959
970
966
972
974
955
957
972
972
966
973
973
973
975
980
977
968
988
965
968
976
967
969
969
977
980
978
983
972
978
979
973
964
972
970
978
968
967
978
983
983
978
975
969
970
962
962
964
961
971
961
973
975
956
978
967
972
979
966
979
977
975
971
971
980
976
977
979
976
988
984
977
982
994
985
988
975
990
973
985
982
978
976
981
964
978
973
991
975
990
979
975
976
974
978
980
979
974
983
980
968
975
969
966
973
960
979
972
965
965
964
984
988
980
