879
885
892
893
891
896
899
904
912
913
903
905
899
913
914
913
917
896
910
912
922
917
924
931
930
918
933
931
931
938
936
944
952
958
970
969
964
954
942
945
966
942
954
951
958
961
966
956
958
952
969
947
955
948
945
966
969
958
954
945
957
972
964
960
961
959
959
949
958
965
962
954
958
975
967
960
970
964
958
968
966
971
970
979
968
968
972
966
965
974
983
965
969
976
987
989
974
960
966
976
970
974
977
988
992
972
983
977
982
983
986
980
973
982
979
981
974
983
982
979
988
985
985
979
967
979
983
980
979
974
980
981
982
982
991
977
984
977
981
988
982
979
979
977
982
971
975
983
979
988
979
987
993
992
990
991
990
980
983
985
998
998
1005
1010
1007
1007
1002
995
1000
1004
1000
1005
989
997
1000
1002
1002
1003
1009
1012
1003
1006
1009
1018
998
1006
997
1001
1004
995
1014
1011
1006
1012
1004
1007
1021
1019
1024
1023
1019
1017
1021
1037
1030
1029
1018
1006
1007
1020
1035
1001
1018
1005
1015
1011
1015
1026
1013
1016
1021
1019
1014
1015
1008
1008
1015
1020
1003
1022
1009
1018
1023
1020
1015
1006
1010
1007
1016
1025
1018
1017
1021
1015
1020
1014
1022
1021
1008
1017
1016
1020
1023
1015
1018
1010
1008
1016
1010
1016
1022
1023
1026
1021
1018
1021
1030
1021
1017
1014
1006
1004
1011
1004
1010
1019
1016
1013
1017
1028
1014
1030
1025
1027
1037
1028
1020
1019
1019
1028
1022
1014
1024
1029
1026
1024
1021
1021
1024
1030
1024
1031
1024
1022
1019
1020
1019
1026
1010
1015
1011
1017
1026
1023
1006
1016
1014
1018
1020
1026
1011
1013
1017
1019
1011
1014
1016
1018
1022
1018
1019
1016
1015
1019
1015
1013
1018
1023
1023
1017
1015
1018
1022
1022
1021
1020
1022
1019
1020
1010
1003
1018
1012
1011
1022
1012
1016
1017
1028
1010
1016
1018
1015
1009
1025
1013
1018
1009
1010
1017
1022
1019
1024
1015
1012
1016
1018
1020
1018
1013
1012
1011
1017
1022
1015
1013
1013
1021
1010
1014
1016
1013
1012
1012
1014
1015
1013
1009
1004
1004
1011
1016
1016
1011
1018
1017
1013
1018
1029
1008
1020
1017
1026
1010
1013
1022
1024
1005
1021
1019
1022
1016
1021
1022
1024
1025
1008
1016
1014
1003
1023
1031
1020
1030
1031
1017
1011
1017
1009
1015
1008
1012
1026
1006
1006
1015
1017
1011
1020
1026
1033
1020
