881
881
889
897
880
902
900
911
911
899
903
916
911
904
910
912
918
931
924
936
926
920
921
922
934
921
926
929
924
930
927
921
916
934
928
930
925
940
948
951
944
940
943
941
951
941
943
926
939
948
947
951
943
951
951
944
955
946
936
939
939
957
955
939
957
954
942
944
947
948
943
951
943
951
957
946
947
940
940
955
955
955
960
958
965
961
947
950
949
948
954
969
969
972
975
964
967
987
978
983
972
985
977
983
984
966
982
978
972
968
979
986
968
989
977
970
969
984
972
974
982
972
976
981
975
979
972
973
972
970
985
976
972
982
985
982
984
996
984
988
998
1001
990
988
987
986
988
985
988
981
1000
985
982
994
1003
1009
1004
1011
1012
1012
1006
1011
1005
1009
1006
1001
1009
1018
1013
1004
1013
1006
999
1002
993
1000
1007
995
999
992
987
1004
995
998
989
1000
1000
991
1005
1008
1001
992
993
995
999
989
1003
1009
993
997
989
995
993
999
999
997
996
998
989
997
998
999
1008
1008
1012
1003
1005
1010
1011
1009
1003
998
1010
1030
1012
1020
1010
1008
1002
1000
1008
1003
1019
1007
999
1003
1018
1011
1011
1008
1001
1016
1022
1012
1010
1005
1004
1004
1005
1004
1010
1010
1015
1018
1008
1015
1024
1008
1017
1002
1002
1000
1014
1010
1016
1015
1002
1013
1005
1002
1010
1011
1015
1002
998
996
994
999
999
1010
1003
1001
1001
1016
1002
995
997
1007
1009
1006
1009
1009
1002
998
1008
1008
1011
1003
1009
1014
1009
1014
1003
996
994
998
1015
1003
1019
1010
1006
1000
1008
1009
1007
1004
1008
1012
1008
1010
1011
1012
1001
1012
1008
1009
1017
1015
1012
1016
1010
1015
1007
1003
1011
1013
1009
1014
1023
1015
1010
1020
1007
1007
1008
1006
1008
1003
996
999
1007
1012
1008
1011
1001
1011
1017
1013
1009
1014
1002
1010
1004
1012
1001
1004
999
1002
1004
1000
1002
1014
1003
996
1005
1018
1011
1003
1009
1007
1007
994
1001
1002
1014
1009
1010
1003
1003
1009
1008
1013
1025
1025
1008
1019
1010
1012
1005
1022
1015
1020
1023
1018
1017
1015
1014
1011
1011
1007
1012
1013
1013
1015
1015
1007
1002
1014
1020
1015
1012
1021
1014
1006
1012
1008
1017
1019
1023
1008
1002
1014
1007
1007
1004
1019
1022
1013
1009
1009
1009
1003
997
1007
1002
998
1006
1007
1000
1002
1003
1002
1011
