881
873
877
892
895
906
894
890
887
911
904
906
916
923
938
939
931
940
946
950
943
941
938
942
951
953
952
951
958
949
962
960
963
971
977
980
970
971
963
960
958
965
977
964
973
972
980
968
967
968
964
966
965
982
965
962
972
972
967
961
966
956
966
973
972
970
969
963
978
977
963
971
970
974
980
968
976
964
963
961
950
972
964
958
962
965
971
957
972
975
971
970
976
977
966
963
966
964
974
970
960
966
968
964
965
959
957
962
958
969
980
971
975
967
963
946
964
967
981
970
954
965
957
956
965
968
963
966
975
972
970
959
960
953
986
965
956
959
971
974
971
974
964
966
972
967
959
962
952
960
982
983
974
965
971
983
983
968
966
953
976
973
974
976
977
967
962
965
967
975
965
955
964
958
969
974
968
965
971
972
970
976
976
973
978
980
975
965
978
970
976
972
975
969
967
970
968
959
973
969
974
972
974
974
966
972
955
968
962
957
957
963
964
959
953
961
963
961
964
962
967
957
960
960
950
951
957
966
961
966
956
965
968
959
962
961
961
951
965
965
960
962
944
970
961
963
964
964
965
962
946
956
955
955
959
955
970
946
945
953
964
964
954
959
953
957
949
937
954
967
963
960
970
964
964
968
960
964
966
968
981
980
971
964
981
963
964
975
968
954
956
965
966
963
968
967
971
971
977
967
973
969
962
962
965
951
954
973
967
960
966
964
963
957
968
956
956
956
970
966
977
969
963
973
974
969
967
968
963
967
955
962
975
977
965
962
960
952
965
962
961
967
959
962
963
969
972
967
971
965
968
968
962
949
960
980
963
962
976
966
971
956
973
958
967
969
979
984
974
989
976
975
980
960
965
976
980
979
989
976
974
968
979
978
982
975
981
986
978
970
977
973
978
981
971
987
979
974
980
975
973
987
975
985
986
986
981
972
965
972
971
977
971
970
967
977
971
972
978
955
967
972
959
961
977
972
971
967
966
964
963
968
970
977
961
980
981
977
972
971
959
974
979
961
973
972
968
973
983
971
973
967
977
977
972
970
968
976
