874
875
903
901
914
913
902
908
922
912
913
920
927
941
955
937
953
945
951
958
977
978
965
976
979
974
977
969
983
984
972
972
978
984
985
986
975
992
978
974
988
980
990
982
979
980
975
968
986
988
980
975
973
977
975
978
982
987
990
985
978
988
980
973
981
980
989
988
988
984
985
981
980
983
986
985
988
987
976
987
979
980
984
984
986
993
994
992
991
991
999
995
991
979
989
994
998
987
999
1001
991
996
990
997
992
997
989
982
997
991
993
989
998
994
993
995
1009
1009
1023
1018
1032
1012
1016
1020
1021
1023
1010
1024
1017
1028
1025
1019
1017
1020
1014
1022
1018
1017
1014
1022
1021
1023
1019
1011
1009
1006
1002
1027
1027
1035
1026
1028
1027
1055
1048
1047
1036
1039
1045
1045
1045
1061
1042
1048
1048
1044
1041
1048
1044
1049
1045
1059
1047
1045
1033
1048
1045
1051
1052
1056
1054
1047
1045
1062
1066
1048
1044
1043
1047
1044
1040
1050
1038
1043
1040
1061
1056
1046
1045
1042
1053
1049
1056
1041
1046
1050
1044
1044
1049
1038
1037
1044
1052
1046
1042
1050
1041
1052
1048
1034
1060
1055
1055
1055
1038
1047
1041
1051
1045
1048
1048
1048
1041
1047
1051
1044
1046
1040
1044
1042
1056
1044
1044
1042
1031
1040
1040
1042
1040
1049
1034
1058
1054
1055
1041
1041
1043
1035
1047
1040
1051
1046
1032
1044
1039
1037
1029
1036
1031
1050
1036
1035
1035
1039
1041
1043
1040
1045
1051
1045
1049
1040
1044
1053
1055
1052
1054
1055
1047
1041
1041
1042
1047
1049
1055
1042
1041
1050
1051
1052
1052
1050
1049
1053
1060
1047
1031
1041
1034
1047
1047
1042
1046
1046
1038
1037
1046
1043
1038
1044
1039
1035
1034
1037
1033
1032
1037
1034
1038
1031
1021
1039
1044
1032
1038
1034
1036
1028
1036
1046
1043
1044
1038
1046
1049
1031
1045
1048
1047
1048
1039
1050
1039
1049
1047
1036
1043
1054
1042
1043
1055
1042
1037
1050
1041
1050
1040
1054
1040
1056
1041
1036
1038
1036
1041
1045
1038
1035
1042
1045
1047
1036
1042
1040
1042
1038
1041
1044
1048
1046
1048
1041
1053
1051
1048
1043
1046
1043
1046
1047
1049
1058
1061
1056
1052
1061
1047
1058
1046
1042
1045
1049
1038
1048
1045
1043
1055
1043
1046
1046
1046
1052
1059
1054
1052
1057
1064
1051
1055
1060
1056
1062
1058
1053
1050
1054
1042
1044
1048
1043
1046
1047
1049
