874
881
890
893
889
903
896
891
897
900
905
892
902
899
909
889
902
907
900
907
913
915
921
929
926
916
919
913
920
930
933
930
948
947
950
944
944
957
944
952
958
950
950
946
954
949
947
948
947
943
940
936
937
938
928
939
944
948
954
934
943
941
951
946
954
958
946
961
964
963
958
975
974
958
957
965
968
962
963
961
965
973
970
966
965
964
961
967
976
979
979
975
982
965
978
980
981
989
971
975
977
973
971
983
981
985
969
971
965
970
983
969
960
967
970
970
959
960
964
961
955
949
963
990
979
974
974
960
971
958
970
973
966
986
976
975
972
963
970
970
965
968
975
967
966
973
967
972
972
969
963
971
971
964
962
969
978
974
977
966
972
978
975
978
987
977
968
979
974
980
971
977
979
989
985
982
997
986
987
989
979
976
976
975
981
980
978
977
983
975
975
972
975
982
980
969
977
976
972
977
968
978
981
973
974
980
967
973
973
969
964
975
976
970
966
958
972
965
980
973
977
972
981
973
973
976
974
964
957
958
969
972
970
973
957
977
968
966
967
970
967
976
965
983
982
967
967
968
985
975
959
972
962
973
969
968
966
970
958
956
962
959
957
962
954
958
953
962
963
964
962
957
978
973
978
967
981
979
973
976
974
968
960
964
965
967
963
979
968
971
975
976
971
969
964
968
956
968
982
977
972
957
958
958
970
974
972
969
969
973
972
971
971
972
976
980
979
970
969
970
973
971
987
989
972
976
983
980
966
955
979
972
975
967
954
972
969
965
970
976
978
969
971
960
974
976
994
975
976
973
980
985
987
974
978
977
989
979
979
981
981
979
973
982
968
980
972
975
973
988
988
994
996
987
989
986
994
997
997
1002
1000
1008
994
995
1005
1006
1006
996
999
987
995
987
988
989
996
1001
986
996
1006
1002
998
1012
1004
998
1002
1003
1000
1001
989
1000
1006
1002
992
1000
1004
1001
1002
995
998
1006
1001
1013
999
1009
1009
1004
1007
1007
1011
994
1005
1010
1010
994
1001
1001
994
999
993
1002
1007
998
999
1010
1001
1012
987
1004
1001
995
999
990
991
974
987
992
998
991
996
