504
504
505
503
504
506
505
503
505
508
504
504
505
506
500
501
500
503
500
503
505
502
505
503
504
508
506
504
506
503
503
505
501
498
505
499
505
504
507
502
502
505
506
505
505
502
508
502
508
504
504
507
505
502
504
505
507
506
501
505
506
504
504
503
504
505
506
507
504
507
504
504
509
509
505
508
510
505
506
506
507
509
508
508
506
508
511
507
505
509
510
508
507
510
511
512
511
510
510
510
511
507
509
512
510
507
510
508
510
506
502
505
501
508
508
506
511
504
507
506
509
509
506
510
506
506
512
506
510
510
509
510
509
508
511
507
509
507
509
509
506
505
509
508
510
511
505
505
509
510
509
508
507
510
508
506
509
505
510
511
506
506
511
511
506
511
508
510
507
508
509
506
507
510
511
511
510
506
506
504
505
505
503
505
506
509
507
509
508
507
509
505
506
504
507
509
510
507
505
506
505
508
510
504
508
509
509
508
508
505
507
502
505
508
509
509
510
505
505
505
506
508
511
509
507
507
510
511
508
508
510
508
509
505
507
509
507
506
508
506
503
505
507
507
503
506
504
510
505
502
507
507
505
