666
670
669
667
669
672
672
675
669
678
670
664
664
671
669
676
669
679
671
673
670
673
673
672
675
668
665
678
675
672
674
674
672
678
668
673
668
669
672
673
674
664
670
668
671
673
667
668
676
673
672
673
671
676
662
670
669
673
670
672
665
669
672
668
671
669
668
670
667
670
669
669
669
669
672
672
674
670
667
673
676
675
673
671
672
668
673
668
670
673
670
664
668
670
671
668
663
664
668
668
663
667
669
667
667
672
670
670
663
666
667
668
667
670
672
662
668
671
674
667
672
673
671
674
670
674
675
670
672
668
668
672
672
668
675
676
673
672
671
671
671
670
670
666
665
668
672
667
670
665
670
671
672
667
676
667
661
665
669
670
670
669
672
671
666
676
674
672
668
672
669
671
671
670
670
672
669
674
674
673
674
667
667
673
669
673
668
674
673
670
676
677
668
669
667
671
673
672
674
668
671
674
673
671
670
671
675
659
666
673
668
673
670
671
672
675
674
675
675
674
674
674
673
671
668
670
669
671
668
673
670
675
670
673
672
673
675
674
672
674
670
669
671
668
668
675
673
669
673
671
670
669
671
675
673
667
671
667
674
676
670
674
670
672
676
677
665
676
673
673
668
