671
663
668
667
665
670
675
669
673
672
665
665
667
670
671
674
670
674
669
674
671
670
672
670
673
673
673
673
671
671
671
674
673
667
671
672
667
669
666
677
673
672
674
675
668
673
674
666
674
673
670
673
670
672
672
672
670
672
673
671
674
667
666
667
666
669
670
667
669
673
669
666
668
668
669
669
675
669
669
668
675
674
670
668
673
676
672
666
666
673
668
675
666
671
672
669
670
672
671
665
672
669
672
666
669
667
675
672
666
664
667
668
674
669
668
675
675
666
673
670
668
673
668
665
669
671
672
672
668
672
667
670
670
674
671
672
670
675
672
675
675
672
668
667
669
669
663
670
667
673
671
672
672
670
671
667
667
665
672
662
670
671
675
674
673
672
669
671
673
669
670
672
674
674
671
670
667
673
679
668
665
667
677
674
668
664
672
669
672
671
676
673
675
668
673
668
673
673
675
672
672
674
671
676
673
671
668
673
673
670
674
675
674
674
674
678
674
676
673
674
674
674
670
670
674
671
669
668
671
668
668
667
666
671
671
675
671
667
676
669
668
673
675
675
665
672
670
670
668
668
670
674
670
672
673
672
668
672
669
675
668
674
672
673
674
670
671
671
668
668
671
668
