668
669
661
664
665
667
669
671
672
668
671
670
671
672
668
672
671
668
676
669
672
670
668
671
666
668
666
665
667
662
668
673
672
675
668
668
667
669
673
672
673
672
669
671
673
668
665
672
667
663
668
669
672
667
675
669
673
669
676
671
674
668
669
670
661
669
671
673
663
672
668
670
665
667
669
671
674
673
674
670
668
671
673
666
666
668
670
670
673
673
669
667
664
670
674
670
675
671
670
677
671
664
670
672
670
671
673
674
676
674
677
674
668
673
670
671
671
670
669
673
670
674
670
668
670
675
671
670
664
671
673
676
673
670
671
669
671
674
669
671
673
672
669
671
668
668
671
666
669
671
666
668
664
661
670
667
668
668
668
666
669
665
665
661
660
667
669
674
678
665
672
666
668
673
662
670
671
673
674
668
672
668
674
678
673
671
673
670
669
675
676
672
673
675
673
677
673
674
673
669
671
674
670
674
671
676
672
669
670
668
667
666
676
668
677
676
675
671
675
666
665
673
675
674
668
675
674
672
674
674
671
674
666
674
670
666
670
677
674
