666
666
672
676
672
667
667
669
666
674
675
670
675
674
671
669
670
668
667
668
672
661
669
674
667
670
672
663
674
666
667
671
673
677
669
673
669
674
672
669
666
669
669
668
672
672
669
664
672
666
672
668
662
667
667
664
664
663
672
669
666
665
665
663
663
669
667
675
670
671
671
670
674
675
674
675
670
668
673
668
669
673
675
674
662
667
668
673
667
670
669
673
669
674
671
672
667
669
674
667
667
662
662
673
673
673
670
673
665
666
667
669
674
667
673
674
669
670
672
663
676
669
668
670
674
670
667
672
674
670
666
669
669
670
671
671
672
674
673
671
668
674
672
674
674
663
669
668
668
667
667
666
667
672
665
667
666
667
671
671
671
667
665
671
676
665
665
675
670
671
667
671
671
671
665
672
667
671
668
667
668
671
673
668
667
669
671
661
667
669
671
673
668
670
673
668
666
667
667
672
665
667
670
668
671
673
673
672
675
660
664
671
675
669
672
670
672
672
672
668
674
669
674
675
668
667
675
674
669
679
669
668
668
674
673
662
670
668
671
675
669
673
678
672
671
673
665
673
673
