669
669
662
660
676
676
670
672
666
674
675
670
675
673
670
674
668
674
671
671
674
673
670
674
671
675
674
671
667
677
677
671
671
675
671
667
669
668
674
674
674
665
669
671
668
674
669
673
667
669
663
662
666
667
668
668
668
661
669
662
671
663
667
671
673
664
671
668
675
668
670
676
668
672
670
670
672
672
672
671
671
677
672
670
672
673
674
669
670
672
666
672
667
674
670
670
674
672
669
670
663
673
668
673
670
674
673
671
663
671
669
676
672
674
668
672
663
670
667
665
666
666
665
674
673
669
672
669
675
672
672
671
673
668
667
668
671
669
663
666
665
673
671
672
672
667
666
671
673
669
668
670
666
673
672
665
665
671
668
670
671
672
673
677
675
674
667
671
675
669
669
669
669
673
674
670
670
667
669
669
668
673
669
671
672
667
671
674
676
670
669
673
670
672
672
669
668
669
671
671
677
672
673
668
670
675
674
674
678
673
676
676
677
673
668
676
675
672
670
676
665
671
674
672
677
677
673
674
666
668
669
660
675
672
660
666
665
668
663
667
667
674
675
670
669
672
671
670
673
670
669
663
668
671
