740
738
740
742
743
734
741
737
738
739
741
737
740
736
740
742
739
736
742
739
738
742
741
736
739
739
740
739
743
738
740
743
739
742
740
740
739
740
738
740
737
740
740
738
737
740
739
737
738
738
735
740
740
740
738
738
738
741
739
738
736
739
738
741
738
740
734
738
738
732
744
740
741
736
739
741
736
737
735
741
742
738
741
736
738
741
738
735
741
739
738
740
739
738
739
738
739
738
742
740
739
738
742
737
738
738
737
739
736
740
740
736
739
740
737
737
737
737
740
739
737
740
739
737
741
738
734
739
739
737
738
741
739
738
739
738
740
738
738
738
738
739
736
740
735
738
738
732
738
731
740
743
737
742
741
738
736
741
739
737
737
735
740
738
737
740
738
739
738
737
739
739
738
743
736
737
735
740
740
743
737
738
740
741
736
743
739
733
736
739
743
740
738
737
738
739
743
737
741
740
734
739
740
738
740
739
742
740
741
733
740
741
737
736
740
738
739
739
740
737
737
741
741
737
740
738
739
738
741
737
735
741
740
739
742
739
740
740
737
739
737
738
740
740
740
741
737
739
740
738
738
738
739
738
739
