736
738
740
739
737
739
741
736
737
741
735
741
741
738
737
739
741
739
737
739
740
737
738
738
737
740
734
740
738
739
738
738
737
739
735
742
737
742
740
734
735
739
744
741
739
741
734
740
740
743
743
739
737
737
736
742
736
739
735
741
739
740
739
742
741
736
737
736
739
738
739
737
738
740
741
738
739
736
735
740
739
742
738
738
739
735
735
741
738
734
742
741
740
739
738
738
738
736
739
736
738
738
740
737
733
738
735
732
740
738
738
739
741
741
739
735
739
740
738
736
740
739
739
734
734
734
741
738
740
744
736
738
740
738
736
740
741
736
735
740
737
738
740
736
740
740
740
735
742
739
738
733
736
741
738
739
735
737
737
738
743
739
741
735
739
737
738
735
738
738
739
738
740
741
738
742
741
740
737
738
740
736
738
737
741
738
738
744
738
737
738
740
731
742
740
736
738
737
741
737
740
739
740
741
739
738
742
739
740
736
740
740
739
740
736
738
735
740
738
736
740
739
738
737
737
740
739
735
738
740
740
741
740
737
740
740
737
738
740
740
737
