739
740
740
735
739
743
739
738
737
736
740
735
739
736
738
738
739
741
739
736
738
731
739
736
737
742
734
738
739
740
740
739
736
739
738
739
738
740
738
737
738
737
738
735
738
734
739
738
738
739
741
741
738
736
740
734
740
736
742
738
741
738
737
739
739
737
739
734
738
735
741
742
739
742
735
739
740
740
735
734
733
735
739
738
738
738
736
738
739
740
739
738
738
737
738
736
734
737
738
736
741
739
736
741
737
738
741
742
739
740
735
736
736
741
737
742
738
740
737
741
735
739
739
738
740
744
744
743
742
742
743
738
739
734
741
741
736
741
736
739
736
738
742
742
736
732
740
740
739
739
742
738
741
740
742
739
742
736
743
739
738
739
742
741
740
742
734
739
740
742
740
739
739
732
736
739
736
741
736
739
741
738
728
735
741
736
736
740
738
732
741
733
735
740
738
739
736
740
735
738
739
736
738
738
737
736
740
741
741
736
739
739
741
731
740
736
741
740
742
741
739
740
740
738
738
736
737
742
735
740
741
738
736
742
739
739
740
738
737
740
737
741
738
738
735
739
737
740
738
744
741
741
738
740
743
