739
739
737
742
736
740
732
742
735
739
739
739
732
738
735
739
737
738
740
740
739
741
737
739
742
740
739
736
740
736
738
738
738
739
734
735
738
740
738
739
741
742
738
739
740
738
737
740
740
741
739
739
737
733
740
740
736
740
739
739
741
735
741
736
740
734
741
735
742
737
733
738
732
738
736
742
740
740
737
738
738
740
739
740
739
739
738
736
741
739
739
735
736
741
740
741
743
738
743
741
740
743
736
740
740
736
737
743
739
740
738
739
742
742
739
740
740
740
731
735
740
740
742
738
739
735
738
738
742
738
734
738
734
736
739
735
737
739
741
737
736
739
738
740
736
738
738
741
742
735
740
743
740
740
737
736
739
737
739
733
739
736
743
740
741
741
738
740
740
738
740
740
738
741
739
737
734
740
743
738
739
740
733
739
740
741
739
740
737
737
739
739
738
737
737
736
738
741
739
736
738
736
734
738
738
741
738
741
739
741
739
741
739
736
740
740
740
737
737
739
739
735
735
741
739
739
733
735
737
740
740
740
737
737
738
737
739
739
741
738
733
739
736
741
736
741
739
741
739
735
741
