742
741
735
741
738
743
738
740
742
740
737
735
738
738
737
740
733
731
736
739
736
738
738
738
738
738
740
737
736
739
740
734
741
736
738
734
741
740
738
739
741
732
735
737
739
738
744
738
736
733
738
740
741
740
742
734
738
740
742
736
734
738
739
738
738
736
739
735
741
736
738
740
740
736
739
739
742
738
740
739
737
742
738
741
741
740
739
738
739
737
740
739
737
737
738
737
738
737
741
741
740
739
735
738
740
740
743
742
738
740
739
736
737
737
739
742
742
742
737
741
737
738
741
740
737
736
742
741
736
741
735
742
742
735
734
738
742
739
741
738
736
741
740
741
738
740
738
738
737
739
741
736
740
741
740
737
740
738
741
739
735
739
737
741
739
740
741
738
737
740
736
739
737
737
736
738
738
736
738
740
740
737
741
740
738
738
738
739
736
734
736
738
739
739
734
738
737
739
736
740
739
740
738
733
736
739
738
736
738
735
738
740
741
738
737
740
738
734
741
740
739
739
736
739
742
735
735
736
738
742
737
740
741
737
738
738
737
736
739
739
737
737
736
