519
522
520
523
522
521
521
524
523
519
517
518
524
522
526
521
524
523
523
524
525
534
533
528
530
526
527
534
532
532
531
533
529
533
533
532
525
530
531
532
533
533
526
531
530
526
533
525
525
530
531
528
529
533
529
533
529
532
533
532
537
538
533
536
532
529
533
532
527
528
531
534
536
532
532
534
530
525
531
531
526
525
527
525
535
527
528
531
537
526
534
530
531
532
531
532
528
534
529
530
533
533
531
529
525
523
529
528
530
534
529
529
532
531
531
529
532
523
533
530
529
535
536
538
540
533
534
536
538
536
538
536
538
530
532
534
530
531
534
530
531
534
533
534
536
538
535
531
538
532
533
536
534
537
532
534
534
535
536
534
534
535
533
532
538
532
533
534
529
538
536
533
533
533
535
535
537
533
531
536
538
540
538
540
537
538
539
548
549
543
543
546
544
538
543
544
543
543
544
540
538
543
546
542
543
537
541
546
540
541
540
543
538
543
541
546
544
544
544
544
540
546
542
541
538
544
540
541
538
546
541
541
541
543
537
542
543
542
538
543
542
539
533
539
540
535
536
538
539
535
541
540
537
