511
517
513
521
518
525
518
524
525
530
528
533
532
532
530
535
534
536
529
529
527
535
527
532
535
527
529
531
527
529
526
527
532
535
527
532
530
527
522
529
529
531
526
531
531
531
528
527
529
535
529
535
540
539
540
542
539
542
542
535
539
537
543
539
535
532
544
537
528
534
536
541
535
533
532
538
537
533
535
535
544
539
545
546
537
542
546
535
544
542
534
534
542
544
539
537
543
540
546
540
531
540
539
536
535
537
540
545
546
541
541
543
538
541
539
536
536
531
534
531
533
531
534
534
534
533
539
533
538
544
532
538
547
546
545
542
549
547
555
541
540
537
531
534
537
536
534
535
534
529
533
538
542
536
541
542
540
538
545
540
539
544
543
538
541
546
548
546
542
548
539
531
541
537
538
541
535
539
533
534
541
543
540
538
541
545
540
541
539
539
539
541
540
532
534
531
532
535
533
531
539
540
539
538
531
533
536
530
535
540
533
533
542
536
542
539
537
542
540
541
535
540
535
536
535
530
530
529
533
533
532
531
530
532
541
534
541
534
543
540
538
542
537
538
544
543
536
529
537
538
538
539
528
530
532
530
530
530
531
