516
511
509
519
516
522
523
533
538
538
530
530
538
539
545
541
537
538
536
543
546
549
547
550
546
532
543
536
545
543
547
541
547
543
545
543
543
542
541
542
542
547
532
535
538
544
551
551
547
549
543
542
542
541
538
540
538
547
549
544
542
541
536
540
534
534
537
541
533
537
539
531
542
543
539
539
543
545
534
535
540
536
538
542
543
543
539
551
547
544
543
554
548
549
549
549
541
544
541
545
548
543
551
547
549
544
542
544
544
547
542
549
543
543
541
539
549
534
544
541
539
540
536
540
540
537
543
543
546
545
545
545
539
548
549
540
546
551
550
540
536
540
536
540
546
540
547
535
543
538
544
543
542
543
537
542
536
538
537
544
539
535
543
543
542
545
543
546
546
541
539
550
545
544
541
540
546
547
549
546
545
538
543
543
537
547
545
548
545
546
551
539
540
549
549
548
547
555
547
542
550
545
544
548
535
549
551
551
552
550
543
539
541
547
548
544
548
541
542
537
533
540
546
547
540
549
544
551
544
545
548
547
545
545
545
550
546
542
543
545
544
539
535
533
541
545
545
544
548
546
545
537
545
544
543
546
548
552
549
548
547
544
548
535
546
542
546
545
548
541
549
545
538
549
552
548
551
545
551
554
539
544
541
539
546
541
546
