512
512
510
521
528
530
539
529
531
536
530
537
528
533
533
533
535
542
540
534
525
537
528
532
531
534
534
527
529
536
522
532
527
523
526
538
546
542
542
540
543
544
533
535
539
530
522
532
531
528
531
524
526
536
535
537
530
532
535
541
532
539
536
541
541
536
539
533
539
538
525
535
536
533
530
532
534
538
531
533
529
532
527
523
525
528
524
527
535
527
529
530
520
526
525
533
535
539
540
542
537
535
540
524
534
533
534
529
530
529
531
534
540
528
534
527
530
529
530
528
523
535
531
533
533
530
529
536
529
538
544
529
538
535
535
533
530
530
534
523
532
526
534
528
534
539
537
525
529
529
534
530
539
534
536
543
528
533
539
537
538
534
533
536
543
536
531
535
527
531
534
534
541
537
541
539
540
545
549
547
553
538
547
546
535
540
541
540
540
545
549
544
543
538
539
541
542
543
548
540
541
541
546
548
546
541
541
544
537
542
540
545
539
548
542
542
550
536
541
540
532
530
543
541
543
541
539
525
532
529
536
533
538
532
535
538
540
537
545
542
533
538
548
538
536
539
548
549
546
538
543
549
546
540
530
536
536
534
