509
526
522
523
542
537
531
537
534
538
529
532
528
538
531
536
535
534
530
537
538
538
533
526
528
530
538
536
538
542
535
542
536
542
534
537
542
541
534
535
543
542
542
536
540
536
545
539
532
535
535
542
538
533
539
535
538
537
536
545
543
531
538
539
539
544
544
538
542
550
547
541
543
539
541
538
535
536
537
541
544
537
537
540
534
533
529
534
532
537
531
533
532
535
537
537
535
538
538
532
536
533
538
532
535
541
530
534
540
534
539
542
546
545
545
543
549
547
541
545
543
540
539
536
540
539
536
547
542
537
540
533
540
539
539
540
537
545
543
539
539
544
543
545
545
547
543
537
541
545
539
537
543
541
542
542
541
540
535
541
545
548
542
548
540
541
549
543
546
549
547
543
542
537
537
536
542
544
541
533
536
542
538
532
543
540
529
530
537
535
533
535
534
543
531
535
538
544
544
546
541
538
539
538
540
537
541
543
547
539
552
544
546
542
544
547
545
541
538
535
530
540
539
544
544
541
545
540
534
545
546
545
540
538
542
541
543
544
545
546
539
550
540
544
540
540
537
543
536
540
543
543
541
541
536
525
533
529
532
534
540
530
536
535
544
537
542
532
543
544
544
540
