504
513
511
512
524
517
515
512
515
509
517
516
520
525
524
517
521
527
535
523
519
535
524
522
517
525
526
525
531
531
536
541
540
533
531
537
540
527
537
535
537
525
533
533
537
530
529
534
524
523
533
536
533
533
537
534
534
536
539
539
530
531
537
537
535
540
540
537
540
542
534
537
533
530
528
528
529
532
530
533
526
530
537
535
528
532
538
540
541
539
539
546
540
543
531
541
537
539
543
540
534
545
551
553
549
552
551
549
548
538
538
534
541
543
551
538
540
541
541
541
538
539
538
539
539
535
536
544
544
530
541
539
544
545
537
536
541
543
543
543
546
537
546
547
546
548
549
542
535
541
543
537
550
545
543
538
542
538
540
546
543
543
541
542
542
537
554
552
548
544
544
542
539
534
540
542
548
544
550
541
549
551
542
544
541
538
537
541
544
541
543
553
543
539
537
543
545
547
541
539
541
543
543
550
544
551
546
549
544
542
541
541
551
544
545
543
543
544
541
540
543
550
546
548
547
544
549
545
545
544
542
545
547
545
543
546
544
550
545
552
549
551
549
547
548
547
555
549
549
542
544
545
543
542
543
546
546
548
541
550
550
539
543
546
552
550
544
548
537
547
538
543
550
545
547
544
