504
511
523
522
529
522
532
532
542
539
543
536
539
540
535
537
531
529
533
537
532
530
520
534
531
527
530
529
531
534
530
533
537
537
539
546
546
545
545
537
546
543
539
542
537
547
546
545
546
544
547
546
546
554
539
540
540
534
535
537
540
536
534
535
549
546
544
547
543
551
546
535
545
542
543
543
548
549
543
542
549
548
548
548
548
551
551
546
547
545
550
552
548
551
548
543
551
550
547
552
553
548
542
545
537
549
544
549
548
547
553
551
545
546
546
545
546
544
551
544
549
551
547
552
556
551
551
552
553
543
547
550
549
544
547
546
549
547
548
547
545
545
547
552
544
542
543
544
539
550
534
541
540
544
548
547
542
548
548
548
552
549
547
555
557
552
553
547
546
547
548
551
549
545
550
545
546
544
545
551
553
549
542
547
547
551
549
543
548
549
542
550
550
543
547
552
547
547
554
546
553
550
547
548
553
555
546
546
552
548
542
549
547
544
545
542
548
550
558
552
552
552
550
553
548
551
559
550
554
544
548
546
538
548
552
552
553
549
548
551
542
551
543
546
537
550
546
547
554
546
552
549
542
550
548
548
544
547
548
556
551
550
556
540
548
548
540
542
541
547
