511
520
516
522
526
534
532
534
527
538
534
535
529
535
538
546
549
543
546
546
544
545
537
540
543
547
552
544
546
545
540
543
538
540
547
539
544
540
545
542
547
546
545
539
543
546
538
542
539
544
538
539
541
533
546
538
528
533
538
543
548
545
548
549
536
545
542
542
547
547
547
543
548
544
548
545
545
551
539
550
542
545
549
551
549
552
544
549
548
552
545
548
549
550
541
546
543
544
543
542
545
544
550
548
545
545
546
545
537
550
543
546
543
550
550
546
549
551
547
541
544
543
548
536
547
549
546
546
548
552
550
543
555
544
547
545
551
548
547
550
549
545
540
550
543
547
544
545
545
547
543
541
547
548
546
549
549
548
548
549
548
543
548
543
545
541
550
550
537
539
539
543
542
542
546
542
543
541
545
549
539
545
545
542
547
540
538
542
543
540
534
534
532
538
544
539
546
543
545
549
545
541
545
543
541
540
539
544
541
544
549
549
546
550
543
547
547
546
540
542
545
546
545
548
546
543
551
550
550
539
547
547
544
545
547
544
550
546
545
547
537
547
543
545
547
542
542
539
545
547
541
551
547
543
545
541
543
531
545
545
545
546
538
544
560
549
549
547
541
548
544
543
543
546
546
547
548
544
550
545
542
547
541
548
547
549
553
545
547
548
543
552
543
545
547
548
550
542
549
543
547
541
538
539
543
543
533
536
