511
523
527
527
531
530
524
534
537
543
535
538
540
537
541
537
528
535
542
542
544
540
545
544
537
541
537
542
541
545
548
545
546
543
542
543
544
539
532
537
540
533
528
538
536
547
544
542
541
549
547
547
543
544
540
541
541
538
536
538
536
540
537
535
530
533
526
531
533
535
534
534
537
537
542
539
535
535
537
542
544
540
544
544
543
549
539
533
533
545
543
543
544
539
541
544
541
545
547
542
539
537
538
542
540
538
536
532
541
539
545
541
540
536
536
537
536
541
535
547
551
547
540
548
550
549
534
545
536
540
545
544
545
542
547
537
533
540
542
536
544
546
533
534
540
544
550
543
548
549
555
550
555
553
550
550
547
547
556
556
544
548
549
549
548
545
550
539
547
547
544
546
545
541
546
546
544
538
546
541
536
540
544
543
544
535
538
545
550
542
544
548
552
548
549
537
543
540
545
546
539
538
543
537
535
551
546
552
542
543
546
542
545
547
542
549
536
542
542
542
538
544
542
544
540
541
535
537
538
543
539
541
540
535
552
546
544
539
546
552
544
547
555
550
548
547
551
553
551
546
554
555
551
548
552
548
543
543
551
551
546
545
545
547
541
541
546
544
547
544
551
547
545
547
551
542
550
548
541
549
553
548
545
537
542
548
546
545
547
550
