506
503
508
508
506
508
510
508
507
508
510
509
512
511
514
505
509
514
513
513
516
506
515
512
514
510
515
514
513
515
515
516
510
514
509
516
513
511
513
510
513
513
508
516
507
515
515
517
517
519
514
517
514
516
511
515
515
514
520
513
515
516
515
515
515
514
519
521
519
514
521
522
517
517
515
513
520
524
516
519
520
519
518
517
511
515
520
515
518
521
515
517
518
512
520
517
523
520
518
519
523
518
517
523
527
520
517
520
522
522
527
522
522
531
524
519
529
525
523
532
526
523
526
526
523
525
528
524
523
528
523
526
520
528
525
523
522
518
519
526
526
517
524
524
524
527
525
525
524
521
521
523
522
523
522
522
526
522
528
527
527
521
528
517
518
522
524
527
523
526
528
525
522
525
523
526
515
528
523
528
526
524
527
527
529
529
528
522
525
527
528
528
528
531
529
522
523
520
525
526
524
522
515
521
521
521
520
521
519
519
521
515
518
528
523
521
525
525
522
523
521
520
518
522
520
518
517
517
514
530
521
517
525
530
527
519
527
530
527
527
525
525
525
528
530
526
528
527
517
530
525
524
520
524
518
517
512
518
519
522
524
526
523
525
521
517
521
526
521
522
518
523
521
521
521
523
521
524
523
519
521
521
522
517
519
521
525
521
521
514
523
514
517
516
517
515
517
520
513
514
519
517
515
511
513
518
515
520
518
512
518
516
515
520
519
521
516
509
510
513
513
513
516
518
521
520
517
517
518
517
520
518
516
512
513
517
515
520
521
517
513
518
515
516
520
515
516
514
518
516
520
519
521
519
521
520
521
520
513
516
514
520
519
514
516
517
516
521
520
515
518
523
522
522
521
520
522
521
517
517
520
520
515
518
519
516
518
522
515
519
523
522
523
524
524
524
519
524
519
521
525
519
520
519
519
516
514
520
522
518
517
517
516
517
518
511
514
520
520
515
518
517
515
515
521
517
519
519
515
514
521
519
516
519
514
516
519
520
520
516
519
521
515
510
523
514
518
516
515
514
516
513
517
514
517
517
516
512
512
514
518
517
520
519
523
515
517
521
521
514
517
517
517
520
522
519
516
515
521
514
517
509
511
515
511
510
517
515
520
521
516
525
517
517
524
524
525
520
526
519
523
522
517
524
523
522
521
520
516
526
521
520
522
521
522
522
519
516
513
516
517
519
511
519
521
517
521
521
521
525
523
523
526
523
520
526
522
522
521
521
525
526
520
521
520
520
521
526
519
524
520
527
525
523
528
524
525
527
524
527
524
529
526
529
528
533
528
526
532
524
526
522
527
530
531
530
526
530
523
528
531
530
525
533
528
528
528
532
527
527
527
530
527
528
531
530
530
530
533
525
524
521
525
529
529
529
529
528
527
525
525
527
527
527
528
526
524
524
519
519
524
521
522
522
518
521
521
521
522
524
520
526
519
525
520
520
523
525
522
520
520
523
531
526
528
524
525
524
523
525
522
524
522
526
518
523
523
523
525
522
523
525
523
522
518
516
526
519
521
524
521
524
524
521
522
522
520
520
518
523
526
526
527
525
527
525
523
526
527
527
528
530
525
524
524
523
525
523
522
525
529
526
523
528
525
526
523
523
529
526
528
525
527
522
526
522
527
520
522
517
529
520
522
521
523
523
522
525
526
524
526
523
526
520
528
527
522
524
528
522
529
520
525
523
525
523
529
523
524
526
523
520
522
528
525
527
529
524
524
522
518
523
521
522
523
522
523
523
521
520
528
522
522
519
525
525
523
518
525
524
521
525
526
523
522
525
525
528
522
522
524
519
523
520
521
523
524
526
527
523
524
524
514
518
520
527
523
520
522
525
523
524
521
