506
519
527
534
530
536
542
542
541
543
547
544
541
541
543
548
540
535
544
555
548
551
541
549
546
543
538
545
541
537
543
535
543
542
535
537
537
542
538
539
543
541
548
550
553
550
548
549
541
533
547
546
553
548
545
547
551
552
553
547
550
554
545
558
548
545
546
544
537
549
538
546
545
540
541
551
544
545
546
548
550
548
542
544
551
547
547
548
545
545
554
545
548
546
538
536
542
546
545
542
541
543
537
546
545
547
547
547
549
552
546
550
549
549
549
554
548
545
538
541
547
534
546
548
552
547
542
545
546
554
552
551
555
547
546
550
548
554
543
546
548
544
546
552
548
536
543
545
546
548
541
545
554
549
550
553
546
551
547
547
546
555
547
544
541
545
545
548
553
543
550
547
542
549
546
548
547
549
552
546
554
543
543
553
544
553
542
545
545
549
545
552
553
549
547
549
551
550
543
545
543
548
543
553
551
552
556
555
552
545
548
551
557
552
552
545
551
548
547
550
545
550
545
556
551
551
546
552
556
546
551
552
550
552
554
554
548
546
546
548
549
555
551
550
551
545
549
549
552
549
551
551
549
547
551
549
549
549
556
550
547
544
550
556
553
554
543
545
548
542
548
551
553
553
557
553
