507
514
514
524
530
534
539
533
534
533
531
536
542
538
542
535
540
542
538
535
535
543
538
532
541
537
534
530
540
540
538
536
546
549
538
547
541
539
545
527
533
537
542
538
544
546
542
539
534
538
538
533
535
531
537
540
548
530
533
535
540
547
538
539
541
537
539
540
534
534
528
535
540
546
541
541
535
544
544
542
542
547
548
549
549
536
536
539
533
538
534
537
542
538
540
538
538
542
542
544
545
544
542
544
544
539
538
534
532
540
543
541
539
544
547
548
545
537
536
541
542
538
539
537
530
534
538
543
538
541
541
536
542
540
545
540
538
530
537
542
542
537
543
544
539
543
547
545
531
542
542
545
546
542
553
541
539
540
540
549
544
539
544
541
539
540
533
536
537
544
524
534
527
539
530
538
541
546
534
535
533
541
542
541
531
533
539
545
542
536
536
537
541
536
536
545
547
541
538
536
537
546
544
533
541
540
541
544
534
542
541
541
545
548
542
540
551
547
538
543
540
541
544
545
550
537
539
540
543
541
547
539
541
543
541
543
535
540
536
536
537
527
541
545
529
548
544
539
540
536
542
544
545
538
546
536
539
545
541
535
535
539
542
536
538
539
540
535
548
545
549
540
534
539
547
539
541
536
541
538
541
546
539
542
540
