499
500
497
502
501
498
500
501
498
499
503
499
501
499
500
501
497
503
501
501
501
501
500
501
500
501
496
498
502
498
501
498
500
499
500
495
500
502
496
501
498
501
501
497
499
498
497
498
503
499
501
500
498
501
500
497
502
502
501
501
496
498
501
498
500
500
501
500
502
494
504
502
499
499
499
503
499
500
499
497
499
501
496
499
501
496
498
500
500
502
502
500
499
500
499
500
499
501
499
502
502
500
498
501
500
499
498
502
500
502
500
502
502
499
502
503
500
503
498
503
501
500
497
502
499
503
500
500
502
503
499
499
501
500
496
500
504
499
502
500
499
499
499
502
498
501
500
499
499
498
498
502
501
498
498
502
503
501
501
498
501
501
502
501
501
500
498
497
499
497
502
500
500
496
500
495
496
499
499
501
501
502
503
500
501
500
503
499
501
499
499
499
499
500
501
501
501
499
497
503
503
500
500
501
501
502
503
498
500
499
499
504
497
502
499
496
497
498
499
497
499
500
501
499
495
494
498
501
499
501
502
499
499
498
501
502
501
499
498
502
497
498
502
501
500
499
499
500
499
500
501
499
499
