506
504
505
505
504
504
506
509
507
509
510
510
505
509
510
512
510
509
508
507
512
510
506
509
513
507
509
512
508
508
507
507
509
509
505
510
510
510
513
509
512
508
508
511
510
507
510
513
514
510
512
509
510
508
511
510
510
509
513
510
509
509
509
510
509
510
505
511
507
507
510
513
508
508
512
513
509
511
511
510
512
507
510
511
511
508
509
511
512
512
506
514
514
513
511
515
515
512
512
516
512
515
512
512
514
513
514
513
517
517
515
515
512
519
517
518
514
517
513
516
517
516
517
515
519
512
519
517
516
522
520
518
518
520
517
515
518
514
516
517
513
518
518
516
520
521
520
516
520
520
513
517
521
522
519
515
520
520
521
517
517
522
521
519
516
522
519
519
519
517
518
519
520
517
522
517
521
522
522
523
519
521
518
515
520
521
513
519
517
523
521
522
521
520
525
520
519
520
518
518
521
516
521
518
520
518
522
518
520
517
522
520
518
519
518
521
521
522
517
521
520
518
522
517
523
524
519
524
523
519
522
524
522
524
520
517
523
520
517
522
521
523
522
522
522
522
516
520
518
523
516
519
517
