665
656
666
667
672
672
668
667
661
664
673
668
668
671
670
667
667
669
674
669
667
668
664
661
663
665
666
666
664
664
663
666
672
670
666
668
669
669
664
675
665
670
673
677
676
676
673
675
673
669
669
675
673
667
682
679
679
671
672
673
667
673
676
672
674
673
671
666
666
673
675
670
677
673
676
673
669
675
671
670
667
672
672
672
675
674
670
669
677
674
669
671
667
671
666
667
662
663
666
666
663
669
663
667
671
663
661
664
667
670
672
668
661
662
668
664
667
668
672
669
668
657
670
666
670
671
669
667
670
661
668
666
672
668
669
670
674
674
673
676
674
675
679
678
678
679
675
679
678
672
675
678
681
677
674
666
670
669
675
672
668
668
670
671
672
673
672
674
675
672
672
673
666
668
668
669
675
669
669
674
671
675
669
671
673
674
664
667
668
669
671
666
665
671
665
672
674
671
667
664
663
665
670
668
672
671
670
669
665
670
670
670
670
671
668
670
663
658
665
665
664
664
665
668
664
667
663
666
664
664
671
673
667
661
670
670
672
