664
671
667
668
667
662
666
670
671
674
671
669
670
666
666
669
664
673
673
672
671
672
664
673
677
666
667
674
675
668
675
674
671
669
665
667
664
664
667
664
668
667
669
663
662
672
666
666
664
660
667
668
666
666
664
670
663
668
667
674
666
666
671
671
670
668
671
672
670
673
668
673
671
669
677
672
668
677
676
675
675
674
677
672
673
669
672
670
676
672
671
674
673
669
678
666
671
673
674
672
675
672
676
677
678
676
676
667
680
673
676
679
673
668
677
675
677
677
678
672
680
674
673
669
669
670
666
674
670
675
670
668
672
675
674
676
676
674
674
671
669
673
673
670
673
669
674
669
671
670
673
663
673
670
671
669
671
678
668
674
678
678
677
678
676
677
669
669
673
671
670
675
675
675
674
670
672
672
670
674
667
671
675
672
669
673
677
674
677
671
676
676
670
671
673
671
675
674
675
674
676
668
675
676
673
672
663
667
667
668
669
667
669
671
673
676
674
672
665
668
670
663
663
665
670
669
672
671
668
669
667
673
668
673
666
673
670
670
664
670
663
669
674
669
673
673
670
669
664
673
669
