665
668
666
670
667
666
665
670
668
666
670
668
668
672
664
671
667
666
671
666
670
665
671
669
667
669
670
664
671
666
667
674
671
672
671
672
676
668
669
669
664
669
667
668
671
673
671
672
671
675
674
676
676
673
674
671
672
670
671
671
670
668
665
666
664
671
663
666
666
669
670
670
674
670
669
667
669
661
670
670
677
673
669
668
669
667
672
671
672
667
668
673
667
674
670
679
672
676
675
668
673
670
674
674
669
674
677
671
676
673
673
674
676
666
669
677
671
671
678
667
672
672
675
673
668
679
675
680
675
673
677
675
675
679
672
673
677
672
667
672
668
672
671
674
674
673
672
669
663
669
669
669
666
677
675
672
672
670
673
668
673
669
672
668
669
670
670
672
666
665
668
673
670
677
673
673
675
674
673
670
670
678
670
670
675
675
670
675
673
677
672
672
671
677
672
671
674
669
672
673
668
675
673
668
674
670
667
677
675
667
668
671
672
672
673
671
671
670
670
665
671
668
664
671
669
