662
666
667
660
664
671
675
667
671
676
673
664
667
674
673
672
667
675
676
664
674
673
669
669
666
673
672
670
669
667
672
669
665
673
668
672
673
671
674
677
670
675
669
675
673
671
674
675
669
671
668
680
672
674
670
670
670
674
674
673
674
676
676
675
676
677
671
669
672
674
667
670
668
675
672
677
677
677
668
664
664
665
672
673
676
677
670
670
675
670
669
670
674
675
677
665
665
672
667
667
666
672
677
673
673
675
671
664
670
669
668
670
668
674
668
670
659
669
668
663
665
658
669
665
664
665
669
667
665
670
663
663
664
663
664
668
666
668
667
671
674
665
669
669
676
671
674
671
671
674
675
679
664
657
666
665
664
660
663
659
664
673
663
669
663
668
663
669
663
664
666
663
670
666
662
665
667
665
663
664
668
671
671
668
669
672
669
671
669
667
667
671
667
669
673
676
671
674
673
670
671
674
672
666
670
671
675
669
676
677
675
674
673
677
673
676
675
672
676
674
678
666
674
664
669
667
672
670
674
666
668
671
669
673
668
671
675
675
676
674
681
670
674
675
674
680
679
674
672
673
674
670
674
