666
671
672
677
672
672
677
675
670
678
674
676
670
669
665
675
671
669
673
675
677
673
671
675
673
675
674
675
673
672
671
676
665
677
675
677
675
678
681
676
678
671
671
675
670
673
665
671
675
675
673
676
673
668
672
679
676
672
679
669
672
669
678
676
674
675
675
671
670
669
671
676
671
672
667
673
672
675
669
670
673
672
673
673
672
675
674
670
675
672
677
675
673
672
677
669
677
676
675
675
671
672
669
675
675
677
677
677
679
674
679
669
673
672
675
673
675
673
670
675
676
671
675
673
668
671
672
674
673
675
674
671
678
677
673
670
670
668
677
672
672
666
673
674
671
672
670
674
672
673
673
662
673
676
670
675
668
673
675
665
675
665
673
675
673
670
672
670
676
674
674
675
671
676
674
670
675
674
672
672
668
671
668
668
678
669
674
673
670
672
671
676
671
671
675
674
676
668
677
668
674
671
672
676
667
677
676
672
671
672
671
675
673
673
669
667
677
674
671
670
675
675
670
670
671
