896
899
894
890
901
893
896
903
896
893
901
894
902
900
903
890
899
899
893
894
893
896
897
894
892
895
899
894
899
897
902
902
901
899
907
911
912
902
905
901
904
902
903
903
904
888
895
893
893
895
890
892
888
897
897
899
907
899
903
899
895
896
896
900
908
904
900
910
902
896
904
904
906
901
907
904
906
905
905
900
908
910
907
909
910
909
907
906
913
913
905
910
912
911
909
912
902
916
905
905
904
906
905
913
909
912
912
913
910
910
906
910
918
921
916
916
922
921
919
914
919
916
918
909
917
919
922
917
911
913
915
913
915
908
904
909
910
908
901
898
901
916
919
917
919
910
912
910
913
912
916
916
920
918
914
918
919
918
918
915
919
918
922
919
924
930
918
919
926
922
918
921
920
920
924
923
919
921
926
919
925
925
921
922
927
924
915
930
924
919
916
916
932
934
929
918
927
935
923
927
930
933
927
922
923
928
926
924
930
927
920
918
926
919
918
918
916
922
923
921
931
923
925
934
923
917
924
926
921
921
920
921
931
925
932
927
921
923
921
930
925
922
931
931
927
928
933
927
933
934
929
937
931
933
925
916
930
930
922
926
922
924
921
927
923
933
931
930
928
931
928
930
932
928
929
930
930
934
930
931
929
929
930
928
927
928
933
937
933
936
938
933
930
930
933
927
930
935
932
931
936
939
932
929
931
940
934
940
940
930
935
933
936
937
941
935
926
937
930
933
927
930
930
928
932
938
921
927
926
926
925
922
929
932
941
945
939
941
934
943
937
931
935
934
937
929
943
941
940
934
939
938
941
931
934
936
938
935
936
932
945
941
935
942
943
936
944
930
945
941
936
932
943
943
935
946
933
937
931
933
934
937
929
933
929
933
937
939
939
945
944
938
943
943
939
937
