896
900
891
902
895
899
888
895
896
895
888
888
894
888
886
890
885
900
895
891
897
890
892
894
891
896
891
900
891
887
887
889
884
882
887
894
891
887
890
896
889
890
892
887
890
892
893
893
891
893
890
882
893
892
888
895
897
885
897
889
894
895
892
891
892
899
899
899
900
893
899
904
897
896
899
903
906
907
909
910
903
913
912
911
908
912
904
909
912
911
907
915
916
919
914
919
916
917
915
915
913
921
924
922
923
926
920
923
927
933
934
929
931
934
933
937
945
939
938
936
941
940
942
939
932
944
942
941
926
937
934
935
927
938
939
946
942
941
939
940
942
941
946
941
945
945
945
945
953
951
955
944
950
946
934
949
956
954
952
957
958
962
962
960
960
959
962
957
960
960
956
959
961
960
958
968
966
968
970
962
957
960
961
962
960
968
962
957
965
959
968
959
969
964
965
957
960
962
967
963
969
967
962
962
962
965
966
956
967
965
961
967
960
969
967
967
958
959
957
960
964
959
959
960
966
954
961
966
961
961
966
964
960
965
963
965
961
959
968
974
972
961
970
965
967
967
965
963
960
969
970
963
963
963
962
962
965
965
961
965
961
963
972
967
966
968
972
969
961
963
959
963
957
968
961
966
968
963
964
960
963
964
959
962
956
959
960
963
958
965
965
966
965
961
958
958
962
957
960
967
958
956
962
966
966
964
951
954
954
956
958
958
960
963
961
958
954
958
949
960
956
958
948
957
956
954
955
958
955
953
955
962
958
962
965
960
958
965
955
959
961
957
957
972
971
971
968
963
967
969
961
966
963
973
966
967
972
969
975
963
960
960
970
969
967
974
974
969
972
978
972
974
965
964
969
966
975
969
971
976
973
979
977
974
972
977
976
980
969
961
972
972
960
971
