894
889
900
895
892
900
899
897
899
893
896
893
885
891
900
900
902
902
900
895
896
895
897
900
897
892
895
894
891
901
891
893
898
896
893
895
894
891
884
890
888
891
893
895
894
889
894
891
895
885
894
895
893
888
890
895
900
895
895
899
900
898
903
896
896
896
897
894
898
893
891
884
895
896
893
896
896
899
889
899
894
890
893
900
894
893
898
895
891
893
892
887
896
897
894
905
899
898
896
896
896
899
891
901
897
892
896
898
898
897
901
898
899
900
898
899
900
904
895
896
900
898
903
899
899
908
903
913
908
907
903
907
902
907
911
908
909
902
897
901
901
901
897
896
901
899
905
905
905
900
903
906
906
909
907
903
910
918
910
913
913
919
917
906
911
915
912
910
914
921
905
917
920
920
917
918
908
922
926
922
929
929
920
924
930
931
930
927
927
919
914
920
920
922
916
921
924
924
922
923
923
922
922
923
912
914
914
920
924
933
926
931
932
929
926
922
929
932
921
925
924
924
924
928
934
929
926
924
932
925
926
932
932
932
935
939
929
930
934
932
935
937
944
937
935
947
938
943
941
940
932
934
933
938
937
939
945
950
942
945
945
941
939
943
943
940
949
944
944
941
946
943
940
941
939
936
942
940
938
941
945
939
938
944
933
940
947
941
945
941
942
937
942
944
941
934
937
939
936
939
942
936
942
945
946
952
949
943
949
944
948
945
941
950
943
946
946
948
953
945
948
947
938
943
945
941
947
945
940
944
939
946
945
947
952
951
953
949
951
950
945
945
950
950
955
956
956
956
954
945
947
952
948
944
941
946
940
945
950
949
951
943
945
953
948
948
940
944
953
950
948
945
947
939
946
950
949
950
955
948
947
949
948
944
943
945
946
952
954
947
951
952
954
945
954
952
944
950
947
950
946
945
950
938
942
950
951
956
953
957
949
954
948
952
955
947
947
945
945
945
942
944
959
949
960
957
957
965
963
957
952
957
957
957
956
956
954
