899
899
898
899
899
904
903
897
892
898
896
903
904
898
905
897
899
905
907
899
899
905
911
904
904
900
896
904
905
899
906
903
905
902
908
911
908
907
908
909
908
909
915
915
912
905
913
911
904
906
911
912
913
914
915
905
906
903
915
908
912
919
915
918
914
915
905
918
907
903
914
905
908
905
896
906
906
906
911
912
909
911
915
908
907
909
911
902
907
911
913
919
916
907
914
905
906
906
908
910
903
910
911
905
908
910
909
908
905
910
903
913
904
912
898
912
914
912
913
909
905
917
915
913
920
912
918
920
918
917
923
927
927
922
924
926
929
925
915
921
917
914
923
919
920
916
915
914
922
920
916
917
923
920
920
929
930
922
920
928
921
923
919
919
919
916
912
917
918
917
916
921
916
919
912
919
917
916
914
918
915
928
921
923
914
911
922
929
920
918
926
926
924
919
924
925
921
924
926
918
923
920
926
930
927
919
925
930
918
931
935
924
930
929
932
929
919
928
925
927
929
928
930
925
934
927
922
922
929
923
923
933
929
928
926
928
927
926
925
926
934
929
929
928
932
941
929
935
928
927
928
935
931
930
934
938
937
935
935
936
938
942
936
944
930
941
938
934
934
937
935
932
940
930
938
940
949
937
946
947
949
948
945
945
945
951
947
950
942
947
953
956
952
950
945
949
951
940
942
948
947
942
948
947
949
951
944
949
947
948
950
950
951
949
946
949
955
956
945
953
952
957
949
951
948
946
942
954
956
948
949
949
951
951
959
961
953
955
958
960
947
953
947
957
960
964
957
961
968
962
969
972
966
968
964
964
962
964
970
968
965
963
970
970
973
964
967
970
971
970
976
963
973
973
972
973
