887
899
899
899
895
893
898
901
896
895
898
892
899
900
902
904
897
901
899
902
907
904
905
906
900
911
911
898
904
900
896
900
900
902
902
902
895
902
895
899
898
894
904
893
897
892
902
891
894
897
899
893
899
895
897
900
900
894
889
891
894
891
896
891
898
900
887
898
897
904
894
895
901
891
898
886
894
888
895
894
895
895
895
892
896
897
897
902
901
897
904
893
901
897
901
900
900
907
905
904
908
897
903
896
902
897
900
907
906
907
905
907
902
907
896
904
901
905
896
898
899
906
895
899
903
901
899
899
896
905
897
903
901
899
895
904
899
904
898
894
896
901
897
904
898
898
891
897
899
893
897
901
903
901
900
912
901
908
906
905
900
906
896
897
904
893
897
895
894
896
894
888
896
895
899
904
905
907
905
906
907
904
908
901
900
903
902
906
903
904
904
903
899
903
900
904
897
902
902
903
901
911
906
897
904
901
904
893
904
905
906
902
907
901
900
903
906
905
907
911
916
915
907
911
910
913
911
913
913
912
913
912
910
914
908
901
915
918
909
917
911
919
926
924
927
929
923
919
927
920
924
924
933
926
925
927
925
929
932
932
929
935
927
927
934
932
935
931
935
932
939
941
940
943
939
946
938
935
929
940
939
941
937
944
937
945
944
938
939
939
934
935
941
932
933
937
934
936
933
932
943
944
939
936
933
946
947
945
947
947
940
937
938
936
940
934
943
942
943
942
941
945
944
941
945
946
953
946
949
949
952
949
952
949
954
948
957
950
950
949
944
954
950
956
953
957
954
954
954
954
955
954
960
950
953
954
954
965
960
957
958
955
959
958
959
959
949
953
953
952
941
957
958
961
960
956
952
952
957
954
951
952
960
956
957
951
957
954
961
962
961
956
962
954
955
954
960
950
964
959
965
