892
900
902
898
899
900
896
888
899
896
889
891
894
898
894
885
895
896
896
893
907
900
903
907
904
899
898
900
903
909
915
912
904
917
921
905
911
910
915
914
917
912
906
905
908
913
912
908
903
910
912
911
919
919
912
908
916
922
923
916
914
916
914
912
912
905
916
923
913
915
923
905
922
921
911
915
919
919
917
918
918
921
926
922
918
914
916
917
912
916
916
922
923
924
927
920
917
919
915
920
923
917
912
921
922
923
918
925
924
920
920
917
914
924
924
927
919
927
918
925
927
920
916
928
928
927
933
932
924
928
926
927
928
925
924
918
927
924
934
927
929
922
923
920
932
929
929
922
918
923
927
928
938
931
929
934
943
932
932
932
941
936
935
937
940
941
938
930
930
934
937
939
932
934
941
936
939
935
937
939
934
935
937
931
939
940
933
938
939
930
940
935
943
936
933
936
938
940
934
935
931
935
940
940
936
936
939
934
937
938
935
942
929
930
936
940
940
936
934
941
940
935
941
938
936
933
941
940
933
939
936
935
935
925
935
938
930
937
939
945
934
940
939
937
941
942
939
943
936
936
937
944
948
946
940
939
939
940
941
935
933
931
943
931
936
934
937
937
938
943
937
937
935
942
942
931
928
945
944
953
950
941
946
943
941
943
940
940
948
941
939
946
940
947
947
939
942
937
942
936
937
941
937
940
942
942
943
941
939
945
945
940
943
945
948
944
941
940
945
951
944
944
947
944
943
938
933
945
950
941
939
944
943
940
952
948
948
949
944
949
945
950
948
947
940
951
943
951
950
945
946
949
943
952
946
946
939
945
943
946
939
947
950
940
948
949
941
946
949
950
948
949
955
950
946
954
952
948
952
955
946
954
953
948
948
957
946
954
949
951
948
953
953
959
955
949
957
961
951
956
952
952
950
961
953
955
948
955
953
953
954
954
952
950
955
950
946
950
955
961
950
945
957
944
958
955
953
964
959
955
961
960
961
957
958
957
959
