895
899
897
896
892
894
901
898
902
895
893
898
896
892
891
894
893
891
886
893
888
888
892
894
896
888
891
898
898
904
903
899
896
897
892
894
898
897
898
899
890
900
902
901
896
890
900
901
901
900
902
898
901
896
902
897
895
896
894
903
898
898
900
897
898
903
893
898
906
898
902
899
908
906
908
909
907
911
904
911
910
911
908
916
918
913
918
913
917
910
908
914
915
921
920
914
926
919
918
914
912
917
924
915
917
917
918
920
921
917
918
922
914
920
921
921
925
921
914
921
926
922
924
914
921
928
920
921
926
927
926
928
924
932
923
924
925
933
937
919
925
925
928
927
926
920
925
925
934
931
929
928
930
923
935
933
937
929
935
928
925
932
931
931
923
925
928
929
931
930
934
932
922
927
934
927
928
932
933
931
934
931
936
933
933
938
936
941
939
942
940
941
937
941
931
936
927
931
922
933
935
934
933
933
931
941
939
937
938
931
931
934
939
939
937
942
929
941
938
936
936
936
940
942
939
936
940
945
951
952
949
949
944
946
951
953
954
951
954
946
942
955
953
946
945
946
944
950
947
947
954
941
945
950
941
942
941
942
944
941
937
943
942
938
947
948
943
947
950
947
956
955
942
954
942
940
945
948
953
943
955
951
949
954
949
946
952
944
950
947
952
947
955
946
956
947
949
956
953
947
941
944
948
940
947
955
951
953
955
952
951
953
954
955
958
956
951
950
952
946
947
948
954
951
958
954
945
958
952
952
949
950
950
953
945
958
951
947
949
951
946
953
955
955
956
965
958
957
951
959
953
958
954
962
960
959
962
957
959
952
950
951
957
963
960
949
961
959
962
958
966
965
971
966
969
964
970
968
964
961
964
967
965
966
956
957
956
956
956
959
958
957
953
956
965
958
967
959
964
962
963
966
968
960
967
960
956
962
964
965
970
963
964
966
967
975
975
972
970
968
975
966
965
972
968
966
971
974
970
974
968
971
969
973
961
