894
898
897
900
888
895
899
896
893
899
890
897
898
897
895
895
896
897
891
892
890
887
893
892
899
900
901
896
899
910
897
910
907
901
902
898
899
907
902
900
907
899
902
904
905
902
907
900
899
898
893
895
900
896
890
898
899
895
903
904
897
897
901
896
903
906
896
905
908
899
912
904
900
899
909
913
915
910
901
903
899
895
898
897
894
892
898
902
906
902
892
896
899
899
898
898
902
899
900
896
905
903
900
902
891
900
888
893
890
894
902
900
902
895
904
904
906
902
901
899
892
898
900
898
904
899
904
907
908
909
903
901
901
904
906
908
916
905
908
911
912
910
906
908
916
913
914
920
919
911
927
920
923
924
920
915
920
922
921
923
922
921
924
918
917
919
919
917
916
915
916
917
916
920
922
920
918
919
926
920
923
914
915
915
917
916
924
915
919
920
922
920
923
918
920
930
923
921
923
929
920
925
928
933
936
936
934
935
936
928
929
933
933
925
928
927
928
924
924
927
928
933
928
920
920
919
926
930
923
926
925
919
919
911
918
919
910
923
924
928
915
924
927
929
924
922
927
928
922
924
923
933
924
930
929
929
922
925
924
918
927
928
921
930
925
931
927
925
920
921
919
925
928
924
923
914
924
925
927
925
923
918
926
925
928
933
925
927
928
927
928
927
920
918
923
927
924
920
926
923
920
921
920
919
927
924
917
926
929
921
921
921
925
917
918
918
930
921
918
922
923
929
924
922
921
921
921
924
919
923
930
929
930
930
918
927
929
923
919
923
930
931
923
923
924
937
932
931
929
929
929
930
930
931
931
935
931
933
932
926
930
932
924
934
937
933
931
927
935
927
928
931
923
920
927
925
928
923
932
936
927
933
932
929
933
931
931
934
928
931
936
923
934
930
934
922
920
928
931
933
932
924
927
928
927
928
924
926
925
924
921
924
926
931
928
932
926
921
928
924
921
922
920
923
926
926
926
925
925
928
932
934
933
931
936
935
923
924
