896
897
891
898
893
891
896
895
899
898
893
898
900
892
893
892
895
899
900
897
890
892
898
893
898
898
883
897
891
884
887
889
892
893
888
887
892
877
888
894
884
886
887
885
887
890
885
884
893
887
886
892
887
889
888
890
890
893
893
891
889
889
892
885
898
881
884
886
887
887
887
895
894
892
889
894
894
899
890
889
890
897
895
896
888
897
893
895
899
896
897
897
888
891
895
892
889
893
886
891
887
894
897
888
893
899
895
892
896
895
893
897
896
893
891
882
895
897
899
893
898
896
894
896
900
899
894
904
900
903
902
895
893
899
896
903
897
893
900
895
897
911
901
902
909
897
900
903
897
904
907
911
906
911
902
901
905
899
907
904
905
899
906
906
911
906
912
909
909
908
909
910
915
917
910
912
914
923
914
923
902
914
922
914
906
906
907
903
914
915
899
909
914
914
912
916
917
912
916
927
928
930
931
920
923
929
929
926
930
935
925
931
919
930
926
933
931
919
931
931
926
934
935
932
931
932
927
932
927
931
935
936
929
939
932
930
930
921
931
925
933
927
928
935
929
941
935
940
939
934
938
930
938
932
940
932
933
944
943
940
943
946
941
947
950
943
933
944
945
941
939
939
946
945
947
945
935
930
940
935
938
936
939
931
930
933
931
937
933
934
926
931
933
934
936
931
924
933
935
931
938
936
935
932
931
931
936
934
936
940
940
938
942
950
944
945
932
937
939
947
941
943
945
948
946
949
948
942
942
941
939
938
947
948
947
947
949
944
943
946
947
948
945
942
951
944
951
945
950
952
952
946
947
942
942
945
942
942
949
941
941
944
945
940
951
945
946
943
949
948
954
945
948
943
935
945
943
943
951
945
943
945
946
949
942
938
939
944
942
932
949
946
944
939
940
938
936
936
948
938
944
938
941
949
939
940
935
944
941
943
937
942
938
