899
897
901
897
894
895
894
891
892
901
894
897
897
892
900
891
899
896
898
896
894
901
900
903
893
895
895
892
902
896
894
894
896
893
883
882
886
889
881
897
894
894
895
898
892
898
892
893
897
896
896
890
898
896
892
899
895
890
895
899
883
897
894
894
900
901
897
896
905
909
897
898
901
899
903
902
897
907
910
903
903
899
903
905
904
907
897
901
898
902
898
904
898
896
915
903
905
900
898
900
903
902
900
899
907
904
909
903
906
906
902
908
905
902
902
904
903
902
908
911
907
905
910
909
909
912
910
910
910
907
909
905
902
907
914
910
904
910
910
909
906
904
903
907
901
896
899
901
900
906
907
911
911
903
915
914
913
911
905
915
922
921
927
929
923
919
923
930
932
927
927
928
928
928
929
927
929
929
930
927
929
929
929
927
924
922
928
930
923
933
924
929
924
922
919
926
932
929
922
931
928
922
931
931
928
929
929
931
930
935
925
932
932
923
932
933
940
925
937
929
930
941
939
938
943
939
942
947
936
943
944
945
940
942
939
936
938
945
947
946
944
948
946
958
951
962
956
954
962
952
958
963
957
967
958
948
945
951
942
950
946
950
946
957
946
948
962
960
960
956
957
959
962
956
957
954
957
962
947
953
959
955
955
958
949
943
950
957
960
960
959
948
960
957
957
956
958
960
950
959
957
967
967
970
972
964
968
963
964
960
962
965
960
965
963
965
968
962
962
971
964
966
967
978
959
970
967
970
976
969
971
961
969
964
967
963
973
962
958
966
966
963
966
965
963
960
957
969
967
960
957
962
958
970
964
969
966
959
961
967
965
968
959
966
973
966
968
967
960
963
969
974
965
969
964
964
971
959
970
959
968
964
968
961
960
964
966
970
968
971
968
970
969
966
962
970
971
973
969
976
971
970
965
966
969
964
972
971
986
978
971
981
977
973
974
972
969
963
973
967
972
977
977
973
974
969
962
967
958
968
