891
896
901
895
902
893
901
891
898
902
901
894
892
892
894
892
894
892
891
901
897
892
898
899
892
884
889
893
898
902
887
895
908
900
903
902
903
898
892
892
895
899
899
900
899
897
893
887
891
886
893
895
891
897
894
899
890
890
895
898
897
892
897
905
888
898
894
901
903
900
903
907
900
906
913
904
908
914
905
909
908
909
913
917
920
912
914
913
921
918
915
926
922
920
924
923
927
921
927
923
922
925
929
928
930
925
925
924
931
922
912
920
923
925
918
931
922
934
933
930
925
933
935
927
932
934
927
932
941
937
933
932
928
927
932
926
931
931
927
928
931
930
939
931
929
934
931
936
926
929
926
927
929
924
927
927
929
926
925
922
928
928
928
923
928
925
934
926
931
927
934
935
926
932
927
934
937
938
937
923
935
932
937
934
939
936
935
927
934
927
936
925
928
929
932
937
937
929
930
928
934
927
934
930
940
935
933
934
931
934
934
928
931
934
936
926
935
933
925
929
930
932
931
935
927
931
931
935
941
936
945
938
931
928
937
929
932
931
934
934
940
937
937
932
936
936
930
937
937
934
939
937
939
941
934
934
938
933
930
940
932
935
935
941
938
931
940
929
938
937
937
942
938
946
938
950
942
947
935
941
942
938
943
939
944
937
935
937
941
932
938
943
933
939
926
939
940
933
941
935
940
936
931
933
928
930
936
935
933
943
941
920
940
940
940
933
940
933
935
940
941
942
946
946
941
942
947
946
948
941
943
942
951
939
956
945
946
945
945
947
937
940
931
937
932
930
927
937
939
937
934
937
930
928
933
931
937
935
935
931
935
934
937
932
926
931
934
941
937
936
936
933
937
935
938
936
939
937
936
939
939
930
938
933
941
940
934
936
935
938
936
943
942
937
941
938
936
937
939
928
940
934
942
941
935
938
936
934
932
939
939
