898
895
897
896
902
896
897
894
897
891
890
902
894
903
906
907
905
897
903
897
899
900
904
906
898
900
894
901
901
904
900
902
901
900
900
900
900
900
897
894
895
898
898
902
895
900
902
902
903
900
898
898
888
892
898
904
902
905
895
903
895
891
893
898
896
903
901
898
897
893
891
895
892
895
899
897
902
899
890
897
890
893
893
900
896
897
899
901
894
900
899
889
895
895
890
889
896
893
897
900
897
902
903
896
902
896
892
900
897
903
900
897
901
893
895
901
896
893
903
903
907
904
897
910
906
907
907
906
906
907
908
911
908
907
906
907
915
909
909
915
915
906
913
921
915
919
917
914
918
916
915
918
930
925
918
925
922
921
926
929
927
923
926
923
920
923
928
929
924
931
925
919
926
921
922
926
918
929
922
925
927
923
925
920
925
926
929
924
927
923
926
933
925
927
924
932
922
931
924
922
922
923
930
923
935
925
930
926
924
933
936
930
943
939
947
942
939
943
934
945
936
937
937
926
935
939
935
934
931
934
943
947
943
944
946
941
943
945
943
944
947
935
941
942
948
942
955
951
940
945
946
946
947
952
953
952
951
957
949
953
953
942
947
950
945
947
948
950
950
950
946
954
957
963
960
956
963
957
959
954
957
958
961
961
959
960
967
973
967
961
956
961
958
967
963
965
959
966
959
961
963
964
959
961
962
957
961
956
960
956
953
959
955
952
957
955
967
961
948
953
969
960
963
965
964
961
961
962
961
959
956
964
966
968
965
968
970
961
957
963
964
961
954
959
963
959
956
963
960
970
967
965
966
966
965
965
967
963
960
961
966
969
965
964
969
967
957
960
958
968
961
957
961
960
955
956
957
959
964
964
952
944
962
959
961
958
952
964
962
962
965
965
964
963
955
959
954
959
960
