898
904
894
900
902
897
898
900
902
898
900
889
897
894
898
899
896
893
896
897
890
897
899
891
895
895
894
900
896
894
891
895
900
892
887
898
897
896
887
889
892
890
899
888
889
888
894
892
899
901
899
891
905
894
888
898
900
897
899
896
892
885
895
896
897
896
897
897
893
895
896
892
899
895
895
896
897
896
889
896
894
896
895
890
902
895
891
907
906
907
903
897
900
899
897
902
907
905
902
896
898
905
898
900
894
896
898
905
901
908
914
910
914
909
907
917
908
907
916
919
919
906
919
913
918
914
916
912
912
911
919
911
914
923
919
916
915
917
902
914
912
916
913
924
919
921
919
912
919
913
922
915
920
917
918
914
918
919
920
926
918
922
921
914
925
922
921
917
925
926
922
924
919
928
925
921
925
926
925
921
918
921
925
935
930
927
923
919
925
925
919
921
924
927
925
920
933
926
928
925
924
931
929
926
927
938
934
931
932
923
927
926
925
926
924
927
919
921
930
927
928
922
919
922
924
910
919
919
919
918
917
915
920
923
916
910
907
918
912
916
924
919
918
923
912
919
917
921
925
917
913
911
915
916
923
914
918
920
912
918
925
929
921
923
920
922
927
921
924
921
927
927
922
923
923
927
928
932
928
928
923
929
924
918
918
926
924
923
919
919
926
921
931
926
926
924
924
926
927
925
918
922
929
929
929
921
928
926
924
920
930
925
932
927
926
928
927
929
923
928
930
923
929
929
918
925
921
922
925
927
922
919
923
919
931
926
927
924
923
928
931
924
930
927
928
924
925
923
928
923
925
927
918
921
926
929
922
933
922
928
927
929
930
931
934
931
933
933
931
933
938
927
933
922
936
931
933
938
