900
896
893
892
894
890
898
890
891
892
901
898
902
887
902
897
907
903
908
902
906
894
905
901
898
894
904
893
896
900
892
890
898
897
895
896
898
898
902
905
898
898
898
897
901
898
904
902
903
899
898
896
901
900
900
898
900
889
894
900
901
902
891
893
897
898
897
892
908
900
900
900
903
898
905
900
909
905
902
904
904
912
906
910
909
903
907
916
912
908
901
904
911
909
915
916
903
913
911
910
918
917
913
911
903
914
908
905
912
906
907
914
914
916
913
908
913
922
920
913
914
915
917
920
928
927
926
919
927
925
933
933
932
922
931
935
930
930
929
931
935
936
942
937
939
929
933
938
931
936
945
941
933
934
936
937
942
934
935
936
940
935
939
933
938
936
935
939
947
946
945
943
938
942
937
946
942
943
953
958
955
956
956
953
952
949
945
952
949
940
955
951
958
952
952
961
951
952
953
956
954
952
945
950
953
954
948
948
954
960
956
962
959
962
954
959
959
964
961
958
957
957
958
958
952
954
954
949
958
957
960
956
956
957
953
946
941
953
953
954
953
957
958
953
954
958
956
957
956
961
955
954
961
960
949
952
947
956
953
946
947
953
949
952
952
958
954
950
958
952
955
955
955
957
957
960
950
954
953
956
958
954
949
956
959
949
953
954
946
949
945
955
955
953
953
953
952
957
952
957
955
954
962
954
955
951
953
956
955
953
954
956
955
959
956
956
957
957
957
959
956
961
961
962
968
959
965
953
959
961
956
961
954
960
959
956
953
961
960
956
958
967
958
958
962
957
961
961
962
959
962
964
955
970
962
964
971
970
966
969
964
959
964
968
966
966
970
968
961
964
968
971
969
969
962
966
964
960
967
970
962
965
951
960
950
952
953
954
947
957
953
958
954
961
958
959
955
954
959
959
961
963
963
965
965
959
956
962
961
960
961
966
966
960
961
962
966
962
964
967
966
963
954
960
961
963
962
958
957
960
957
960
962
965
955
