893
897
905
903
894
895
899
903
894
902
895
891
894
899
897
897
897
888
892
892
894
892
894
899
900
896
896
903
902
899
895
903
897
901
905
904
900
899
902
904
906
896
904
896
899
899
902
903
900
906
900
903
902
898
897
898
901
909
906
908
908
901
904
903
906
901
912
901
909
902
900
905
912
901
909
900
909
903
899
896
896
902
900
900
902
902
905
910
913
904
915
912
912
919
910
912
917
915
910
923
913
917
919
915
921
915
925
926
924
922
929
924
929
920
927
926
924
913
927
923
928
928
930
926
927
922
923
929
926
923
924
926
922
925
922
918
915
922
923
925
921
925
927
922
925
921
917
917
922
926
919
928
920
923
931
926
927
932
929
929
923
930
925
919
918
918
924
915
921
922
923
917
917
927
928
927
919
918
928
925
922
926
922
925
921
918
928
927
929
936
931
923
925
931
927
927
923
930
928
929
925
921
921
932
915
925
920
918
920
912
916
917
923
916
925
923
929
930
926
920
926
920
913
922
917
926
918
916
924
923
922
921
923
934
931
920
926
927
931
923
926
932
932
926
938
934
936
932
935
934
928
935
937
935
930
930
933
925
934
926
930
926
931
928
924
930
932
932
932
932
928
934
925
933
923
923
934
936
927
924
932
934
936
937
922
925
930
929
924
934
928
927
937
936
930
931
929
931
935
929
931
934
935
936
921
925
937
924
926
925
931
928
932
934
929
930
927
927
931
927
928
928
936
932
938
935
937
932
934
934
940
934
925
934
938
926
931
937
929
936
939
938
945
939
936
942
940
941
938
943
948
946
946
948
944
948
947
942
937
945
946
942
948
938
949
943
944
940
939
937
947
943
934
941
944
941
943
949
948
946
947
948
946
944
939
934
942
943
949
940
939
932
944
946
938
946
941
938
935
942
945
939
942
937
933
933
936
934
946
940
942
937
939
942
941
929
934
933
938
935
946
941
930
938
937
932
938
936
935
935
941
941
931
940
940
940
930
934
