892
898
888
885
892
892
893
892
892
896
885
895
890
896
884
891
902
903
903
894
893
899
894
894
888
891
897
892
895
897
896
897
893
896
892
899
899
897
903
900
897
892
896
895
897
898
898
901
895
904
896
896
901
894
898
905
898
899
899
903
896
892
893
898
888
894
893
894
891
889
894
895
900
895
890
889
892
890
893
896
898
895
892
892
897
894
897
900
896
892
899
891
890
898
899
896
895
896
897
907
897
899
895
894
889
893
896
899
901
896
900
891
900
895
900
893
891
890
895
899
891
896
893
903
899
901
902
905
902
903
900
893
892
904
895
897
898
900
907
914
915
909
913
909
910
905
911
909
905
904
905
914
912
901
906
904
898
897
903
904
902
911
906
906
905
893
901
900
905
901
898
896
902
903
899
895
898
902
901
902
905
903
904
911
909
910
911
914
906
910
908
910
907
906
907
901
911
914
914
905
911
911
909
911
910
915
914
918
914
905
912
905
906
910
910
909
913
909
912
904
909
904
905
913
901
905
905
914
909
907
904
905
907
904
902
906
908
911
914
907
911
905
902
914
915
907
915
915
907
910
907
907
903
906
903
918
910
911
912
914
912
909
913
913
910
911
910
914
912
906
907
912
909
914
919
918
904
923
924
916
915
917
914
917
920
914
920
918
924
924
914
921
923
925
927
920
920
923
918
922
920
925
919
924
922
926
926
917
928
925
927
933
921
922
927
920
922
920
925
919
919
922
909
922
920
916
916
922
922
918
922
915
926
915
918
923
922
921
922
930
923
931
928
929
925
926
920
925
931
929
924
931
928
930
934
935
926
944
934
945
936
933
935
939
926
928
933
937
935
932
937
936
930
921
933
934
936
936
943
