900
893
898
890
898
901
892
893
896
899
902
899
893
891
895
893
895
894
903
901
895
893
903
900
905
898
898
898
896
899
911
905
908
904
907
908
909
909
915
915
908
899
901
906
912
915
911
914
900
905
911
909
909
912
907
903
903
909
908
909
907
914
914
907
913
901
911
910
912
917
914
921
916
924
913
920
920
919
915
915
918
913
920
921
916
915
918
917
918
918
919
918
917
923
916
919
914
915
905
912
916
909
919
918
908
907
915
914
921
919
913
920
921
914
922
914
917
926
922
931
927
928
919
921
923
922
915
922
920
929
931
931
922
925
926
924
926
927
930
928
930
932
931
929
937
936
930
928
930
935
936
936
931
932
938
940
937
936
932
936
934
927
929
927
927
926
935
929
933
933
939
929
925
926
934
932
931
936
927
929
927
931
931
923
928
931
934
929
930
927
929
926
931
933
928
929
937
940
936
937
931
924
931
922
927
930
925
913
921
924
932
923
926
927
931
934
935
935
933
935
926
930
932
927
925
934
933
923
926
933
922
925
928
930
924
929
930
932
929
928
928
923
929
932
920
933
922
921
921
927
929
929
925
927
927
928
933
930
925
930
918
923
920
930
929
929
926
931
926
933
930
932
929
922
933
926
928
934
932
932
923
931
931
933
939
934
929
931
933
936
934
929
930
930
928
931
926
926
928
929
927
926
929
927
924
927
933
932
926
929
934
930
932
926
928
935
929
934
941
932
937
935
940
939
936
939
937
934
944
934
934
930
937
945
943
940
944
944
935
941
942
947
942
944
941
948
945
938
945
951
946
946
953
952
948
948
951
953
954
952
949
956
954
957
956
955
959
950
959
955
954
964
958
964
953
951
963
957
958
958
961
960
960
957
956
961
957
965
963
953
958
954
967
962
964
963
970
969
970
970
962
960
953
965
963
967
961
959
965
963
966
956
956
964
958
951
959
960
960
954
955
957
955
956
955
958
960
959
958
961
963
965
959
962
956
954
959
959
