900
901
893
899
901
895
890
889
896
895
890
897
896
893
892
894
898
897
890
901
896
886
895
899
892
887
896
900
891
895
898
896
898
895
893
904
899
905
900
902
901
905
903
903
898
898
894
899
900
895
901
900
900
897
899
907
906
901
900
902
905
901
902
902
905
900
906
905
909
909
907
902
898
905
910
912
907
908
903
909
903
901
902
902
908
912
905
907
907
906
905
905
906
904
907
903
912
907
911
911
909
906
913
899
913
912
914
916
914
918
922
921
909
920
912
912
915
918
920
914
912
910
916
909
914
913
912
909
911
916
916
913
918
920
922
913
917
921
926
928
930
925
926
919
930
931
924
925
919
921
924
929
926
930
922
925
937
932
939
937
933
940
933
934
937
942
936
940
940
937
939
937
938
937
931
941
938
935
939
934
938
930
928
933
931
934
927
929
925
931
925
922
933
933
933
933
934
918
928
930
929
931
932
941
939
937
932
943
932
937
935
934
941
932
942
943
936
936
940
936
938
944
934
941
946
942
932
932
947
943
937
948
946
955
951
948
946
951
947
950
956
954
947
947
954
948
949
955
956
952
951
951
954
955
952
949
947
955
954
946
950
948
953
954
948
949
961
960
962
965
959
956
961
957
958
955
961
957
956
950
949
960
958
960
956
961
950
949
950
964
957
952
958
961
964
956
956
954
950
953
955
955
948
957
955
960
961
954
956
962
965
962
959
957
956
964
960
964
957
958
954
962
962
959
954
961
953
953
963
961
956
962
957
954
961
961
961
963
959
964
965
960
960
955
962
953
960
959
965
963
963
961
964
972
971
971
969
967
971
971
973
965
968
968
973
965
967
972
973
975
971
970
972
972
976
970
973
