896
895
898
895
896
899
894
895
897
896
891
898
898
896
903
893
900
890
901
904
897
903
902
903
896
895
902
901
896
899
896
903
903
909
899
905
909
908
905
904
907
909
908
904
905
912
916
909
903
907
909
907
910
913
907
913
908
904
910
903
900
908
913
903
908
901
905
906
895
909
907
916
915
916
911
911
913
908
910
909
913
916
914
912
918
920
926
914
917
921
918
911
911
910
914
921
913
908
917
923
914
922
921
919
922
914
914
914
924
918
921
921
914
918
916
924
924
916
914
921
913
921
920
916
927
919
918
920
929
927
919
926
928
926
922
921
922
922
919
913
918
917
915
917
917
923
923
921
928
925
924
931
932
922
933
923
926
923
930
928
924
924
931
928
924
924
928
930
930
929
928
923
920
922
924
922
930
920
925
926
924
911
917
922
923
917
924
931
924
927
925
930
919
924
921
926
919
919
926
923
929
927
927
923
925
935
924
932
931
932
926
932
939
930
935
921
935
926
930
936
931
931
936
932
939
934
930
922
941
935
936
941
932
939
942
938
938
942
938
946
945
943
946
948
949
945
942
949
949
947
944
948
947
943
947
949
950
946
938
939
938
935
946
949
943
937
951
943
946
944
944
945
949
946
956
944
953
950
951
953
959
944
945
951
952
947
951
956
942
945
946
949
959
955
951
963
961
966
955
949
951
954
954
954
958
952
955
948
956
949
953
946
947
947
943
946
943
944
950
948
957
951
942
950
945
948
952
961
954
957
954
950
951
954
952
957
956
952
950
953
948
949
942
951
954
956
951
961
958
957
965
958
955
957
959
957
954
952
953
952
962
956
956
954
945
953
946
950
951
953
950
962
951
954
956
957
950
951
960
965
961
962
959
960
949
955
963
959
967
955
970
973
962
966
967
961
971
958
969
972
974
975
966
971
969
970
970
964
973
960
970
