896
894
895
891
888
890
897
890
896
901
900
897
893
892
892
892
894
898
894
895
892
895
894
895
887
890
895
887
882
892
892
895
892
896
896
892
893
895
893
892
901
897
891
891
890
898
894
900
896
901
901
904
896
899
904
903
910
906
901
905
900
897
900
907
901
903
902
902
906
911
902
898
897
903
902
902
906
901
904
900
896
903
899
903
895
896
909
910
916
919
915
908
901
901
906
910
902
898
904
914
913
903
907
916
916
913
919
917
919
919
917
927
921
909
913
920
926
924
928
922
920
920
924
931
928
931
920
931
930
929
934
930
931
933
931
936
931
922
933
929
924
917
919
924
915
930
927
928
929
925
936
926
921
922
930
926
929
932
936
928
935
933
936
939
936
945
941
942
944
946
942
950
935
946
942
945
945
942
941
944
940
940
948
939
943
946
942
944
939
938
944
942
942
947
951
942
944
949
936
945
946
940
949
940
934
937
938
946
940
935
944
945
946
946
948
946
943
940
935
943
943
941
937
936
938
951
942
942
941
933
942
948
937
936
939
936
938
945
944
946
944
941
935
943
938
935
940
945
944
941
944
948
942
943
941
943
947
941
943
936
939
937
938
941
934
935
939
939
933
937
931
944
944
943
946
945
944
953
947
959
953
951
946
940
947
938
944
943
942
945
948
947
939
944
951
950
949
949
939
942
943
945
943
946
948
947
947
945
952
954
945
946
952
946
946
943
941
940
941
950
944
942
946
943
945
946
949
950
944
946
948
949
948
944
947
945
942
947
939
947
945
945
944
939
946
952
953
949
953
942
951
953
942
946
947
948
950
950
954
947
954
947
946
944
946
950
946
953
947
951
951
957
944
952
950
943
942
944
955
953
952
947
953
945
955
952
952
950
947
951
953
950
953
955
950
948
955
958
962
959
961
965
961
966
965
964
967
968
963
969
960
962
964
959
966
971
973
971
970
967
971
964
969
970
973
962
969
964
958
964
963
967
960
964
