667
670
673
669
671
666
663
671
669
668
666
673
666
673
671
671
676
666
667
667
672
669
669
672
670
668
671
674
677
673
670
673
672
674
671
677
675
671
677
677
679
681
674
675
676
673
681
671
676
679
681
677
673
676
678
677
674
673
669
676
673
670
673
674
669
677
668
670
671
668
677
667
675
669
673
672
665
671
669
671
677
675
676
675
679
678
674
673
675
673
673
665
671
667
672
670
674
676
680
675
670
677
670
671
680
667
681
678
675
675
675
670
670
676
679
683
686
673
677
674
680
675
675
670
674
675
672
673
673
673
674
670
667
673
672
671
677
670
670
670
671
671
672
671
672
671
681
676
671
669
676
673
676
676
678
670
681
679
678
671
678
676
678
678
676
683
679
675
677
672
676
673
670
672
674
675
676
671
672
671
675
673
670
665
673
674
675
674
676
670
675
670
682
672
673
675
670
676
673
670
673
671
675
671
673
678
673
674
668
675
684
676
670
675
673
677
672
676
673
679
669
674
675
674
674
674
675
672
672
675
675
680
676
679
670
679
680
679
676
675
680
674
683
682
675
674
674
670
677
672
