665
672
676
675
670
676
677
673
671
672
674
674
674
670
667
670
672
675
674
673
672
672
675
678
676
671
670
668
674
672
668
678
671
680
677
676
675
678
669
674
676
676
673
669
672
673
674
678
671
671
670
672
675
673
680
676
676
676
672
668
669
673
668
672
673
678
676
669
666
673
676
663
670
670
669
670
670
673
668
671
674
668
666
672
671
677
673
672
671
671
676
679
672
679
679
675
675
675
669
673
679
679
675
671
678
677
679
678
680
676
678
678
683
675
681
681
681
676
678
682
682
676
683
674
679
677
677
681
679
683
679
672
677
679
677
677
678
675
678
679
674
677
673
680
678
678
679
676
675
676
680
677
677
680
675
667
676
681
678
677
679
677
673
678
678
676
675
674
675
672
677
675
676
680
677
677
678
672
674
683
682
675
679
682
680
681
680
679
677
674
674
664
677
679
676
678
681
677
670
679
675
682
673
673
676
673
676
676
672
680
677
676
680
683
679
676
673
679
675
682
678
676
677
669
674
678
679
680
679
677
679
673
677
675
674
677
680
681
675
675
675
675
678
676
679
679
677
674
674
677
677
678
679
676
675
