677
675
671
673
667
679
669
669
666
678
676
676
670
667
669
668
671
673
667
664
672
666
671
676
676
679
666
668
677
668
669
661
675
671
674
669
670
675
675
676
675
670
675
673
678
680
677
674
665
672
669
676
674
665
671
672
668
678
675
673
670
662
672
674
678
674
670
676
669
672
673
672
666
675
676
667
675
669
670
671
672
672
669
673
672
676
668
674
669
680
674
673
673
673
673
675
671
673
672
673
663
669
677
675
678
683
679
676
679
671
677
673
668
678
670
674
666
665
674
674
673
673
663
669
671
673
673
677
674
675
673
673
671
670
670
677
675
671
675
669
673
679
679
679
679
683
674
675
677
670
672
678
681
665
675
678
672
665
673
675
679
671
673
674
678
675
671
670
675
681
680
672
679
668
668
675
676
672
680
678
675
677
671
680
677
671
678
670
670
675
679
673
678
677
675
678
670
678
675
678
671
677
677
678
676
676
676
676
676
676
674
673
670
673
669
668
677
667
672
679
672
680
675
669
673
675
668
668
676
674
674
676
672
673
671
675
675
674
674
676
671
670
676
672
670
675
671
675
672
671
674
669
672
674
670
