673
670
670
674
670
671
671
671
666
671
678
670
671
666
673
673
677
679
668
673
671
672
679
669
670
675
671
668
677
672
674
671
674
671
671
669
674
671
671
677
675
682
675
679
673
676
673
668
677
675
675
677
673
676
668
674
669
672
668
669
671
671
670
674
677
674
666
677
672
677
672
672
667
669
670
669
670
678
670
678
670
678
669
670
675
680
679
677
678
675
679
681
677
676
673
679
670
679
675
675
673
672
678
672
672
674
672
671
678
676
675
672
672
676
677
680
682
671
673
670
678
667
671
672
674
672
672
673
674
672
674
672
672
671
673
666
675
678
681
679
676
677
676
677
680
670
674
674
680
679
678
677
675
682
678
680
672
671
674
674
668
667
674
672
675
677
671
676
672
676
679
675
671
672
677
679
676
671
676
667
673
675
666
672
672
675
676
677
675
677
674
675
674
675
664
669
671
669
670
675
667
670
669
669
675
680
675
678
668
663
665
672
675
675
675
675
672
678
670
676
676
674
670
671
670
671
673
671
671
668
672
673
670
672
673
673
668
670
669
674
668
673
670
672
671
670
670
671
675
665
667
675
676
