667
670
671
663
677
669
671
676
663
671
667
677
677
673
670
673
676
672
672
667
670
677
677
673
675
674
672
677
678
672
672
671
674
671
671
675
670
670
670
675
667
674
670
672
682
677
678
677
681
680
682
676
677
673
673
673
672
672
677
676
673
670
674
674
677
676
669
674
671
679
677
674
680
678
675
682
675
675
677
673
677
679
681
675
677
677
678
671
673
679
677
678
676
673
666
672
669
668
669
677
673
673
673
675
673
675
673
674
670
680
673
676
678
677
674
671
679
670
671
668
673
675
672
669
679
678
674
676
677
677
679
680
675
679
676
673
682
675
674
673
680
673
671
671
674
672
668
676
673
678
675
678
672
685
679
673
679
669
680
677
669
677
672
676
679
674
677
674
672
672
677
679
673
672
670
679
679
674
676
676
676
670
678
676
677
670
678
677
678
681
673
661
664
672
670
657
674
675
675
668
677
676
679
676
676
678
679
678
671
674
679
675
677
667
671
672
675
674
674
673
678
676
678
672
667
674
662
676
675
674
678
675
679
675
681
672
674
674
669
669
674
675
675
674
677
676
676
676
673
679
677
