670
668
671
665
670
666
671
673
666
663
670
665
670
669
667
670
669
671
672
673
672
671
675
673
676
678
673
672
671
668
666
671
672
668
666
673
674
668
669
671
672
667
667
668
666
668
662
668
673
674
671
667
668
669
666
674
672
667
673
668
671
669
670
664
670
673
672
672
676
677
671
671
672
667
671
669
673
665
673
673
670
670
665
672
669
672
678
678
676
679
670
676
673
665
671
668
661
673
668
673
666
671
669
674
675
670
668
674
669
668
668
665
674
669
676
680
667
664
670
669
670
668
667
671
675
669
667
668
672
668
672
668
665
667
669
670
673
671
670
675
666
668
673
672
661
670
670
665
668
672
668
677
675
676
667
672
663
673
671
664
667
669
667
674
665
667
668
666
674
673
673
673
675
667
673
668
674
665
667
673
670
673
675
678
668
670
674
674
664
666
674
674
674
678
674
672
674
673
676
675
672
675
676
675
671
673
672
668
669
671
675
670
669
667
673
668
673
661
667
675
669
669
664
671
673
675
670
672
671
671
669
662
666
665
663
664
665
661
662
668
