676
675
674
673
670
673
671
674
670
665
672
667
673
672
668
667
673
669
669
675
670
656
674
675
666
676
673
664
666
664
660
668
669
674
672
670
670
667
669
669
674
668
671
672
664
667
662
671
668
669
667
664
668
668
674
674
668
665
666
670
666
666
672
669
669
659
663
667
661
662
660
665
666
677
674
672
669
669
671
674
673
667
667
670
670
662
669
669
673
670
669
671
667
675
669
669
667
672
669
668
668
661
672
672
672
675
673
672
677
669
671
672
670
665
665
669
677
677
678
676
673
673
672
672
676
673
678
672
670
673
671
669
673
662
665
668
672
670
664
668
666
662
668
666
669
670
668
666
667
660
666
671
670
664
671
672
673
671
676
671
674
676
668
673
670
675
669
667
669
669
668
671
667
670
668
673
669
669
671
665
670
672
673
672
670
672
664
672
669
674
666
670
668
676
670
663
662
663
662
663
668
668
672
670
667
675
668
667
670
671
669
662
665
662
666
670
666
663
667
665
669
658
663
666
663
667
667
668
672
665
668
659
666
670
671
666
673
669
667
670
673
672
666
670
673
671
672
665
667
675
