670
667
669
668
664
672
672
673
670
667
666
664
675
670
668
676
665
669
672
670
672
671
671
669
671
670
673
665
669
669
664
664
672
677
676
672
674
670
669
675
679
664
671
668
669
673
668
671
666
665
672
668
674
670
672
674
664
667
676
675
668
674
673
674
674
672
675
670
674
670
675
672
675
668
667
664
669
677
675
670
671
670
672
667
666
665
670
667
673
671
672
668
666
667
671
674
669
667
674
665
664
668
668
671
670
673
663
668
675
673
669
672
669
669
666
670
674
664
668
673
674
671
677
673
668
675
671
674
671
677
671
676
670
674
672
677
677
672
676
674
675
674
672
676
674
671
672
673
672
667
665
675
667
672
672
664
673
672
664
670
672
669
672
671
669
672
671
678
671
674
674
667
671
668
673
671
668
668
674
670
667
669
670
675
678
672
671
670
673
671
674
670
670
671
670
669
673
668
665
660
664
665
663
669
671
671
669
664
672
666
674
670
670
664
670
661
663
668
664
663
663
663
664
665
670
673
670
670
668
668
663
666
665
667
662
670
669
668
668
665
671
673
666
662
670
664
660
