677
674
672
677
681
666
676
668
677
678
681
677
680
674
675
675
678
679
674
675
674
679
677
679
679
679
675
676
676
678
682
676
675
671
671
678
674
679
674
673
677
675
667
677
675
672
675
669
677
673
673
672
672
676
674
670
677
676
670
671
670
669
667
671
671
667
673
669
665
663
674
670
665
670
673
674
671
668
665
673
666
667
666
671
673
670
673
669
670
670
670
663
667
670
675
669
672
670
676
664
663
665
666
671
666
665
673
667
670
673
669
673
675
669
673
667
671
666
667
671
670
669
668
669
667
663
669
673
669
668
670
668
669
663
664
677
666
667
666
669
669
669
671
672
674
665
669
673
666
667
674
666
675
670
674
668
670
677
675
672
675
677
674
673
671
673
671
670
667
672
669
664
674
666
671
671
663
671
670
670
668
668
671
672
667
672
667
675
668
666
668
669
673
672
673
664
667
674
670
665
666
664
662
664
665
671
666
668
666
670
668
668
677
673
673
670
673
677
676
678
669
671
666
668
675
675
665
670
667
670
676
665
667
673
670
671
671
666
670
672
672
