669
672
672
671
669
666
674
667
670
667
664
671
669
667
669
673
661
671
676
674
672
673
676
671
675
673
675
671
670
680
680
671
674
676
678
676
676
675
676
675
674
676
665
665
664
666
665
666
667
662
665
668
664
664
663
668
670
674
670
671
671
674
674
677
672
671
670
671
668
672
667
667
665
661
666
674
670
669
666
666
672
671
666
669
671
673
673
678
672
675
673
673
672
672
675
671
669
676
673
674
676
674
672
680
667
673
677
676
678
671
674
672
674
672
673
672
671
664
673
665
670
666
671
667
670
669
667
672
668
674
667
670
664
667
667
675
671
666
672
676
677
672
673
676
673
671
673
667
669
670
667
662
671
672
671
668
667
667
674
669
673
669
672
670
672
671
663
670
669
664
663
665
665
666
670
674
670
672
671
671
669
671
671
672
671
673
674
667
668
671
669
672
674
668
667
670
673
674
665
665
672
673
669
672
669
671
666
674
668
673
664
671
671
674
672
673
673
668
674
667
671
665
671
672
669
670
680
671
670
671
667
666
675
672
673
674
670
671
670
665
669
677
671
674
671
669
673
670
672
672
667
676
671
675
669
668
671
668
671
673
667
672
666
