494
494
496
494
498
496
494
499
498
496
499
499
494
499
497
500
496
499
498
498
498
499
496
497
498
498
502
500
501
500
499
499
498
498
499
499
500
497
499
499
502
499
502
500
500
500
504
502
500
500
500
499
501
500
503
499
502
500
499
502
502
497
504
499
499
495
501
502
497
502
500
500
498
501
500
498
500
502
501
502
500
497
502
499
499
503
501
500
501
503
497
502
501
500
501
499
502
496
502
500
495
498
500
500
502
501
500
497
502
499
499
501
501
500
500
500
502
499
502
503
501
497
499
497
498
498
498
500
502
500
500
501
503
503
503
498
502
503
503
502
501
502
500
501
502
500
500
502
502
503
498
502
502
497
501
504
505
506
502
504
502
499
502
503
502
501
502
500
500
501
501
500
501
500
502
499
505
501
501
499
501
499
498
497
500
500
503
502
499
501
498
504
500
500
497
503
502
499
502
500
499
499
502
500
499
500
499
495
498
499
497
498
496
497
498
499
498
498
500
502
496
503
502
499
499
500
496
502
503
501
503
499
498
495
503
496
501
501
500
499
499
498
501
499
500
502
502
500
494
498
494
500
499
