/suphys/joelh/Documents/DNAnano/oxDNA/NewPore/VaryTethLen1
['../Scripts/changeTether.py', 'pore.json', '40', '6', '7', '9', '8']
Initialising pore
/suphys/joelh/Documents/DNAnano/oxDNA/NewPore/VaryTethLen1/len40
/suphys/joelh/Documents/DNAnano/oxDNA/NewPore/VaryTethLen1/len40
           0         0.0000   1.118709   0.294431   1.413140 
          20         0.1000  -1.583825   0.294431  -1.289394 
          40         0.2000  -1.650661   0.294431  -1.356231 
          60         0.3000  -1.691703   0.294431  -1.397273 
          80         0.4000  -1.718827   0.294431  -1.424396 
         100         0.5000  -1.736598   0.294431  -1.442168 
         120         0.6000  -1.748037   0.294431  -1.453607 
         140         0.7000  -1.752972   0.294431  -1.458541 
         160         0.8000  -1.755188   0.294431  -1.460757 
         180         0.9000  -1.756707   0.294431  -1.462276 
         200         1.0000  -1.757911   0.294431  -1.463481 
         220         1.1000  -1.758908   0.294431  -1.464478 
         240         1.2000  -1.759767   0.294431  -1.465336 
         260         1.3000  -1.760517   0.294431  -1.466086 
         280         1.4000  -1.761170   0.294431  -1.466739 
         300         1.5000  -1.761813   0.294431  -1.467383 
         320         1.6000  -1.762389   0.294431  -1.467959 
         340         1.7000  -1.762911   0.294431  -1.468481 
         360         1.8000  -1.763383   0.294431  -1.468953 
         380         1.9000  -1.763840   0.294431  -1.469410 
         400         2.0000  -1.764241   0.294431  -1.469811 
         420         2.1000  -1.764628   0.294431  -1.470197 
         440         2.2000  -1.764975   0.294431  -1.470545 
         460         2.3000  -1.765310   0.294431  -1.470879 
         480         2.4000  -1.765573   0.294431  -1.471142 
         500         2.5000  -1.765998   0.294431  -1.471568 
         520         2.6000  -1.766290   0.294431  -1.471859 
         540         2.7000  -1.766567   0.294431  -1.472137 
         560         2.8000  -1.766799   0.294431  -1.472368 
         580         2.9000  -1.767051   0.294431  -1.472620 
         600         3.0000  -1.767286   0.294431  -1.472855 
         620         3.1000  -1.767512   0.294431  -1.473081 
         640         3.2000  -1.767755   0.294431  -1.473325 
         660         3.3000  -1.767998   0.294431  -1.473567 
         680         3.4000  -1.768195   0.294431  -1.473765 
         700         3.5000  -1.768441   0.294431  -1.474011 
         720         3.6000  -1.768638   0.294431  -1.474207 
         740         3.7000  -1.768881   0.294431  -1.474450 
         760         3.8000  -1.769044   0.294431  -1.474613 
         780         3.9000  -1.769326   0.294431  -1.474895 
         800         4.0000  -1.769472   0.294431  -1.475041 
         820         4.1000  -1.769730   0.294431  -1.475300 
         840         4.2000  -1.769877   0.294431  -1.475447 
         860         4.3000  -1.770115   0.294431  -1.475685 
         880         4.4000  -1.770293   0.294431  -1.475862 
         900         4.5000  -1.770548   0.294431  -1.476117 
         920         4.6000  -1.770741   0.294431  -1.476311 
         940         4.7000  -1.770975   0.294431  -1.476544 
         960         4.8000  -1.771230   0.294431  -1.476799 
         980         4.9000  -1.771518   0.294431  -1.477087 
        1000         5.0000  -1.771879   0.294431  -1.477449 
        1020         5.1000  -1.772629   0.294431  -1.478199 
        1040         5.2000  -1.772908   0.294431  -1.478478 
        1060         5.3000  -1.773194   0.294431  -1.478763 
        1080         5.4000  -1.773373   0.294431  -1.478943 
           0         0.0000  -1.772740   0.298325  -1.474414 
         100         0.5000  -1.600100   0.130238  -1.469861 
         200         1.0000  -1.629099   0.164662  -1.464437 

Running sims

