499
501
501
500
501
503
500
501
502
503
500
501
499
498
499
498
499
498
498
499
497
502
499
496
495
502
498
500
502
501
501
499
500
500
498
499
500
499
500
500
500
498
496
500
501
502
499
502
499
495
499
501
499
499
501
500
497
501
501
498
502
504
500
504
501
495
502
499
502
499
500
503
501
496
500
500
498
501
499
500
499
500
500
501
503
500
502
502
500
501
501
501
497
500
501
500
498
502
499
499
499
493
503
502
497
497
499
498
497
500
498
495
500
501
501
502
501
501
501
499
495
501
499
501
500
501
503
502
502
500
501
502
502
503
497
499
502
498
500
494
500
500
499
502
503
501
504
495
502
498
495
501
499
499
494
501
500
500
498
498
500
500
502
497
501
500
500
500
502
498
502
498
498
500
500
498
499
497
501
499
501
501
501
502
503
500
497
500
499
495
501
499
499
496
498
498
499
502
499
500
499
498
498
498
499
502
500
499
499
502
500
500
501
500
501
501
500
499
499
499
498
499
497
504
505
500
499
500
500
500
501
502
501
502
498
498
504
502
503
505
502
498
500
500
502
500
502
496
499
496
498
501
500
