514
515
511
518
514
514
512
506
515
515
517
518
516
512
512
510
510
512
515
511
518
518
512
513
513
516
518
520
515
514
516
515
514
517
514
512
511
512
514
512
509
513
513
512
511
505
512
513
512
510
511
514
511
517
518
516
513
513
513
514
515
515
514
512
516
514
515
517
514
513
515
513
515
508
510
513
515
516
514
512
514
514
512
511
516
514
514
515
515
512
517
516
514
515
514
512
518
516
514
515
519
513
518
515
512
518
517
515
516
515
515
517
516
515
517
514
515
517
519
518
515
515
518
513
507
513
517
515
518
511
513
510
516
515
512
513
515
510
516
514
515
514
508
513
511
512
514
508
510
511
514
516
514
515
513
518
514
518
517
512
519
512
515
515
514
511
513
513
509
513
517
513
518
516
512
514
513
513
517
512
513
511
517
516
512
512
511
513
512
511
513
510
511
511
509
512
511
508
510
511
511
514
513
512
511
508
511
512
510
512
513
514
513
515
512
513
514
515
513
511
516
511
513
518
516
515
516
515
517
516
510
514
511
515
516
509
509
511
507
510
511
508
510
511
511
514
510
512
513
513
510
512
515
