600
603
601
598
606
604
606
604
599
599
606
604
610
611
607
604
608
598
607
609
604
603
604
603
607
607
604
608
603
604
607
606
605
611
607
607
605
603
606
599
602
603
605
602
599
602
601
594
591
600
592
603
596
606
594
599
602
599
607
601
605
606
603
602
597
605
608
604
598
603
609
601
602
602
609
605
608
602
602
600
601
604
613
610
606
609
603
609
604
605
607
603
608
606
605
601
615
622
618
613
614
613
612
613
612
600
605
605
603
602
604
601
610
601
604
607
607
605
602
601
602
595
600
604
590
605
600
604
601
601
605
605
599
610
609
609
608
601
597
597
608
608
604
608
608
610
610
611
611
611
613
615
619
614
618
621
608
615
616
610
601
607
614
613
612
610
611
611
607
608
604
607
614
613
611
610
608
610
609
614
610
609
607
609
607
605
608
609
604
609
607
609
613
611
606
608
610
612
616
614
615
616
608
621
620
617
620
622
621
622
619
618
621
620
621
623
614
620
615
608
609
612
606
617
612
609
608
611
610
612
607
610
614
616
612
616
614
609
616
614
619
612
605
613
613
612
609
616
616
615
617
615
616
615
610
615
612
608
611
615
616
618
615
615
612
619
