606
607
598
597
598
603
606
610
601
604
603
606
603
606
607
604
605
603
612
611
610
605
601
606
600
605
613
612
615
617
612
609
612
612
621
613
611
618
613
614
610
615
611
611
609
608
619
620
614
615
619
617
613
609
607
608
607
611
618
616
615
612
614
618
616
608
611
613
614
617
614
613
610
609
609
618
619
616
618
616
614
611
615
616
612
613
614
615
616
614
617
618
615
624
618
623
621
616
623
621
619
622
620
625
613
616
616
611
616
614
613
610
614
611
619
617
618
618
614
615
619
612
612
613
610
607
607
608
609
612
611
608
610
608
605
605
605
609
611
612
613
610
609
608
613
611
615
613
613
614
610
608
611
609
608
608
609
611
596
608
606
604
607
603
604
607
604
606
607
608
600
609
609
608
609
608
607
607
606
604
601
597
605
614
612
616
619
612
615
613
611
605
612
612
615
616
608
616
616
619
616
614
613
613
614
615
615
607
606
608
608
602
604
603
601
606
600
603
610
606
609
605
602
611
607
606
613
612
610
607
607
610
607
609
608
609
612
615
610
613
599
612
607
608
613
615
607
608
601
604
609
611
604
605
610
608
610
608
607
603
609
608
604
609
610
609
609
612
610
603
607
