596
593
601
604
604
606
611
605
607
606
607
603
606
606
605
603
607
613
603
609
610
604
611
608
602
611
614
616
613
610
608
609
608
618
609
613
612
610
609
606
616
616
616
613
613
612
614
615
614
609
617
619
611
616
614
613
610
613
606
608
606
612
609
606
610
604
608
611
620
615
612
616
609
607
602
606
604
611
607
609
607
605
602
608
603
603
606
607
606
605
603
611
600
605
609
612
610
611
603
606
604
602
605
603
605
606
609
601
609
612
613
611
607
620
616
611
613
614
617
613
615
615
609
609
610
613
612
611
606
614
610
607
608
610
613
615
617
620
613
613
615
613
610
616
613
613
614
614
612
609
617
614
616
612
607
614
611
619
616
611
612
610
611
614
604
609
599
605
605
612
608
616
613
612
614
611
611
611
606
600
606
606
607
606
611
612
606
603
610
602
604
608
610
612
603
608
609
603
610
608
615
612
614
617
612
614
610
613
609
610
613
614
612
613
604
611
617
608
611
606
610
612
613
605
618
613
610
612
619
613
612
617
615
614
614
607
613
622
615
608
612
617
616
617
620
610
615
618
616
617
615
612
617
617
618
615
612
604
608
606
615
614
611
611
614
608
604
