600
593
593
595
600
595
595
613
611
612
609
612
609
608
609
604
616
609
604
607
610
604
606
600
604
606
605
603
607
599
609
612
606
609
603
608
611
612
613
608
611
612
616
612
609
607
604
608
611
609
616
607
612
612
611
618
619
620
610
619
621
613
608
607
607
605
613
610
615
609
606
612
613
607
607
609
612
609
609
613
609
609
606
608
615
609
613
615
614
615
613
609
612
605
610
607
614
609
609
607
609
615
608
608
607
605
602
610
609
606
610
606
604
609
611
608
610
608
609
611
607
612
612
611
617
613
605
609
615
620
609
614
608
611
610
618
616
612
614
610
610
612
612
615
614
614
614
614
615
612
615
614
613
610
610
608
608
608
611
613
615
613
609
618
613
608
610
617
613
614
620
612
607
615
610
614
616
608
610
608
607
608
599
606
606
608
608
613
610
611
603
603
608
609
610
609
611
606
615
615
611
618
607
615
614
610
608
615
609
605
613
607
614
599
602
606
608
613
611
608
616
610
612
611
606
606
609
606
606
611
607
613
614
611
613
608
611
611
606
609
608
611
610
602
606
617
616
605
606
610
599
604
611
617
612
604
606
608
605
604
612
606
602
607
608
610
607
608
609
612
605
608
608
607
602
607
609
606
609
604
611
610
609
605
609
609
611
614
611
610
