599
596
601
603
609
605
604
598
610
606
608
605
604
610
607
607
610
606
612
605
618
602
607
612
613
618
616
613
609
610
605
611
608
611
611
614
612
608
613
613
615
615
616
620
621
618
612
615
617
612
609
615
613
619
607
615
607
614
612
618
618
613
610
612
616
616
616
609
617
615
619
610
617
617
622
616
614
617
613
616
610
612
612
604
611
612
606
611
609
606
607
609
603
606
606
606
603
608
605
609
606
607
604
606
605
608
607
608
609
611
606
604
605
602
603
612
610
604
604
609
615
608
608
612
605
614
612
607
616
615
613
618
613
615
611
612
610
613
609
608
601
609
604
606
602
603
608
607
605
611
608
606
609
612
610
611
608
611
607
610
605
609
605
610
603
608
607
609
604
608
613
610
612
613
613
611
601
605
598
612
612
607
605
612
608
602
608
602
607
604
607
605
612
610
600
613
607
606
609
606
605
613
615
610
612
609
607
607
610
609
608
609
605
606
607
605
610
616
618
608
613
610
603
616
612
609
608
609
612
618
608
608
609
609
600
602
605
612
609
613
620
610
617
612
613
617
615
614
613
616
614
618
615
619
