948
950
947
950
950
950
952
945
946
941
943
948
952
955
953
955
948
945
953
942
949
950
947
956
957
953
952
953
958
955
959
957
950
953
951
950
947
959
948
956
959
953
961
959
963
968
962
959
967
965
958
958
958
962
958
963
953
956
959
956
956
957
962
964
963
964
959
961
963
956
955
962
952
962
963
957
960
968
957
956
961
954
956
956
970
968
963
964
966
964
968
966
956
962
961
961
958
968
963
967
968
962
954
966
967
962
959
965
969
967
956
957
955
954
961
958
966
959
962
969
965
969
959
968
968
968
963
962
967
960
964
964
964
961
966
961
954
957
965
972
966
966
959
970
967
966
964
967
963
966
957
965
965
960
964
958
954
961
960
950
960
960
959
969
968
961
962
968
962
958
958
960
961
967
963
962
956
971
961
960
961
963
969
967
961
964
963
966
967
965
964
961
961
965
965
961
965
958
964
964
962
968
961
967
957
965
956
965
965
958
965
963
963
968
962
966
964
969
962
969
967
971
973
964
972
973
971
970
969
972
969
970
978
966
969
968
966
969
974
966
970
975
977
976
970
969
973
973
978
972
983
978
971
978
970
980
977
971
980
974
975
971
975
972
974
973
970
972
968
968
965
971
977
977
976
964
968
975
971
969
966
975
973
973
966
969
965
976
974
971
967
971
970
972
966
972
967
965
969
982
976
966
973
979
979
979
974
978
976
975
974
969
974
970
966
971
972
971
969
973
975
968
973
966
969
979
967
975
975
976
974
977
968
971
965
967
970
970
965
971
967
969
968
962
967
970
966
969
966
973
971
972
970
970
968
971
968
970
969
968
970
976
971
972
972
973
974
970
971
975
973
969
969
978
969
974
967
966
968
974
965
972
969
967
972
975
975
975
976
963
975
967
971
977
979
980
969
974
974
977
977
972
974
973
978
978
969
973
977
972
962
966
972
973
973
967
969
975
963
974
968
971
974
975
973
973
964
966
974
972
969
967
968
969
975
970
965
970
966
972
977
979
983
975
979
975
971
974
975
976
968
972
976
969
973
975
972
974
971
974
967
964
968
970
968
972
969
973
970
971
974
979
973
972
971
973
976
968
973
974
968
969
968
974
967
966
974
972
963
970
970
978
975
979
975
976
974
973
970
975
973
969
974
968
976
965
971
980
973
975
964
973
978
970
973
974
971
975
978
972
981
982
975
977
972
974
967
974
971
976
972
981
968
974
980
979
979
979
980
978
976
977
978
976
978
972
982
975
976
978
979
977
978
972
972
974
975
977
969
979
977
981
980
968
975
975
969
981
978
980
979
979
969
969
972
974
972
973
975
976
976
975
973
975
968
968
974
973
974
979
975
971
972
962
967
973
964
974
975
979
975
968
974
961
963
973
972
971
968
967
969
970
970
966
964
978
963
979
972
967
968
967
969
976
973
973
968
968
962
967
973
970
975
966
969
972
974
968
972
964
962
966
966
960
970
973
966
968
967
969
969
970
976
968
967
968
973
977
972
972
966
971
967
959
970
970
971
959
969
964
969
965
975
968
974
973
975
972
968
972
967
960
974
971
971
973
970
966
974
973
964
970
976
976
973
971
973
973
976
976
969
970
978
975
977
978
978
978
959
967
970
966
979
975
970
977
974
971
969
966
970
974
966
968
970
972
972
964
963
962
964
973
961
960
964
967
963
964
971
966
978
968
970
976
978
979
981
973
980
974
973
977
977
975
978
973
976
976
971
972
973
972
973
970
970
968
974
966
966
964
966
971
963
970
966
979
966
974
975
966
973
976
976
976
978
970
972
975
975
985
976
971
983
980
978
972
976
975
977
967
974
973
979
981
975
978
970
976
970
976
980
976
978
976
975
984
981
987
981
980
983
979
981
984
973
975
980
983
982
982
992
985
984
986
977
987
985
978
978
987
986
980
987
985
989
984
983
987
980
979
978
980
987
978
985
978
981
975
978
976
978
979
975
988
978
983
982
981
978
983
985
983
985
981
980
980
986
978
986
985
988
979
978
983
983
975
980
974
986
974
976
979
980
983
979
982
983
981
976
977
977
979
985
985
989
989
980
985
983
986
981
981
982
981
981
980
978
980
982
976
972
987
988
990
980
990
987
984
987
988
989
989
991
986
990
995
990
993
993
989
987
989
986
991
983
989
985
992
996
997
995
998
994
995
988
990
987
993
989
996
990
977
996
991
993
990
990
988
988
990
984
988
987
993
987
995
993
992
985
988
991
987
991
998
993
993
987
995
993
993
992
986
990
994
991
992
994
999
996
999
996
997
998
1006
997
993
994
995
990
991
994
1001
992
999
995
996
994
997
1003
994
997
994
989
986
996
997
987
992
995
992
995
996
999
996
992
995
995
993
996
993
998
991
1003
995
992
988
997
993
987
995
995
994
992
992
991
992
986
990
991
989
990
989
989
992
987
993
993
992
987
997
1002
996
995
1000
996
997
1003
1006
1000
994
992
992
995
991
991
994
992
992
995
992
990
994
988
992
991
1001
992
988
993
998
1000
991
995
988
988
993
994
999
998
987
991
997
986
991
993
991
996
993
1001
995
992
991
987
983
993
988
989
989
987
986
997
994
994
987
992
981
984
983
991
990
985
991
990
983
987
985
994
988
990
992
996
990
994
994
985
1000
996
999
992
1003
1002
997
1003
1000
998
987
995
999
997
998
999
1001
1003
998
991
996
995
994
996
998
1004
1001
999
999
995
991
998
994
996
997
990
997
997
992
994
988
984
989
993
991
992
988
989
991
989
995
997
999
998
997
1002
997
995
997
998
994
995
994
984
988
993
993
986
993
996
984
992
992
999
992
988
992
1000
991
995
997
998
1002
1000
996
996
994
995
1006
997
1005
1002
999
999
999
1004
1003
1004
992
995
1000
997
998
997
999
995
999
1001
1001
994
999
1000
998
1000
997
1003
1003
1009
1003
1007
1005
1008
1015
1005
1006
1010
1005
1005
1000
1003
1002
1003
990
1006
999
1010
1002
1002
999
1003
1008
1004
1008
1000
1013
1002
1002
1004
1007
1004
998
1003
1001
1006
1003
1004
1015
1004
1003
997
997
1006
1001
1009
1008
1006
1005
1006
1003
1000
1008
1007
1004
1003
1009
1007
1016
1002
1008
1000
1004
1006
1008
1004
1002
1001
1001
1001
1001
1004
1005
1002
1006
1003
1008
1005
1008
1006
1010
1007
994
1004
1001
1005
1003
1016
1009
1020
1014
1013
1009
1014
1020
1013
1008
1011
1012
1009
1005
1015
1014
1021
1016
1012
1009
1018
1007
1012
1013
1003
1012
1006
1011
1017
1016
1018
1015
1021
1012
1020
1017
1013
1020
1017
1017
1016
1016
1020
1013
1018
1013
1015
1015
1017
1022
1019
1013
1016
1016
1019
1008
1011
1012
1011
1012
1011
1020
1011
1019
1014
1016
1013
1012
1012
1009
1013
1016
1013
1020
1018
1011
1014
1015
1013
1014
1011
1011
1011
1016
1020
1018
1015
1021
1020
1009
1011
1013
1016
1013
1016
1021
1010
1012
1015
1016
1017
1019
1022
1017
1020
1019
1014
1010
1010
1015
1012
1011
1005
1006
1007
1002
1006
1006
1007
1006
995
1003
1010
1005
1009
1010
1008
1010
1010
1008
1002
1015
1014
1012
1007
1007
1005
1004
1003
1013
1012
1013
1010
1006
1008
1006
1010
1008
1012
1013
1015
1010
1008
1006
1016
1004
1013
1009
1012
1009
1009
1012
1008
1006
1007
1004
1004
1008
1000
1003
1000
1011
1001
1005
1007
1006
1006
1011
1006
1000
1010
1004
1008
1011
1010
1009
1004
1011
1008
1011
1005
1008
1005
1012
1018
1011
1012
1016
1011
1014
1005
1004
1014
1018
1007
1013
1007
1013
1009
1009
999
1005
1004
1003
1006
1010
1009
1010
1009
1011
1008
1009
1009
1012
1002
1005
1007
1011
1000
1003
1004
1000
1004
1006
1006
1011
1016
1009
1007
1011
1009
1007
1002
1008
1007
1011
1010
1014
1013
1008
1014
1016
1012
1009
1016
1009
1009
1011
1014
1006
1013
1013
1009
1006
1011
1013
1012
1016
1014
1021
1021
1020
1015
1012
1015
1018
1012
1017
1016
1011
1010
1017
1014
1016
1010
1012
1013
1008
1016
1006
1009
1013
1025
1013
1014
1016
1007
1009
1012
1014
1017
1008
1010
1010
1008
1014
1013
1016
1012
1004
1019
1010
1008
1012
1012
1008
1008
1014
1007
1007
1014
1011
1010
1014
1011
1009
1011
1014
1012
1012
1008
1011
1010
1009
1015
1011
1013
1011
1011
1012
1009
1008
1007
1015
1011
1012
1012
1010
1016
1016
1009
1011
1011
1015
1012
1005
1011
1014
1009
1006
1010
1011
1013
1013
1020
1015
1007
1005
1011
1017
1013
1011
1006
1016
1014
1018
1018
1019
1015
1016
1008
1004
1005
1010
1012
1017
1014
1008
1019
1011
1016
1008
1014
1007
1013
1015
1005
1012
1019
1019
1011
1009
1018
1012
1012
1012
1010
1011
1016
1009
1010
1011
1011
1010
1014
1015
1009
1014
1008
1013
1014
1019
1011
1011
1015
1012
1009
1008
1012
1005
1007
1005
1001
1020
1020
1014
1012
1016
1019
1007
1010
1011
1013
1014
1016
1007
998
1006
1004
1007
1007
1017
1017
1013
1007
1014
1010
1007
1015
1018
1012
1007
1014
1011
1014
1011
1016
1013
1018
1013
1005
1007
1010
1010
1013
1010
1006
1007
1003
1008
1002
1011
1010
1010
1009
1013
1004
1015
1007
1012
1012
1018
1012
1011
1013
1014
1007
1008
1018
1009
1021
1016
1012
1015
1016
1017
1022
1012
1014
1021
1024
1016
1016
1017
1014
1020
1013
1015
1009
1010
1008
1013
1009
1013
1009
1016
1009
1009
1010
1004
1012
1012
1009
1016
1010
1014
1011
1010
1010
1012
1010
1011
1009
1009
1007
1015
1014
1013
1015
1008
1008
1011
1014
1016
1013
1013
1004
1011
1007
1013
1015
1007
1008
1012
1013
1008
1012
1017
1012
1015
1016
1016
1015
1014
1012
1011
1014
1008
1012
1011
1007
998
1014
1011
1009
1007
1002
1003
1004
1008
1016
1006
1012
1012
1012
1011
1010
1015
1009
1014
1014
1005
1007
1007
1011
1005
1011
998
1011
1010
1012
1014
1003
1010
1005
1014
998
1006
997
1003
1010
1008
1005
1011
1009
1009
1009
1002
1004
1005
1009
1011
1007
1004
1012
1012
1011
1005
1007
1006
1002
1003
1009
1004
1004
1008
1008
1014
1003
1000
1005
1012
1004
1005
1001
1012
1013
1005
1012
1014
1010
1008
1009
1008
1008
999
1011
1010
1015
1015
1010
1017
1008
1000
1010
1002
999
1004
1002
1001
1003
1002
1001
998
1005
1002
1003
1007
1005
1010
1008
1002
1006
1004
1012
997
1006
1012
1004
1004
1003
1007
1004
1009
1007
1011
1002
1006
1010
1008
1010
1003
1013
1004
1007
1004
1011
1006
1005
1007
1003
1006
1009
1003
1010
1009
1012
1011
1014
1009
1013
1010
1002
1006
1008
1012
1008
998
1009
1003
1002
1008
1012
1016
1007
1012
1013
1010
1017
1011
1006
1014
1002
1006
1003
1000
1011
1013
1001
1010
1004
999
1009
1002
1006
1019
1013
1007
1004
1008
1012
1018
1013
1016
1013
1016
1012
1011
1011
1014
1010
1013
1009
1016
1013
1015
1011
1012
1015
1015
1008
1010
1003
1009
1005
1012
1001
1009
1006
1006
1008
1009
999
999
1003
1005
1004
999
1008
1011
998
1004
1006
1002
993
1002
1002
1004
1001
1001
992
1006
1004
993
1002
1010
999
998
1000
1001
1003
991
1001
999
1001
1001
999
1000
1007
1001
1004
1005
1003
1001
1001
1001
1003
1001
1004
998
1003
1000
1001
1001
1002
998
1004
1006
1008
1006
1001
1003
1002
1002
1002
998
1003
1004
1004
1003
1004
1006
1010
1010
1015
1012
1012
1016
1014
1017
1008
1009
1014
999
1009
1004
1006
1012
1013
1008
1005
1007
1008
1007
1002
1007
1006
1010
1001
1004
1010
1010
1006
1008
1010
1005
1005
1011
1006
1004
1013
1007
996
998
1002
1003
997
996
1005
1006
1006
1013
1007
1002
1005
1016
1007
1001
1007
1009
1002
1002
1007
1006
1004
1007
1002
1002
1010
1010
1012
1003
1011
1007
1007
1003
1000
1004
1000
1000
1006
1012
1009
1000
1005
1007
1008
1010
1004
1002
1008
1011
1008
1009
1006
1005
1004
1006
1014
998
1008
1007
1003
1006
1004
1004
1012
1008
1005
1001
1009
999
1014
1008
1004
1004
1006
1008
1003
1008
1013
1009
1015
1011
1009
1011
1015
1009
1006
1012
1008
1009
1013
1009
1014
1013
1013
1019
1019
1010
1011
1008
1012
1012
1011
1009
1008
1011
1016
1017
1010
1010
1016
1003
1005
1008
1011
1006
1002
1004
1011
1008
1010
1011
1008
1000
1003
1007
1002
1006
1007
994
1006
1008
1005
1012
1009
1002
1002
995
996
1000
995
999
1000
1002
1001
1005
1005
1001
1001
994
1001
998
1000
1001
1005
1000
1006
1002
1001
996
1001
1005
1003
999
1006
1005
1002
1007
1003
1003
1008
1011
999
997
992
1001
998
1002
1005
1000
999
1003
1001
1006
1009
1012
1010
1007
1008
1006
1000
995
1003
1009
1008
1008
1010
1012
1008
1006
1011
1012
1013
1004
1008
1007
1017
1014
1012
1005
1008
1006
1004
1009
1001
1011
1008
1017
1012
1004
1010
1020
1011
1010
1010
1010
1005
1009
1013
1015
1013
1010
1012
1001
1009
1009
1009
1008
1008
1009
1016
1012
1014
1009
1011
1004
1010
1025
1021
1017
1010
1013
1010
1015
1011
1017
1015
1011
1010
1015
1009
1006
1010
1010
1006
1015
1016
1010
1011
1011
1010
1012
1005
1012
1015
1008
1014
1008
1009
1001
1012
1009
1010
1008
1002
1011
1009
1005
1008
1012
1013
1012
1008
1017
1010
1004
1005
1007
1001
1002
1010
997
1007
998
1004
1002
992
1000
1003
999
1000
1004
1006
1006
996
1004
1000
1003
994
995
997
994
1006
999
1001
996
1003
1003
1008
1004
1006
994
999
999
1004
1003
1007
997
1005
999
1004
998
1006
996
1000
1003
1000
1004
999
1000
1005
998
998
1001
1002
1002
1003
1004
1005
1002
1002
999
994
1005
998
998
996
996
998
989
997
997
992
999
1002
1002
1000
995
1003
1001
1004
994
1005
997
1005
1001
1005
999
1001
1000
998
996
999
991
1003
1005
1002
1005
1004
1008
997
1005
1006
1000
1000
1003
1005
1003
997
1010
1013
1000
995
1000
1003
1010
1007
1007
1005
1010
1003
1004
1000
995
1002
1011
1002
1004
1004
1004
1001
1009
1001
995
999
1005
1001
994
1002
997
997
1000
1011
1010
1009
1002
1007
1007
1002
1000
1000
998
1002
997
1003
1005
994
997
1007
999
998
1007
997
999
1001
1004
1006
1005
1007
1001
998
1004
1001
1005
1008
998
1000
1006
1001
998
1012
1005
1007
999
1005
995
1005
1005
1002
994
1001
1001
1003
1007
999
1000
1003
1003
1000
999
1000
995
996
1001
1001
1000
1002
1002
1001
1001
996
1003
1007
996
995
995
997
1001
1004
1003
998
1002
1001
1002
997
1003
998
1002
993
993
998
1004
995
1002
993
1004
999
1001
998
1003
1004
1005
1008
1006
1003
1005
999
1003
999
997
997
1002
995
1001
1005
1002
1002
1005
998
1005
1010
1000
1002
998
1001
997
1003
998
999
1006
1000
1002
1002
1002
1006
1003
999
1002
1000
998
1000
997
1001
1004
1000
994
1003
986
1003
998
998
1002
1001
995
992
994
995
997
988
997
1000
1002
994
994
998
1000
999
999
996
1006
1000
1000
998
1000
1004
1001
1004
1006
1006
1005
1004
1007
1000
999
997
1000
1003
993
997
994
997
999
998
999
1000
993
1000
997
1001
994
999
993
1005
1000
1000
998
1003
997
1004
1004
1004
992
997
1001
1000
996
995
1001
1002
993
995
996
996
995
1000
1001
997
993
998
991
997
999
1000
996
995
994
994
997
994
1000
999
998
1003
1002
1000
1000
1007
1006
1002
1010
997
1003
998
1007
1006
994
1009
1002
1003
997
1011
999
1001
1002
997
1004
1009
1007
1009
1004
1002
1009
1008
1006
1005
995
1005
1006
1008
1003
1010
1007
1003
1004
1005
997
1004
1005
1006
1007
1015
1010
1014
1007
1009
999
1013
1014
1006
1011
1013
1008
1008
1008
1011
1000
999
1006
1004
1005
1003
1006
1009
1007
1009
1008
1003
1010
1011
1011
1015
1011
1008
1005
1008
1006
1012
1012
1005
1005
1009
1011
1009
1009
1005
1006
1009
1008
1009
1000
1010
1012
1007
1007
1008
1009
1006
1010
1006
1003
1004
1003
998
1011
1003
1006
1008
1010
1005
1001
1005
1001
1006
1006
1004
1005
1004
1000
1007
1001
997
1003
1000
1002
1003
1004
1003
1002
1003
1004
1004
997
995
1002
998
1001
1003
1004
998
1002
999
1003
1005
1003
1005
1002
1005
1007
998
996
994
1000
997
999
995
997
1003
997
1003
1004
1003
999
999
1001
1008
1001
993
1001
1005
1008
1004
1003
998
1002
999
1001
994
1008
1005
998
998
1006
1010
1009
1006
1008
1008
1002
1008
1013
1005
1010
1005
1010
1014
1009
1009
1008
1008
1011
1005
1019
1010
1012
1002
998
1012
1009
1017
1011
1010
1002
1003
1011
1010
1014
1014
1008
1000
1007
1000
1008
1008
1005
1014
1012
1003
1012
1009
1012
997
1009
1010
1007
1009
1011
1007
1016
1008
1012
1014
1012
1008
1014
1011
996
1003
1004
1001
1004
1005
1011
1007
997
1004
1003
1001
1006
1006
1006
998
1009
1005
1006
1004
1007
1004
1008
996
1001
1007
1013
1007
1010
1010
1002
1013
1010
1010
1011
1007
1002
1008
1005
1009
1006
1007
1009
1017
1008
1013
1013
1016
1016
1015
1013
1013
1021
1011
1006
1006
1003
1006
1000
995
1005
998
999
1001
1005
1011
1010
997
1000
1005
1002
1003
1004
1003
1011
1003
1011
1009
1002
1011
1009
1015
1009
998
1009
1013
1006
1009
1008
1010
1012
1010
1007
1006
1013
1006
1007
1011
1005
1003
1007
1012
1010
1011
1008
1008
1004
1005
998
1000
1011
1008
1010
1000
1008
1005
1007
1010
1012
1006
1010
1005
1005
1002
1009
1014
1008
1006
1002
1012
1007
1008
1010
1004
1011
1010
1009
1008
1003
1000
1003
1002
1009
1007
998
1003
1009
1000
1005
1012
1001
1009
1004
1008
1011
1007
1007
1011
1010
1008
1008
1007
1007
1012
1002
1010
1013
1014
1008
1009
1015
1011
1012
1013
1010
1016
1018
1027
1014
1019
1015
1009
1015
1020
1017
1019
1025
1024
1014
1016
1012
1014
1014
1017
1011
1008
1013
1019
1015
1013
1018
1020
1022
1019
1015
1022
1024
1019
1019
1027
1016
1023
1019
1015
1017
1026
1029
1020
1020
1020
1026
1019
1020
1016
1025
1030
1017
1026
1023
1021
1019
1025
1019
1027
1023
1021
1019
1021
1021
1019
1021
1018
1026
1024
1024
1019
1023
1015
1015
1017
1021
1015
1023
1022
1011
1012
1021
1012
1021
1016
1012
1018
1021
1019
1021
1021
1030
1024
1026
1021
1019
1021
1016
1021
1023
1023
1025
1019
1017
1023
1011
1026
1022
1016
1024
1031
1016
1025
1023
1023
1017
1024
1027
1021
1024
1029
1021
1027
1018
1026
1024
1019
1022
1026
1028
1021
1025
1017
1027
1021
1016
1026
1026
1025
1017
1025
1024
1021
1027
1028
1026
1027
1016
1018
1017
1019
1031
1025
1030
1028
1025
1027
1021
1025
1023
1016
1022
1018
1020
1022
1026
1028
1018
1030
1021
1023
1024
1022
1028
1025
1031
1034
1032
1017
1031
1024
1017
1021
1028
1022
1022
1024
1020
1026
1022
1025
1024
1026
1024
1024
