947
948
948
950
949
953
958
953
954
956
952
951
955
962
966
960
967
963
950
958
959
955
958
966
971
958
955
960
966
964
957
963
958
962
955
959
952
961
961
952
955
960
960
962
962
963
961
966
963
967
976
961
968
961
961
965
966
960
958
952
956
956
956
959
958
960
962
968
956
957
963
965
962
964
961
967
967
968
957
963
960
953
957
955
963
963
962
971
963
959
964
959
965
961
955
963
965
966
959
966
963
958
964
968
957
955
962
963
960
955
955
955
965
961
957
960
961
960
961
964
955
956
956
959
955
959
959
958
957
959
957
964
967
954
962
956
957
953
962
960
962
965
953
958
960
958
962
965
954
960
948
965
955
959
960
956
961
963
960
955
969
966
966
960
964
955
964
966
954
954
960
964
963
959
964
960
963
964
962
960
961
960
961
961
959
961
955
959
954
962
963
963
962
955
955
956
962
953
957
955
955
958
964
963
958
964
955
969
959
959
959
962
951
958
958
964
956
957
950
951
956
957
954
955
962
960
953
959
959
960
963
958
956
956
958
952
955
958
956
957
953
960
957
956
953
957
957
964
957
961
956
947
954
960
949
952
954
952
956
960
960
956
958
958
955
955
952
950
950
953
958
960
959
951
954
951
951
954
957
954
958
957
958
951
951
949
952
958
951
954
952
962
961
959
964
961
968
970
971
965
969
967
963
963
962
970
968
962
957
964
965
956
965
956
962
968
963
961
971
970
972
961
971
967
967
976
975
974
968
963
968
964
958
960
958
956
952
962
960
961
959
959
962
955
956
959
956
963
960
951
953
957
963
962
963
958
954
956
958
963
959
973
964
963
955
962
960
965
966
965
962
962
959
966
971
962
954
967
962
968
966
960
964
972
967
967
967
964
971
967
964
962
964
964
963
963
961
960
963
966
964
967
965
959
960
956
953
960
954
963
959
956
949
961
950
951
951
940
951
952
959
952
958
954
957
951
959
960
960
957
962
962
961
950
966
962
961
961
962
962
951
960
962
952
957
952
956
951
957
955
953
963
975
953
954
960
960
954
956
953
961
955
957
950
959
948
950
949
957
952
956
959
953
956
948
951
958
959
957
955
958
956
965
961
965
961
960
956
954
964
956
949
953
955
958
951
950
962
958
958
959
957
961
956
955
962
961
959
961
956
957
956
955
956
955
965
952
962
959
965
958
957
958
959
963
958
966
967
964
965
957
960
955
961
957
959
959
959
959
961
957
954
954
964
953
955
957
956
951
950
959
955
958
954
955
965
962
960
958
961
954
955
955
957
958
965
957
953
952
957
955
952
958
951
942
955
958
950
952
952
953
966
953
947
955
944
950
960
958
952
964
951
960
961
953
957
958
958
960
958
960
962
955
953
959
959
962
962
955
958
958
960
969
963
961
967
967
962
959
963
961
962
951
957
956
957
961
955
953
958
968
961
956
961
956
962
963
955
966
963
952
955
957
958
956
956
962
961
957
957
964
962
962
965
970
963
957
958
957
966
960
964
965
963
969
965
959
966
965
961
969
961
960
956
960
965
957
952
958
957
959
957
964
952
952
954
960
960
966
962
959
963
965
953
957
965
950
959
954
957
957
966
960
962
963
958
962
957
963
967
964
970
971
968
969
968
969
968
970
965
971
965
963
969
968
965
969
966
967
966
959
971
961
973
966
968
967
969
965
961
961
957
960
961
963
952
960
968
969
972
962
962
959
960
960
952
959
958
956
959
961
959
958
957
961
959
968
973
960
970
959
962
968
970
962
975
972
962
969
968
963
972
965
962
972
970
971
968
968
967
963
970
967
964
972
962
963
962
969
972
967
968
969
961
969
972
964
969
967
969
971
972
963
973
965
971
965
970
976
976
970
975
974
967
971
961
959
963
958
972
963
969
965
974
968
968
972
977
968
975
966
971
966
967
966
972
965
970
963
967
961
966
965
965
967
967
971
971
974
971
967
972
967
969
971
961
967
968
972
971
968
968
966
972
971
971
970
966
965
972
968
967
971
970
968
965
959
962
960
957
961
962
964
969
963
972
971
974
970
975
961
974
976
971
969
973
969
975
980
981
973
981
979
973
977
977
979
974
984
983
975
977
974
969
972
975
968
974
972
969
971
971
974
973
972
969
968
970
969
958
974
972
967
975
971
969
962
975
966
966
973
971
965
962
973
973
970
974
971
979
970
971
968
968
965
974
965
968
966
968
967
970
969
962
961
963
960
970
967
969
967
966
966
958
958
966
967
977
974
976
973
980
976
972
967
974
972
966
977
978
981
979
984
976
976
970
977
982
977
975
979
976
976
982
976
976
978
974
971
971
973
965
970
970
972
972
972
973
978
974
968
966
963
968
973
966
977
979
975
979
970
968
972
979
971
972
972
978
975
966
975
975
977
981
973
965
969
965
976
972
976
975
972
968
978
982
981
988
979
978
973
989
982
980
976
981
977
979
976
975
979
977
975
977
980
975
978
978
975
972
971
974
981
978
976
979
978
981
978
973
981
976
972
980
980
983
980
976
982
982
984
978
979
975
982
976
977
989
973
974
973
980
980
985
970
979
978
981
985
975
983
984
984
986
978
975
983
986
980
974
985
979
984
982
982
989
986
975
980
978
975
974
983
976
980
971
974
970
974
977
974
967
975
975
975
975
976
971
968
977
977
975
980
977
976
986
984
978
972
983
979
982
981
981
979
976
982
974
981
975
981
976
975
981
975
971
979
971
971
976
975
968
969
967
978
980
973
976
975
977
976
975
971
974
969
970
975
971
978
976
975
972
972
985
982
977
981
976
980
978
980
985
982
980
974
980
983
978
975
982
982
982
971
985
977
976
976
978
985
978
978
978
977
981
977
982
984
978
982
985
982
978
983
977
977
975
983
982
978
982
985
986
984
978
981
986
982
983
979
980
982
982
990
985
983
986
981
985
982
984
987
982
983
983
987
982
981
985
978
978
981
984
973
978
971
982
977
983
985
977
981
984
991
986
988
988
975
982
985
984
985
985
987
982
980
983
987
986
979
982
993
981
987
991
991
991
980
986
981
980
987
985
983
983
977
981
981
984
980
981
979
982
977
976
980
979
981
978
985
979
981
983
979
975
982
988
976
978
983
976
985
979
976
980
985
987
983
982
982
983
983
988
982
986
981
983
986
986
986
991
988
996
986
985
988
980
986
991
989
982
982
981
984
984
986
988
982
987
981
987
984
978
980
982
981
985
987
982
983
985
982
985
985
983
981
983
987
984
986
990
987
991
981
986
979
979
976
982
984
976
971
979
978
979
981
981
978
984
985
981
983
981
982
978
987
989
983
993
986
979
988
988
988
986
979
986
992
986
986
992
990
992
991
993
988
988
996
989
979
985
980
986
984
974
965
980
981
981
979
986
989
985
987
977
983
980
980
985
986
985
981
984
972
974
978
976
976
976
980
984
986
978
978
986
985
978
990
986
984
994
992
979
978
988
990
985
991
991
977
986
984
979
975
983
992
981
987
989
991
986
989
983
981
985
986
981
982
981
979
982
986
984
984
976
984
987
982
982
980
991
984
988
988
988
989
982
985
992
990
997
991
988
989
986
993
987
990
980
981
991
989
987
987
996
998
989
982
987
989
981
987
990
984
984
989
988
984
995
997
993
989
985
986
984
988
987
983
982
981
981
987
981
989
976
981
980
984
985
972
989
983
985
983
977
987
986
989
986
979
988
979
988
982
987
989
987
984
988
993
988
978
979
979
983
991
986
986
984
981
984
986
977
985
977
986
979
989
985
987
980
989
983
986
987
980
986
985
985
981
979
982
980
987
986
986
979
985
980
979
976
982
983
982
983
979
981
981
981
985
977
987
980
982
987
989
981
988
976
979
981
984
990
988
987
987
991
985
986
989
986
978
984
985
983
983
981
976
975
983
986
985
983
981
984
981
977
985
985
979
976
981
983
985
979
975
979
979
972
974
976
982
981
994
979
981
980
975
975
978
974
982
975
971
975
973
975
979
977
977
973
972
975
971
967
977
972
979
973
975
974
973
967
976
973
965
969
967
973
976
970
970
969
966
964
972
974
973
965
973
972
972
973
978
971
982
977
977
976
967
980
982
978
982
975
978
981
981
975
979
980
980
977
978
987
981
977
979
977
979
980
978
979
977
977
982
988
990
980
990
990
989
978
981
979
980
975
979
973
986
977
982
982
984
978
983
981
975
986
985
986
983
986
984
982
985
984
980
983
984
981
983
983
983
982
981
981
980
984
992
986
988
988
990
990
977
984
980
986
985
986
979
984
993
983
982
986
984
980
989
985
986
985
983
991
987
988
984
977
985
977
984
973
986
984
987
987
978
983
977
978
986
984
985
977
977
978
984
982
986
980
977
976
975
976
979
985
990
979
986
987
983
983
991
980
991
987
992
989
981
979
990
977
981
979
985
976
979
981
980
969
982
979
974
984
971
973
965
973
977
971
982
985
983
978
982
982
985
979
986
975
984
987
986
979
979
982
985
991
979
987
985
994
994
992
985
986
993
994
993
985
989
987
985
989
989
984
994
984
982
981
983
977
987
978
992
990
986
985
986
994
987
987
984
976
982
974
971
973
980
975
982
977
980
988
983
982
986
976
972
985
984
976
983
980
977
977
978
976
978
979
972
972
968
981
978
970
980
976
978
976
979
981
980
982
975
974
977
974
973
976
977
975
975
981
977
985
982
974
982
981
982
973
971
982
980
979
980
975
975
987
981
974
973
968
977
976
973
975
980
973
968
977
977
977
976
982
976
975
977
979
980
979
975
970
974
976
976
982
989
989
983
978
975
974
974
977
976
972
978
984
975
973
978
980
974
972
971
979
981
978
974
980
982
980
979
982
983
979
980
981
971
978
969
974
981
973
976
974
974
977
979
979
983
974
975
973
982
989
983
985
982
987
984
979
985
986
994
992
982
980
989
972
981
985
981
985
979
988
982
976
992
981
981
981
976
977
987
975
981
983
982
975
978
989
976
981
976
988
985
973
989
978
987
985
984
984
975
972
980
980
980
983
975
982
986
983
984
979
986
979
984
978
978
982
984
982
973
980
975
980
980
978
984
978
991
985
975
978
978
983
986
984
988
987
984
981
984
978
994
978
985
985
986
982
975
985
988
989
984
985
987
986
994
987
987
984
979
985
982
978
983
982
982
982
973
969
986
988
990
982
991
986
992
992
982
987
984
981
987
989
983
992
984
981
986
996
994
989
985
982
981
975
973
988
982
985
985
975
981
983
976
985
981
983
978
988
979
985
987
985
993
990
985
984
986
984
981
982
982
986
983
985
981
987
983
978
980
985
987
976
986
978
985
987
982
979
981
979
983
980
981
973
980
986
981
983
986
986
988
984
980
980
975
986
984
986
975
980
984
984
981
986
981
980
984
985
990
979
990
984
981
978
974
983
981
986
986
991
987
989
990
993
990
996
997
988
986
989
995
995
985
987
987
993
999
990
998
989
984
992
991
996
997
995
990
989
984
987
988
986
984
983
993
991
984
985
985
987
987
981
986
985
990
989
985
985
982
995
986
985
983
980
990
991
984
982
987
989
991
983
985
989
991
992
993
990
991
991
982
988
984
985
986
991
993
986
982
982
990
985
990
984
987
987
992
982
990
992
985
989
992
983
991
1000
991
991
991
991
991
990
994
991
994
994
992
991
993
993
994
1000
984
991
986
993
991
988
986
994
977
981
994
983
992
993
988
992
982
985
992
990
987
990
992
989
988
983
990
988
997
995
1000
995
999
996
995
995
982
983
993
1003
995
992
991
991
989
990
994
994
990
988
992
992
991
991
987
986
991
996
998
996
984
989
990
995
990
994
993
984
988
990
989
987
993
984
978
984
983
983
985
989
981
984
983
974
988
983
989
989
988
988
993
987
994
994
985
986
989
987
995
991
991
1000
1002
1002
994
991
997
992
997
991
999
1001
1003
1001
1001
990
996
991
994
998
988
987
988
991
989
986
991
995
985
990
992
982
995
996
995
990
988
983
991
987
979
984
977
980
981
990
985
989
989
992
988
989
988
988
989
991
991
990
986
982
979
989
984
986
986
991
992
985
990
992
986
993
991
992
994
989
985
989
985
989
988
989
991
991
978
990
988
989
987
997
986
989
982
983
984
986
988
979
986
981
974
984
984
983
981
983
981
978
972
974
977
979
979
975
984
979
983
976
973
972
978
972
973
975
981
974
976
983
980
985
981
980
982
985
981
978
985
980
989
985
984
982
983
985
982
973
984
985
972
978
982
980
975
980
982
974
979
983
985
983
990
986
983
988
991
987
982
985
988
983
985
984
987
998
997
990
997
995
987
992
993
986
991
985
994
991
989
988
983
991
993
982
982
991
985
980
992
990
985
987
996
982
989
993
990
987
992
994
989
982
988
982
982
984
977
981
987
994
985
988
988
996
995
995
985
986
994
987
986
978
980
979
983
975
984
988
989
982
984
980
978
979
976
975
977
989
982
979
982
986
983
981
981
978
984
983
983
988
973
978
972
983
984
987
982
981
986
984
980
992
987
990
988
983
984
979
977
984
986
985
988
978
985
982
981
982
981
983
985
983
984
983
971
970
982
977
984
986
989
985
985
981
989
988
986
992
986
986
984
982
987
980
994
998
996
993
994
986
992
989
991
981
986
986
994
985
989
990
992
990
992
991
995
993
999
998
997
999
995
987
991
992
993
985
990
984
995
994
995
995
982
996
986
992
994
992
987
995
990
993
989
989
990
991
997
1000
995
990
992
991
991
990
997
989
995
999
990
990
989
984
996
992
992
993
999
995
987
996
984
995
994
980
978
986
987
985
991
989
986
995
992
997
995
1001
998
990
992
988
987
989
986
992
988
991
989
987
994
992
988
987
990
995
985
992
988
990
990
990
992
979
985
984
982
987
988
985
991
985
989
993
987
984
992
991
992
988
988
991
985
987
989
985
986
985
994
993
987
986
991
987
982
988
992
991
997
989
990
988
986
990
990
991
994
992
993
989
996
994
992
995
990
988
990
990
994
989
995
1003
993
1004
999
994
998
1000
997
996
993
1005
1007
1003
1000
998
1004
997
992
998
989
990
994
990
999
992
997
1003
997
996
997
986
991
996
989
989
993
987
998
994
991
998
991
998
1003
998
1003
1005
1007
1002
1000
1005
1000
1002
1003
1006
1012
1006
1008
1012
1006
1006
1004
1005
1005
1006
1008
1009
1010
1004
1003
1012
1008
1009
1001
1007
1008
1007
1009
1003
1010
1004
1003
1004
999
995
998
997
995
993
998
991
994
1013
998
1004
1004
999
993
999
997
1000
1004
1000
1006
1012
1002
1001
1003
1005
1005
1012
1013
1006
1005
1000
997
1002
1008
999
998
1002
1000
996
991
999
996
1004
995
1001
999
1000
1001
1006
997
1000
1006
1002
1004
1002
1007
1006
1008
1012
1000
999
993
997
1004
999
992
1005
997
1001
996
1008
1005
1002
1006
1002
1002
998
998
1005
998
1009
1006
1010
996
994
1003
1015
1003
995
1002
1003
1003
1005
999
1006
1005
998
998
1003
1002
1006
1005
1004
1003
1005
1001
994
1009
1008
1002
1005
1010
1007
993
1003
989
996
1000
1003
997
1005
998
997
1004
1000
997
1004
994
993
1001
998
997
996
1000
1006
1000
1003
1003
997
1004
1005
1002
1005
1004
998
996
1002
1000
999
997
997
1001
1003
998
998
1000
1002
1005
1002
990
1001
998
1006
1002
999
1008
1007
1004
1001
1010
1003
1007
1007
1018
1011
1010
1003
1011
1002
1011
1013
1013
1008
1018
1014
1016
1015
1010
1012
1016
1012
1016
1012
1010
997
1011
1004
1009
1008
1008
1012
1010
1010
1004
1001
1005
999
1013
1015
1008
1013
1006
1018
1009
1009
1003
1006
1011
1004
1013
1016
1011
1014
1014
1016
1015
1020
1011
1020
1011
1011
1014
1020
1019
1009
1018
1011
1019
1013
1013
1011
1014
1012
1008
1012
1006
1006
1005
1001
997
1000
1013
998
1006
996
1003
1006
1000
1000
1003
1003
1005
1013
1006
1006
998
1011
1009
1013
996
1002
999
1006
1003
1012
1004
1003
1008
1006
1007
1002
998
999
1003
997
996
1003
1005
998
1003
1002
1007
1003
1002
1009
1001
1004
992
1004
1007
1009
1000
1000
1003
997
999
993
993
990
993
992
995
999
988
992
994
996
996
992
1006
1004
1001
1004
992
998
1002
1008
1000
1009
1000
997
1004
1001
1002
1003
1006
997
