954
958
952
955
951
954
962
962
956
961
960
954
953
947
951
952
953
958
958
959
955
957
957
950
951
955
947
953
953
945
944
950
951
947
957
951
956
955
953
951
950
960
949
959
957
957
962
964
965
961
956
966
962
962
967
962
966
963
970
967
962
968
965
965
968
972
964
968
962
969
968
974
970
966
964
969
977
968
966
969
976
976
976
973
977
975
974
980
982
973
975
982
976
978
976
978
980
982
977
979
981
980
983
978
985
982
981
980
983
987
989
978
977
992
989
981
982
981
986
989
985
984
983
973
979
980
980
970
987
979
989
980
980
978
980
977
980
986
983
983
975
982
987
989
989
983
987
986
985
981
981
976
981
979
980
983
978
985
979
978
980
978
982
982
980
981
985
985
987
984
983
981
983
976
982
988
992
988
983
988
988
986
976
978
973
988
985
986
980
979
983
977
982
984
988
987
983
986
984
980
975
985
978
979
969
980
985
985
989
982
983
983
980
980
982
981
984
986
980
975
978
980
980
973
975
981
982
983
979
972
976
975
980
974
985
986
983
981
979
987
977
975
986
988
985
987
984
983
986
984
983
982
978
981
973
975
978
985
987
984
973
983
975
979
988
981
980
976
986
977
979
983
980
972
979
976
978
969
975
983
981
972
977
973
979
981
982
984
979
990
986
989
987
988
986
991
989
980
994
992
977
988
985
983
988
986
989
985
985
981
990
991
993
989
989
982
982
985
986
991
979
975
977
969
976
982
985
984
985
985
989
987
986
986
989
986
984
980
987
979
984
992
982
985
984
978
982
979
981
975
987
984
984
986
975
983
983
981
982
983
982
981
983
977
984
980
986
981
988
986
994
983
993
994
983
982
990
979
987
988
996
993
992
991
986
999
983
986
990
988
981
982
990
994
989
983
989
988
986
988
988
987
975
980
977
987
980
983
976
980
983
977
975
981
984
981
986
981
986
989
982
979
980
983
978
984
986
985
985
974
982
982
982
979
981
980
981
989
978
985
982
981
981
983
975
987
984
988
986
979
978
987
989
989
991
989
989
985
979
992
985
987
981
984
982
984
980
984
980
986
983
989
994
996
985
988
988
987
995
984
985
980
989
983
986
977
984
988
988
979
991
981
983
986
980
980
988
983
986
987
977
983
977
988
986
982
981
982
984
981
978
980
981
979
980
984
978
972
983
986
985
979
985
991
984
990
991
987
980
989
985
989
986
978
987
993
988
989
993
995
992
996
992
988
989
993
992
991
989
999
993
990
984
988
985
994
996
988
990
986
991
996
991
988
991
997
992
988
993
991
989
988
987
996
990
996
992
991
984
990
989
990
991
999
989
989
989
992
994
992
991
984
988
980
984
985
986
985
980
978
982
984
984
979
989
984
981
987
987
990
981
983
990
985
984
986
979
984
982
979
989
990
990
990
985
990
987
982
978
988
982
981
988
972
985
986
984
984
982
992
982
985
981
987
992
984
984
986
984
988
985
981
985
983
978
982
981
992
986
986
984
988
978
986
987
984
985
983
984
991
989
993
988
981
983
986
985
986
983
988
988
987
991
992
987
987
988
994
998
994
993
988
997
995
995
986
990
994
994
992
991
989
991
988
989
990
984
990
989
983
993
992
986
988
983
993
994
979
991
994
996
1000
995
995
992
994
995
994
995
989
1003
998
999
997
984
993
997
993
995
985
988
992
990
993
995
992
996
996
987
989
997
994
1001
996
995
993
983
992
996
987
988
982
986
985
986
990
993
997
989
993
991
989
995
999
993
990
1009
993
995
996
988
993
992
993
989
990
990
993
1006
996
999
1007
1004
1002
995
995
1000
1004
997
990
993
998
995
988
995
996
998
996
991
984
989
998
982
993
993
990
986
993
991
994
995
985
988
993
993
998
996
1000
991
992
1000
997
996
996
1004
996
993
1001
1000
995
998
1002
1005
997
1000
1001
992
998
997
991
985
995
998
990
987
990
994
998
991
991
986
994
997
990
991
986
987
985
988
985
989
988
989
989
987
992
994
991
991
999
994
989
987
995
990
979
987
991
978
998
982
985
985
982
998
1002
998
985
988
992
985
994
986
981
995
993
989
989
989
984
990
991
979
980
987
982
987
986
981
985
983
980
988
983
987
985
980
983
982
984
988
983
988
979
975
979
982
985
983
977
979
985
983
971
970
978
986
982
980
985
982
977
988
982
981
979
980
985
976
970
972
977
979
972
978
972
977
973
978
981
972
986
979
980
976
978
983
975
982
976
986
987
981
977
988
985
979
983
987
979
983
977
983
977
986
983
989
987
983
990
984
984
986
983
985
986
979
980
984
987
992
988
982
985
984
984
991
995
991
992
986
991
983
993
983
986
988
990
988
988
988
979
996
997
982
991
976
987
987
990
995
987
993
980
987
993
992
984
989
989
993
1001
991
996
997
994
995
994
996
996
996
999
988
984
989
989
986
985
989
987
981
985
995
987
990
991
995
988
993
986
993
989
994
992
985
996
992
990
996
997
992
997
1003
999
1000
993
988
988
986
996
984
987
991
991
993
993
994
992
993
993
987
993
994
991
998
996
998
997
993
991
988
995
991
990
999
991
1001
997
1006
1005
1003
1006
1001
1002
1002
1003
1002
1009
1002
1000
993
1002
1004
1008
1007
1002
1002
1012
1011
1010
1007
1004
1003
1014
1007
1004
1008
1006
1003
1008
1009
1007
1009
1006
1013
1003
1010
1006
1008
1003
1002
1008
1012
1008
1013
1007
1011
1011
1006
1005
1010
1010
1009
998
1005
1002
997
1004
1007
1006
1009
1005
1008
1000
1001
1010
1000
1006
1008
1007
1011
1006
1010
1008
1007
1007
1006
1008
1009
1011
1012
1010
1003
1018
1016
1012
1017
1013
1017
1007
1010
1015
1021
1017
1017
1020
1014
1015
1014
1015
1017
1011
1008
1013
1007
1015
1013
1007
1013
1010
1012
1009
1003
1006
1012
1008
1011
1010
1006
1016
1008
1011
1020
1020
1018
1015
1012
1008
1009
1006
1006
1014
1011
1015
1009
1013
1003
1014
1008
1005
1013
1017
1015
1008
1009
1010
1006
1008
1011
1007
1006
1010
1007
1019
1016
1014
1008
1012
1011
1003
1007
1008
1014
1009
1012
1010
1011
1009
1012
1012
1006
1010
1008
1010
1013
1008
1002
1016
1009
1014
1006
1005
1010
1010
1002
1004
1000
1010
1009
1005
1008
1002
1005
997
1002
1005
1007
1004
1005
1003
1005
1008
1013
1012
1011
1005
1001
1009
1011
1015
1014
1007
1009
1007
1003
1008
1011
1006
1010
1011
1013
1016
1014
1012
1015
1010
1013
1019
1012
1015
1015
1021
1012
1017
1018
1014
1012
1008
1010
1008
1013
1010
1005
1004
1014
1009
1003
1014
1014
1001
1013
1007
1013
1014
1010
1012
1003
1010
1011
1010
1011
1008
1010
1017
1007
1008
1009
1011
1009
1007
1010
1017
1010
1014
1011
1012
1007
1010
1012
1007
1002
1009
1010
1003
1007
1005
1012
1010
1013
1014
1010
1013
1010
1009
1011
1005
1003
1009
1001
1008
1004
1011
1010
1006
1001
1003
1005
1007
1008
1015
1007
1015
1013
1015
999
1010
1014
999
1008
1003
1008
1018
1014
1014
1005
1014
1006
1008
1020
1011
1002
1010
1006
1004
1011
1009
1002
1011
1017
1007
1008
1005
1013
1011
1008
1004
1008
1013
1014
1010
1012
1010
1002
1008
1009
1012
1011
1015
1016
1010
1006
1009
1011
999
1002
1013
1006
1011
1010
1005
994
1004
1000
1004
1007
1004
1011
998
1009
1006
1007
1006
1011
1007
1013
1011
1012
1008
1010
1015
1011
1010
1005
1002
1003
1005
998
1004
1013
1003
1004
1008
1009
1005
1004
1008
1004
1006
1003
1005
1000
1008
1004
1002
997
991
1007
1000
994
1004
998
1000
1012
1005
999
1005
1004
1007
1006
1009
1007
1000
1009
1008
1006
1006
1005
1002
1005
1007
1010
1009
1010
1012
1006
1007
1003
1005
1010
1005
1000
1001
1010
999
1008
1013
1001
1008
1010
1009
1013
1007
1008
1000
1003
1004
1008
1006
1011
1013
1004
1008
1011
1004
1010
1005
1004
1007
1011
1004
1003
1002
1010
1005
1003
1004
1006
1002
1006
1010
1004
1007
1005
1010
999
1004
1007
999
1005
1002
1007
1014
1016
1012
1009
1002
1011
1005
1002
998
1004
1005
997
994
1004
1001
1009
1004
1004
1004
1007
1014
996
1009
1008
1005
1000
1005
1001
998
1004
1003
999
1006
996
1003
1002
1005
1003
996
1004
1006
1002
999
1007
1008
1002
1007
999
995
1006
1006
1000
1001
1001
999
1001
1002
1001
1001
1000
995
996
1002
1004
998
998
998
1004
998
1001
1003
1004
1004
1000
1011
1003
1013
1007
1017
1010
1009
1011
1010
1010
1012
1020
1017
1007
1015
1006
1013
1021
1014
1014
1012
1014
1009
1014
1013
1015
1017
1010
1004
1008
1012
1011
1008
1014
1010
1009
1009
1007
1009
1010
1016
1006
1012
1007
1008
1013
1013
1012
1012
1016
1018
1011
1019
1015
1008
1018
1015
1016
1016
1007
1003
1020
1005
1012
1007
1015
1017
1009
1009
1004
1012
1019
1015
1006
1001
1007
1005
1005
997
1008
1003
1012
1004
1001
1009
1003
1015
1010
1010
1011
1002
1004
1008
1006
1006
1003
1009
1004
1007
1010
1002
1001
1009
1001
1002
1003
1003
1009
992
996
996
1001
1003
1001
1004
997
1000
1009
1006
1001
997
1001
1004
1002
1008
1011
1005
1007
1001
1001
1005
1006
1006
1007
1002
1008
1001
999
1002
1004
999
1005
1008
996
1000
1002
1002
1003
1005
1001
1002
998
1000
997
1005
1001
996
1000
999
997
1006
1010
1003
998
999
994
1003
1002
997
996
1000
1004
999
996
998
1005
994
1002
995
1003
1004
1000
1007
999
1003
1003
1003
1009
1004
996
1004
1005
991
1000
999
996
998
1009
999
1005
1002
997
998
999
999
999
994
1003
996
1001
996
997
998
997
1000
1004
1003
1007
1005
1013
1007
1005
1002
1007
1003
1004
1008
1007
1008
1009
998
1007
1009
1002
1006
1008
1006
1013
1011
1001
1009
1008
1001
1010
1007
1005
1005
1014
1005
1009
1009
1006
1013
1004
1011
1010
1004
998
1008
1003
1001
999
1002
1008
1010
1007
1010
1008
996
1007
1012
1003
1006
1007
1003
1002
1006
999
1003
1005
1009
997
1000
1002
1002
1004
1000
1002
1002
1006
1003
1006
1003
1001
1008
1004
1002
1000
1002
1006
996
1004
1000
1004
991
995
998
996
997
1000
1003
997
1007
999
1002
1005
1004
1000
998
998
1002
1005
1001
997
1003
995
998
988
993
997
991
999
1004
992
994
1001
998
1002
1003
995
991
995
997
998
994
993
998
992
997
992
996
992
999
998
1001
1010
1010
1007
998
1002
1009
1005
1003
1007
1005
1009
1009
996
1003
1003
1003
1004
998
1005
1000
1004
1002
1002
1000
1005
1004
1001
1009
1007
1009
997
1006
1005
1000
1005
1000
998
1006
1000
1008
1005
1005
1006
1007
1008
1007
1010
1009
1003
1009
1001
1008
1010
1001
1016
1001
1007
1005
1001
996
1006
999
1001
998
1001
999
1009
1000
1004
1002
1001
1003
1007
1005
1000
1002
998
1010
1005
1003
1000
998
999
1004
1003
1002
1000
1005
999
998
1005
998
1009
999
1004
1009
1009
1010
1005
1008
1009
1011
1010
1007
1005
1005
999
1003
1009
1010
1010
1011
1010
1014
1014
1009
1006
1011
1005
1011
1005
1003
1008
1008
1002
1004
998
1002
1001
1009
1003
999
1008
997
1010
1001
1007
1007
1000
1001
1000
1002
1009
1000
1008
1008
1005
1007
1013
1007
1011
1008
1009
1010
1005
1011
1009
1014
1004
1009
1009
1006
1006
1010
1005
1007
1011
1004
1006
1005
1002
1010
1010
1005
1008
1004
1008
1010
1008
1014
1005
1012
1003
1006
1010
1004
1004
1001
997
1001
999
1003
1004
1007
999
1007
1005
1003
1004
1002
1009
1009
1008
1001
1010
1013
1009
1015
1012
999
1004
1005
1002
1010
1012
1006
1011
1009
999
1004
1004
1000
1004
1006
998
1004
1003
1004
996
1001
1001
997
993
1006
1004
1002
997
1012
1003
1009
1004
997
999
996
1002
1006
1001
1001
1003
995
1006
1006
1004
1000
999
993
1004
1002
1008
1012
1001
1001
999
1000
1003
1002
1000
1001
994
993
1005
992
994
992
992
991
993
985
992
989
987
997
997
995
993
998
994
994
996
993
999
995
1003
1004
992
985
1004
998
1002
994
993
991
997
991
996
997
1000
1002
999
996
997
997
998
991
995
997
1003
1001
998
993
1003
993
989
995
996
999
1002
999
994
994
999
997
996
993
996
998
999
996
999
1001
1000
1003
1002
990
991
1000
1003
997
1005
1003
1002
998
998
994
1001
1000
995
999
1002
997
998
986
997
1002
998
1000
1004
998
1000
999
996
991
990
997
993
998
1003
998
996
1000
1004
1003
1006
1003
1005
1003
997
998
991
999
996
994
992
993
1000
997
990
993
999
999
998
993
994
998
1000
1004
1004
1008
1006
1006
1007
1006
996
1008
1001
999
993
1004
1002
1005
1001
1001
999
1002
1005
998
1002
1001
1005
995
1004
1001
999
1000
1003
1001
1001
997
998
1004
1000
1006
1004
998
997
998
1003
997
1007
999
1009
1001
994
998
1001
1006
1009
1006
1009
996
998
1000
999
1001
1001
1000
997
1002
1001
1007
1006
1007
1010
1011
1004
996
997
1005
1006
1007
1007
1006
1001
1003
1007
1004
1005
1006
999
1002
997
1003
1002
1000
1001
1002
998
998
1001
1003
997
1001
998
1009
1010
1013
1008
1008
1003
1007
1003
1009
1005
1003
1004
1006
999
1003
1000
1005
1009
999
1001
1003
1013
1008
1007
1000
999
992
996
1001
1007
1005
1000
1001
1007
1009
1004
1002
998
1002
1001
1000
999
1005
1004
1002
1011
1004
1005
1003
1001
1007
1006
1014
1006
1009
1011
1011
1003
1011
1005
1005
1003
1010
1004
1007
999
1012
1003
1014
1008
1019
1010
1010
1013
1011
1007
1009
1010
1006
1009
1013
1005
1013
1006
1006
999
1011
1004
996
1002
1005
1007
1008
1008
1009
1005
1000
1004
995
1006
1000
1003
1005
997
1006
1003
1002
999
1000
999
1006
1005
1003
1005
1013
1006
1004
1003
1006
1003
994
998
1000
999
1000
1004
998
1000
1002
1001
1002
996
997
1001
999
996
1010
1004
1010
1002
998
1002
1002
1001
1000
1004
1005
1002
995
1002
998
998
1001
996
992
999
994
997
1002
998
1003
1000
993
994
993
996
994
1001
988
997
998
995
1004
1000
999
1007
1001
996
993
992
1002
1004
1002
993
996
1001
995
998
1000
998
997
1000
1001
997
995
994
993
994
1004
998
997
992
997
992
994
995
998
999
998
1008
995
998
1005
995
994
996
992
1004
1003
1005
993
1002
987
1005
1005
1003
1004
1002
998
1000
1001
1001
1003
1005
999
999
1003
1002
1003
1008
1000
1007
1002
1004
1009
1004
1013
1007
1004
1001
998
1006
997
1000
999
1003
1000
1000
997
1001
1000
995
997
997
997
987
993
996
997
1001
999
992
993
993
1000
999
994
999
996
999
1000
992
996
999
995
999
999
1000
996
999
1001
998
995
991
999
1000
997
1002
999
999
997
993
995
995
987
1001
1001
991
999
991
994
1001
994
997
990
993
998
997
997
1001
1002
1002
998
1003
1000
1005
1001
1006
1001
1002
989
998
998
994
1001
999
1007
1001
1004
1004
1006
1001
1002
1006
998
998
1000
1002
998
1001
1001
993
988
999
998
997
1001
994
994
1000
994
996
998
999
994
998
998
1004
998
996
999
1002
1002
997
1003
1000
1001
996
998
992
1001
997
1000
996
993
1000
1001
1006
998
1002
1007
1003
1000
997
1003
999
1000
993
998
996
998
997
998
996
996
1007
990
998
1003
1002
999
997
1000
998
998
1007
1002
1001
1005
1006
999
1002
1006
1007
1003
997
998
994
997
995
997
995
997
997
995
994
1001
1005
1000
997
1001
995
999
1002
997
995
996
999
988
993
993
991
993
997
991
990
990
997
997
1001
997
1002
1002
996
993
1005
1001
1003
993
1006
998
1002
1005
995
1005
998
1002
1000
994
999
1002
1002
990
994
1003
997
999
997
995
995
997
995
995
994
1002
996
999
1001
980
991
1002
998
992
995
993
994
994
999
993
999
997
996
1000
996
996
990
997
995
999
994
998
994
1000
995
995
998
989
997
994
993
1004
1006
997
998
992
999
996
988
996
1001
1004
1004
994
1000
1001
999
1001
990
993
998
992
1000
999
994
1001
997
1001
994
993
999
1001
997
1005
1000
1002
999
1009
1003
996
1002
1001
998
994
999
998
998
1003
1002
999
997
1000
1005
993
998
998
989
995
988
990
1002
998
1002
1002
994
1005
1003
1005
1003
992
996
996
991
995
999
1001
1000
999
998
998
997
989
995
995
996
994
994
997
996
998
999
1004
995
996
996
1000
1005
1000
998
989
1003
1002
1008
1001
1005
998
999
997
1003
990
1004
995
996
999
992
1001
998
1003
1001
1001
1002
1002
997
1005
1005
996
1007
1001
1002
1004
1004
1006
999
997
1007
1002
998
1002
996
1010
1010
1007
1001
1008
1004
999
1001
998
1003
997
1002
1000
997
994
1003
1002
1003
996
999
1002
1002
984
994
1000
997
1001
995
990
1002
1006
1002
1003
1002
994
1006
1002
1000
1000
1001
1008
1005
996
1002
1002
998
998
998
999
994
1000
1001
998
1006
994
991
1003
995
997
995
995
1001
998
1000
999
1001
997
1005
1007
1007
998
1001
1012
1003
1003
1002
1006
1000
998
998
1001
993
998
993
999
997
994
986
994
1000
998
993
990
990
997
1000
1005
1007
1000
1003
1002
1003
1006
1007
1002
1002
1000
997
998
999
1000
1002
1000
1005
995
1007
1007
1007
1008
1005
1008
1004
1008
1005
1008
1002
1005
1008
1002
999
1014
1014
1005
1007
1002
1008
1000
999
1000
999
993
1004
997
1007
1007
1011
1007
997
1005
991
1007
999
1003
997
998
991
997
1001
1000
1000
993
994
1003
998
995
996
1007
998
994
995
991
1003
1002
1003
997
997
996
991
1000
995
993
993
1004
998
999
1004
1007
1008
1005
1005
1007
996
1006
999
1005
998
1005
1005
999
998
1000
1008
1009
1001
1005
998
998
1001
1002
993
997
1000
990
997
1005
1004
992
999
999
992
994
1009
999
1000
1006
1003
1002
1001
995
1004
997
1000
1004
990
997
1000
996
1000
1002
1002
994
1000
1000
993
1002
997
999
997
999
993
1002
997
993
999
999
997
1000
997
1002
1001
1005
1003
998
1005
1001
999
1007
1007
1007
1006
1008
1003
1003
1003
1008
992
996
995
995
996
995
1003
1002
1005
1006
1006
1004
1004
1005
1002
1008
1004
1014
1009
994
1004
1010
1002
1008
1006
1001
1004
1002
1009
1008
1003
1003
1003
1012
1009
1004
1011
1011
1002
1006
1004
1006
1007
1005
1008
1011
1013
1006
1008
1011
1008
1008
1010
1010
999
998
993
1004
997
1006
1004
997
996
993
996
1005
1002
1003
1004
999
1005
1000
1004
1002
993
992
996
994
991
998
1004
1000
1000
1003
