949
952
950
948
946
945
950
955
950
950
948
952
947
956
955
955
960
954
954
950
954
950
957
960
962
954
965
954
962
962
952
963
966
964
951
955
963
961
955
959
964
963
953
959
963
955
960
960
958
962
956
956
961
952
959
960
963
965
964
965
959
963
965
966
957
962
962
956
961
961
960
961
969
959
962
958
961
954
964
957
962
962
965
952
964
953
959
949
958
954
958
945
957
953
960
961
964
959
961
966
962
957
963
959
960
959
960
956
963
965
959
959
956
961
962
955
957
952
955
960
966
962
958
960
956
964
967
963
965
956
963
960
965
956
964
960
964
959
960
962
964
964
968
967
965
968
967
962
964
963
956
955
963
962
961
962
958
964
961
968
964
965
967
966
963
964
962
966
958
965
959
954
961
964
958
957
958
959
958
959
961
967
971
972
971
971
968
958
963
966
971
962
962
969
965
970
973
975
980
972
975
972
969
967
974
965
963
965
967
962
960
961
967
963
969
961
969
965
951
965
964
967
971
967
970
973
976
968
974
963
967
957
966
960
968
971
966
968
966
967
975
968
972
971
969
978
981
973
974
982
980
979
972
972
968
970
970
965
966
973
975
980
979
976
980
976
975
972
971
975
969
970
976
971
979
972
972
972
975
975
972
975
971
970
972
967
976
975
964
973
970
973
974
959
965
970
976
973
977
977
981
979
975
975
978
977
975
975
979
975
975
980
978
972
980
972
972
975
975
972
968
977
971
974
967
972
968
962
964
966
969
976
981
975
963
976
972
967
970
971
964
969
968
964
968
966
972
973
969
968
966
961
965
958
971
961
969
969
964
971
961
957
971
972
963
965
969
972
970
971
969
968
971
969
967
967
966
964
974
961
966
968
959
967
966
964
962
968
959
972
972
967
968
969
970
968
965
961
962
965
963
969
965
967
974
977
973
967
970
966
975
970
966
966
970
974
964
966
970
966
963
981
970
977
978
978
971
978
975
979
970
980
979
972
974
986
979
982
975
972
973
969
978
979
969
966
971
968
971
971
962
974
970
966
976
970
970
971
970
976
974
976
975
969
967
974
963
974
975
969
967
971
969
966
974
974
969
969
972
974
962
974
970
967
978
974
965
975
979
978
974
975
973
967
971
975
976
965
967
975
974
962
974
973
970
963
963
966
969
962
966
965
966
969
972
965
973
971
970
976
968
975
975
974
975
975
974
967
982
978
976
980
977
981
977
973
981
972
970
973
976
974
974
970
971
978
975
970
974
982
974
968
973
973
977
973
975
971
974
965
976
973
975
983
980
978
978
970
976
974
974
976
974
973
973
971
974
964
974
974
973
972
971
966
960
956
967
969
969
972
965
973
969
974
971
975
974
972
978
974
974
974
975
976
977
971
974
983
978
971
975
969
967
969
968
970
962
966
960
965
969
967
971
967
971
962
971
968
965
973
973
970
972
979
970
969
968
972
965
965
978
973
967
970
970
973
971
975
968
970
967
972
972
979
975
970
971
969
972
968
969
966
977
969
977
968
977
976
979
973
974
973
964
972
980
982
979
971
969
977
979
981
978
980
975
970
977
972
967
966
982
978
969
968
971
969
968
970
976
977
972
979
978
978
975
973
978
977
973
978
978
973
979
972
972
974
973
967
974
972
975
968
976
979
971
973
979
975
971
974
972
975
976
975
971
972
977
974
969
976
977
975
965
971
971
966
977
973
969
965
967
972
973
971
975
969
973
975
972
968
966
972
972
971
967
964
961
972
963
969
963
974
968
966
961
966
967
969
967
978
970
961
968
972
968
973
972
975
967
965
967
963
959
959
959
965
963
970
971
968
968
966
972
972
970
967
967
964
966
972
973
968
980
971
970
962
973
970
964
969
968
967
972
968
963
969
968
964
974
971
972
966
973
971
972
974
965
955
970
962
959
967
969
970
973
972
970
965
967
966
965
966
967
970
966
970
971
959
978
972
967
970
968
967
976
976
968
962
966
974
967
976
963
975
972
965
968
969
972
969
969
975
974
976
964
964
969
965
966
965
966
966
970
965
973
964
964
968
960
967
967
958
970
966
961
964
967
964
964
965
967
965
969
966
967
973
969
976
968
972
968
962
974
966
972
968
964
965
968
964
962
968
968
964
973
962
968
965
972
962
964
974
964
967
972
968
958
967
970
967
970
973
963
969
962
966
965
971
969
971
971
972
972
964
972
971
967
970
974
969
976
978
965
965
955
959
960
963
965
963
969
974
965
966
963
967
966
965
964
966
966
968
964
964
967
969
970
963
967
970
968
971
973
969
970
970
967
965
968
971
973
966
968
970
971
975
960
970
971
968
966
953
968
974
967
968
969
966
960
967
970
976
968
974
971
967
971
969
969
963
960
961
962
973
968
970
979
973
970
970
971
960
962
963
966
965
964
967
969
964
972
964
967
964
965
965
967
974
967
964
966
970
969
966
965
970
964
964
969
964
963
966
967
968
973
976
973
980
977
980
973
973
962
968
965
968
977
974
969
972
974
972
971
971
964
970
962
968
971
971
966
962
977
967
975
968
971
969
976
971
965
973
974
975
974
976
978
973
973
979
976
971
974
976
970
976
974
976
972
971
969
974
973
977
977
974
977
981
976
970
972
971
979
973
967
973
972
972
970
969
978
974
965
976
971
969
974
978
970
966
965
958
966
970
968
972
967
970
970
968
977
972
975
973
974
975
972
973
970
972
973
974
973
964
971
976
976
969
970
972
974
972
980
971
972
966
978
975
961
977
984
976
974
976
979
982
986
981
980
976
974
978
972
975
973
966
970
976
975
976
976
974
974
976
967
970
969
976
975
975
982
980
977
979
970
976
979
977
982
981
980
981
977
975
982
984
979
977
971
983
982
975
985
981
983
976
974
979
984
985
983
983
979
977
980
984
971
980
975
982
976
978
974
974
977
977
976
968
972
975
975
974
976
972
960
974
970
969
983
976
981
968
978
975
975
974
973
971
968
972
971
970
970
979
972
973
975
974
969
961
969
971
967
971
966
971
970
967
970
973
967
961
973
972
973
969
973
966
973
972
968
967
975
976
973
977
973
981
977
977
970
975
972
968
974
976
975
970
973
979
971
974
971
978
981
978
977
977
978
979
978
977
977
970
976
976
979
977
974
970
974
978
980
974
970
979
978
981
981
979
987
977
982
975
981
969
977
972
974
976
977
984
983
986
989
987
976
987
983
982
984
975
984
971
970
969
974
961
973
976
980
980
979
981
981
985
978
974
976
984
985
981
978
974
976
967
981
981
988
983
982
982
984
982
983
979
982
977
983
974
978
976
976
974
979
982
981
976
981
978
980
984
975
975
983
982
973
982
980
982
979
983
987
984
989
980
985
981
988
990
981
987
981
984
985
985
985
986
981
989
983
985
984
982
992
987
990
985
984
992
989
984
991
987
986
985
988
979
978
985
980
990
985
985
981
985
981
986
990
982
983
986
984
983
986
989
987
989
990
980
977
987
980
984
987
987
985
988
980
982
976
979
992
987
987
984
986
988
984
991
979
987
981
989
985
985
982
992
992
988
979
983
981
985
986
982
982
986
988
978
990
980
984
989
990
987
979
984
978
981
986
989
990
984
994
988
991
982
995
990
986
988
990
979
990
983
987
988
984
983
980
979
989
985
989
990
982
978
983
979
979
983
985
987
979
976
989
982
986
991
978
986
985
984
983
982
987
991
980
982
974
982
982
981
978
982
979
980
983
979
977
976
972
973
985
980
983
978
978
977
980
977
979
981
981
980
983
977
983
984
987
984
982
990
986
979
989
981
983
984
986
981
984
976
980
983
986
982
985
989
982
986
987
989
984
984
979
981
986
984
984
982
982
977
987
989
987
989
990
984
987
992
988
986
976
989
984
985
990
988
984
989
987
984
986
984
984
990
985
984
982
983
985
975
988
986
980
985
988
984
989
987
985
985
975
987
982
989
987
990
987
988
978
986
984
987
985
989
985
987
992
985
983
987
981
988
990
990
992
990
992
985
980
986
988
995
990
991
996
986
990
990
986
989
994
995
994
991
995
984
981
989
989
984
998
993
1002
994
991
998
1000
1002
995
993
995
988
994
995
989
996
990
991
994
994
995
995
992
983
983
990
987
994
985
986
991
990
992
988
990
984
987
985
985
977
985
980
981
972
982
983
984
985
981
990
984
988
985
985
980
990
986
986
991
990
992
991
979
989
992
990
985
987
996
998
996
991
982
995
992
978
989
988
982
991
980
987
988
989
985
984
989
980
979
992
992
989
989
988
991
987
986
985
989
985
988
988
987
991
992
994
989
993
987
995
995
998
986
989
993
993
992
995
995
992
995
998
990
986
987
992
991
988
998
996
994
992
987
990
994
993
990
986
995
995
984
995
994
985
982
990
985
989
986
975
980
987
985
987
996
997
995
990
989
988
993
993
988
990
989
985
984
990
992
991
992
987
985
985
989
991
982
985
988
985
984
985
995
995
994
988
982
986
986
978
985
981
987
989
983
990
988
988
993
994
990
993
988
994
989
991
989
990
989
999
993
982
993
985
996
997
986
992
994
991
991
991
994
995
993
996
996
996
990
995
996
986
989
993
995
997
998
993
992
986
986
989
995
995
992
995
992
994
991
994
996
989
986
1000
994
996
995
990
1000
1000
993
991
994
986
997
990
999
993
988
987
987
993
992
994
995
988
990
991
988
995
995
984
992
984
988
986
993
993
988
989
992
984
990
991
990
991
1003
994
992
990
998
992
995
998
988
992
993
995
996
989
990
993
1001
997
994
997
992
986
991
990
990
996
987
995
994
995
985
996
991
992
988
990
993
991
996
1006
1007
999
1000
997
994
993
996
998
996
991
987
985
996
994
992
989
992
992
998
999
1002
999
994
994
996
996
995
993
1001
989
993
997
995
997
995
1001
993
991
994
991
994
1006
998
996
1001
1005
997
995
1004
1003
1003
992
996
993
998
996
992
999
996
998
996
1004
1002
996
998
997
1002
1006
1002
1007
995
993
997
1003
991
996
993
997
996
996
988
988
990
991
989
987
991
1000
995
995
994
998
998
999
999
997
1000
997
1003
1000
1000
1002
994
1000
995
995
995
996
1003
1001
1003
998
1000
998
998
997
996
1003
993
999
996
995
1003
995
993
1004
998
1003
1010
995
995
992
993
992
994
996
994
1000
1008
997
1006
1004
1008
1007
998
1000
1002
1004
1001
1006
1012
1009
1001
1003
1002
1006
990
999
1001
1003
1009
1007
1004
1000
1010
1007
995
1007
1011
1004
995
1010
1011
1005
1009
1011
1003
1005
997
1009
1006
1006
1004
1009
1004
1008
1011
1004
1003
1002
998
1001
991
998
1005
1003
1007
997
1010
1011
995
1006
996
1002
1001
1004
1004
1001
1003
993
995
1001
1000
1002
1009
1005
993
1003
1005
1004
1001
1002
1003
1000
996
1008
1002
1010
1010
1008
1008
1002
1006
1000
1000
1003
1008
1008
1011
1006
1007
1010
998
1004
1011
1004
1001
1004
1013
1004
1004
1014
1015
1004
1008
1006
1012
1009
1012
1011
1014
1014
1009
1012
1008
1016
1010
1008
1006
1006
1010
1010
1013
1004
1005
1009
1004
1008
1005
1008
1012
1012
1007
997
1009
1012
1008
1008
1005
1010
1007
1007
1013
1008
1006
1000
1007
1003
1007
1011
1007
1015
1012
1017
1015
1012
1012
1014
1010
1011
1016
1005
1018
1010
1013
1004
1013
1005
1008
1010
1013
1003
1017
1016
1005
1005
1010
1002
1004
1000
1005
1009
1002
1007
1010
1004
1016
1018
1007
1004
1009
1016
1013
1013
1009
1005
1019
1012
1005
1003
999
999
1006
999
1005
1014
1008
1005
1008
1004
1001
998
1000
1003
1001
1001
1007
1006
1004
1002
1005
1000
1013
1004
1002
1010
1012
1012
1004
1011
1009
1012
1003
1005
1005
1013
1003
1010
1008
1001
1015
1009
1009
1004
1009
1010
1014
1006
1012
1011
1008
998
1005
1013
1006
1006
1004
1009
1010
1010
1012
1006
1005
1009
1003
999
1008
1009
1002
1005
1008
1005
1004
999
1005
999
991
1004
1001
997
1006
1008
1008
1006
1001
1008
1006
1008
1007
1008
1006
1001
1002
1005
1003
1003
1010
1006
1000
1009
1003
1005
1010
1012
1010
1002
1014
1011
1014
1011
1002
1001
1004
1014
1011
1008
1003
1006
1003
1003
1006
1008
1005
1006
1004
1006
1010
1008
1004
1010
1004
1006
1006
1006
1009
1005
1002
999
1010
1004
1005
1006
1002
1006
1011
1005
1004
1005
997
1002
1004
1003
996
1001
1000
1005
1000
1002
1002
997
1003
1002
1003
1000
994
997
1007
1000
1003
990
995
996
1007
1003
1003
997
1000
1002
995
1003
1006
1002
997
1004
1010
1001
1007
1002
1000
996
998
1000
1004
1004
998
1001
997
1003
998
996
1002
1005
1004
1001
997
1004
994
995
998
1001
1009
999
1000
1002
1007
1006
997
1006
1004
1008
1009
1004
999
1011
1010
1010
1005
1008
1005
1002
1002
1007
1003
1006
999
998
999
991
998
985
991
998
999
999
1009
1002
999
992
995
993
1001
994
1002
1000
994
996
997
988
985
1001
1003
997
1001
996
1011
997
998
1005
1005
1003
1002
1000
1003
998
994
1003
999
1006
1001
1001
1003
1002
1003
995
995
996
1004
1006
996
999
1000
998
1006
1003
1000
994
997
998
987
994
997
994
995
1000
998
993
1003
1000
1000
1002
999
1006
1000
994
1005
995
1002
1003
993
995
997
1003
1003
994
997
1003
994
1004
992
1004
993
1001
988
994
999
997
1000
999
997
993
992
994
988
990
997
998
991
992
1000
995
994
989
986
998
995
999
987
991
996
994
994
998
995
996
998
1004
999
1001
998
987
996
997
994
999
997
998
993
992
992
991
989
989
987
998
997
997
994
999
991
997
995
993
993
985
987
988
987
990
985
986
993
996
1000
993
995
998
988
988
993
994
992
995
993
1000
992
997
1000
993
1000
997
996
996
994
1001
993
992
987
995
989
988
992
993
999
995
999
995
999
990
992
996
991
993
997
991
991
997
995
999
996
993
1003
997
994
992
992
988
989
988
986
984
992
1009
1011
1013
1012
1018
1010
1013
1004
1009
1010
1010
1004
1010
1005
1005
1010
1007
1003
1002
1003
1005
1006
1009
1001
1008
1002
1002
1003
1002
1000
1000
1000
1004
995
1008
1005
1001
1007
1002
1004
1005
1004
1005
1006
1001
1007
1004
998
1008
998
1006
1010
1005
1005
1000
1007
1004
999
997
1008
1004
1016
1010
1004
1001
1000
1003
1004
1006
1009
1008
1011
1006
1015
1016
1016
1013
1019
1015
1015
1008
1001
1004
1002
1006
1007
1004
1007
1007
1007
1008
1010
1013
1020
1011
1012
1012
1013
1013
1011
1009
1009
1013
1013
1016
1006
1014
1017
1013
1016
1013
1010
1011
1014
1016
1019
1020
1018
1018
1016
1012
1018
1018
1019
1016
1014
1014
1012
1011
1012
1014
1011
1015
1006
1009
1016
1013
1010
1013
1000
1012
1006
1012
1007
1005
1009
1012
1006
1006
1006
1004
1005
1001
1011
1008
1014
1010
999
1002
1006
1006
1014
1009
1011
1015
1018
1019
1010
1015
1013
1010
1006
1009
1016
1005
1015
1012
1010
1010
1015
1013
1017
1014
1008
1015
1001
1010
1008
1006
1015
1015
1014
1010
1004
1012
1008
1011
1014
1005
1004
1006
1015
1011
1005
1003
1004
1003
1005
1006
1007
1008
1008
1011
1010
1015
1002
1012
1009
1011
1011
1012
1010
1006
1005
1011
1012
1009
1001
1004
1004
1003
1003
1003
999
997
1001
1010
1002
997
1004
1003
1008
1006
1003
1003
1000
1007
1001
1005
1013
1004
1014
1011
1013
1012
1005
1009
1002
1004
1004
1003
1006
1000
1012
1004
1007
1000
999
1005
1010
1000
1006
998
997
1006
1003
1002
1005
1006
1003
1000
1010
999
1003
1011
1008
1010
1003
1004
1003
1000
1002
1001
1000
1004
1001
1001
998
999
1000
999
999
1004
998
993
1001
1003
1000
995
997
998
1002
999
1004
994
998
997
999
996
1004
998
994
996
994
1001
1003
1009
1006
1007
1004
1003
993
999
1001
1003
1000
997
993
997
1004
1003
1002
996
996
1000
993
1002
1001
997
991
993
999
1001
1003
1002
1001
1002
1003
997
1004
1000
994
1000
997
998
1007
1007
1011
1003
1000
998
1005
994
1003
1000
997
1004
1000
1002
1005
997
1004
1007
1009
998
997
991
1003
1001
1000
1007
1002
1003
1002
1000
1008
1010
1008
1013
996
1012
1007
1003
1003
1004
1004
998
1009
1001
999
1007
1008
1004
1008
1009
1012
1002
1006
999
1007
1002
1001
998
1000
1010
998
1007
1004
1005
1001
1006
998
1003
1006
1002
1006
1008
1001
1002
1005
1012
1009
1009
1012
1007
1008
1005
1007
1004
1009
1006
1008
1017
1005
1007
1010
1001
1007
1004
1006
1004
1012
1006
1006
1007
1007
1002
1003
1005
1011
1005
1009
1014
1016
1010
1011
1005
1003
1003
1006
1000
1007
1003
997
1004
999
998
999
1002
997
999
1001
998
1004
992
1009
995
1001
1008
1004
1006
1007
1008
1009
1003
1005
999
1006
1006
1014
1005
1002
1008
1011
1003
1007
1004
1011
1006
1004
1016
1003
1004
1010
1006
1011
1002
1010
1006
1008
1010
1003
1006
1010
999
1004
1013
1001
1004
999
1009
1003
1002
1009
1001
