954
953
951
959
961
960
960
956
964
963
953
959
959
956
955
963
954
960
954
961
959
967
954
962
961
959
958
961
961
968
950
971
959
962
966
974
969
966
965
960
964
969
971
965
975
970
974
968
963
965
965
967
961
967
973
969
978
976
972
974
968
971
971
972
971
968
981
973
971
964
967
970
972
967
976
962
968
964
965
965
971
967
981
970
973
971
981
977
975
970
971
971
968
970
962
968
968
970
966
961
975
964
971
965
975
974
964
972
971
971
974
973
977
968
979
972
979
973
978
970
968
978
970
970
968
968
965
973
966
962
961
971
969
969
970
974
967
974
974
972
967
974
973
977
971
979
967
973
975
982
985
981
983
975
978
983
983
986
977
980
981
980
981
981
971
982
989
983
984
994
978
988
988
984
981
983
985
981
982
987
995
992
992
998
991
994
986
985
990
988
990
992
993
985
990
991
992
996
990
993
990
996
989
995
997
997
996
983
997
991
999
1005
1003
999
987
989
992
991
989
995
994
995
996
995
1003
998
995
989
994
995
990
994
999
994
991
988
986
986
985
992
1004
996
994
997
995
997
987
982
990
991
986
995
993
993
992
996
995
993
999
998
996
999
1003
993
991
990
993
992
998
988
995
991
992
1001
998
1003
997
996
989
998
996
994
989
996
989
988
990
995
988
998
994
992
994
994
999
993
989
996
1002
997
1002
999
997
999
999
1001
992
990
993
998
1004
994
996
994
1000
998
997
992
988
990
999
993
992
992
999
994
994
992
999
993
997
1000
988
999
987
994
998
992
992
991
997
997
986
994
989
995
995
986
992
991
991
987
990
990
990
996
989
993
986
990
984
1002
995
988
992
988
997
987
1001
994
993
988
995
987
989
990
983
978
1001
986
991
985
990
992
986
990
990
983
990
983
992
993
986
986
975
986
983
983
994
988
993
992
992
989
994
988
992
989
994
989
991
991
994
1001
1001
995
995
995
996
987
995
989
994
988
993
991
998
998
996
991
994
992
990
990
1003
996
998
995
997
997
990
992
992
998
993
996
992
999
993
1004
998
996
989
1001
994
994
996
993
997
989
996
993
994
991
988
990
989
993
990
996
985
980
991
993
987
992
996
995
986
985
985
990
984
985
979
988
987
989
985
989
990
993
984
987
989
990
991
996
989
988
993
989
988
991
988
988
990
997
992
980
987
995
991
991
990
988
989
988
992
990
993
990
990
990
994
991
985
989
978
991
981
987
984
989
986
997
995
991
985
994
982
985
992
989
986
988
984
989
984
986
982
986
991
985
982
976
989
978
987
987
984
986
990
982
991
983
988
983
984
982
980
983
991
977
994
987
994
991
988
987
991
999
996
981
993
993
996
983
995
996
999
990
992
983
991
995
992
993
990
994
994
1000
1000
993
995
994
993
992
987
982
994
992
985
993
988
982
987
997
987
986
991
990
986
985
988
985
992
991
994
988
986
995
988
990
981
990
996
985
983
988
986
992
992
982
982
987
993
994
991
990
990
992
999
997
993
988
989
993
992
996
994
984
984
978
987
983
989
991
988
990
994
982
997
983
995
990
986
990
997
995
997
992
989
996
987
993
988
992
988
999
992
983
988
995
992
990
989
997
986
988
988
993
994
989
989
988
990
996
987
993
986
988
991
991
984
986
990
991
985
989
987
990
982
978
986
979
982
987
990
984
994
989
984
982
988
992
975
982
981
989
984
981
977
990
980
983
982
986
982
989
982
979
979
983
983
983
983
987
984
979
978
980
985
978
988
981
992
988
994
988
984
989
982
985
986
993
984
988
979
990
991
992
991
997
990
988
993
986
982
978
992
980
986
984
986
986
976
975
986
984
982
981
981
982
983
989
985
986
986
975
978
991
989
988
988
990
980
995
987
989
990
987
992
987
992
990
995
987
992
989
995
994
991
983
999
997
991
992
994
992
992
984
989
997
984
986
990
985
995
993
989
993
994
992
1007
999
989
995
992
990
989
992
995
994
996
990
988
990
985
992
993
983
993
991
990
988
991
989
989
986
989
992
995
992
991
994
991
992
994
986
984
990
985
991
989
991
996
992
998
997
993
996
991
996
995
998
992
994
985
987
994
989
995
998
987
990
988
986
980
984
988
984
987
991
991
992
992
983
990
987
990
999
984
989
989
986
984
986
993
993
989
994
992
983
988
983
990
993
984
985
994
987
978
989
988
998
987
991
992
993
993
990
999
1000
996
986
995
994
1000
994
994
994
995
993
994
1000
998
1000
1001
999
997
999
996
995
1000
995
995
989
993
994
991
988
995
989
990
991
997
986
996
996
996
997
998
992
996
1000
1005
1003
997
995
1002
995
997
990
995
992
995
1001
993
997
992
1001
997
995
992
995
991
994
997
992
987
990
989
996
1004
1003
991
983
979
994
992
988
993
998
991
983
987
989
994
995
983
995
988
992
992
995
996
991
993
985
993
988
993
997
1000
999
995
988
994
997
1001
996
987
992
990
994
993
989
987
992
993
989
988
978
990
995
998
992
992
991
993
995
994
985
981
995
992
987
991
991
997
990
994
996
984
990
992
993
996
993
986
994
986
994
991
982
992
992
991
989
992
986
983
991
996
989
993
988
993
986
986
986
982
988
991
987
989
984
990
984
989
987
983
991
998
985
987
984
993
990
1001
993
988
997
992
997
989
996
999
1000
994
994
994
988
987
998
986
991
993
988
995
994
993
1000
991
986
991
990
992
991
997
992
995
995
995
994
998
997
996
988
991
991
990
991
979
987
989
992
989
990
987
991
984
987
992
990
996
995
984
996
989
985
988
996
995
984
994
997
1004
1008
1009
1003
1005
1002
990
1005
990
993
992
1000
993
993
993
1001
997
999
1004
1004
1002
996
997
999
1003
1007
1006
1005
992
1002
997
1003
992
1002
994
993
994
1004
1005
1009
1006
1011
1011
999
999
994
993
989
988
988
990
992
975
992
982
979
981
988
988
994
995
988
994
997
993
988
992
988
995
992
992
989
991
989
989
988
987
990
990
995
990
991
999
995
987
992
990
994
992
992
986
993
993
992
989
995
992
994
998
993
993
992
999
994
989
988
993
991
995
993
993
989
991
998
1002
1001
992
997
997
997
1001
995
994
992
993
990
992
983
1000
994
996
990
993
997
993
998
993
1001
993
997
1000
1000
1005
997
1003
1006
997
1003
1005
995
996
1001
996
1007
1004
1003
1006
1010
1004
1007
1006
1007
1005
1010
1009
1009
1008
1007
1014
1011
1008
1010
1007
1006
1005
1003
1006
999
1008
1005
1014
1011
1008
998
1002
1004
1008
1009
1004
1006
1002
1002
999
1007
1008
994
1008
1004
1006
1005
1004
1001
1002
1007
1004
1014
1008
1013
1011
1005
1001
995
997
1005
996
1007
1001
1007
999
1000
1000
998
1003
994
1003
997
1002
1003
1002
1010
1003
996
1005
1007
1009
1005
997
1003
1010
1003
1010
1010
1001
1006
999
1005
1005
1005
1001
1008
1008
1010
1005
1012
1006
1001
1007
1012
1012
1011
1008
1006
1010
1001
1007
1010
1011
1011
1000
1004
1003
1008
1000
1008
1003
1002
1007
1007
1008
1005
1000
997
1005
1003
997
1001
999
1004
1005
1005
999
1008
1001
998
999
1005
1010
994
1000
1000
999
1006
1007
1003
1007
1003
996
998
1001
1008
1005
999
1001
996
985
1003
1001
1004
991
990
1007
1008
1002
1004
1008
1000
1005
1009
1007
1008
999
998
1001
996
1006
1010
1008
1009
1011
1002
1018
1011
1019
1019
1016
1015
1013
1010
1011
1009
1015
1021
1013
1011
1012
1011
1010
1008
1006
1012
1017
1013
1022
1014
1017
1009
1014
1012
1015
1015
1012
1015
1019
1011
1013
1009
1009
1011
1012
1015
1012
1012
1008
1015
1014
1004
1014
1008
1011
1008
1018
1011
1016
1004
1013
1017
1005
1010
1009
1012
1019
1010
1019
1018
1019
1020
1020
1011
1015
1012
1007
1019
1021
1022
1031
1020
1013
1030
1023
1018
1016
1024
1020
1023
1025
1024
1019
1020
1028
1023
1024
1022
1016
1016
1022
1031
1022
1030
1024
1022
1028
1027
1022
1023
1026
1024
1024
1021
1025
1032
1024
1027
1026
1028
1029
1032
1034
1024
1030
1025
1023
1026
1021
1026
1023
1026
1027
1031
1027
1033
1028
1030
1028
1030
1028
1028
1024
1029
1021
1022
1025
1020
1025
1027
1026
1026
1020
1022
1021
1029
1032
1029
1029
1027
1029
1025
1027
1026
1028
1031
1030
1026
1030
1027
1033
1040
1034
1033
1030
1030
1031
1024
1031
1035
1028
1031
1027
1034
1028
1022
1030
1025
1025
1031
1000
996
1003
1007
1001
998
1003
994
995
996
993
999
1003
1006
1001
1002
1001
1004
1007
1011
1004
1002
1004
1008
1010
1002
1003
1011
1005
1000
1007
999
1003
1000
1002
1006
1006
994
1003
1006
1002
1003
1004
1006
1000
996
992
998
1008
998
1004
1005
1001
1004
999
1003
1004
1003
1003
1001
1007
1002
1005
1004
998
1008
1003
1000
994
1000
996
994
1004
1001
996
999
999
997
997
996
996
1002
999
1002
1002
995
998
1003
1011
1000
1003
997
1004
997
1004
999
998
1000
1003
996
1000
1008
1000
1002
996
999
993
998
1001
989
987
997
1000
995
997
994
997
987
992
986
991
993
989
996
990
988
987
989
995
991
991
995
993
994
993
1000
1001
997
1001
1001
1000
1000
999
1001
991
990
1006
1002
1002
993
1000
994
992
1000
995
1001
993
1005
992
992
1000
997
988
993
995
1001
998
996
1006
1006
1005
1004
1006
999
1008
998
995
1007
1003
1007
1004
1001
1004
1004
1006
1001
1008
1007
1009
1004
998
993
995
1001
1001
1003
1003
1001
1000
1009
1006
1000
1007
1006
1006
1009
1004
1003
1001
1002
998
1008
1002
1007
1003
1003
1003
1001
1004
995
994
996
998
1004
1001
1009
1008
1005
1009
1005
1007
1000
996
1003
1007
1001
998
1003
994
995
996
993
999
1003
1006
1001
1002
1001
1004
1007
1011
1004
1002
1004
1008
1010
1002
1003
1011
1005
1000
1007
999
1003
1000
1002
1006
1006
994
1003
1006
1002
1003
1004
1006
1000
996
992
998
1008
998
1004
1005
1001
1004
999
1003
1004
1003
1003
1001
1007
1002
1005
1004
998
1008
1003
1000
994
1000
996
994
1004
1001
996
999
999
997
997
996
996
1002
999
1002
1002
995
998
1003
1011
1000
1003
997
1004
997
1004
999
998
1000
1003
996
1000
1008
1000
1002
996
999
993
998
1001
989
987
997
1000
995
997
994
997
987
992
986
991
993
989
996
990
988
987
989
995
991
991
995
993
994
993
1000
1001
997
1001
1001
1000
1000
999
1001
991
990
1006
1002
1002
993
1000
994
992
1000
995
1001
993
1005
992
992
1000
997
988
993
995
1001
998
996
1006
1006
1005
1004
1006
999
1008
998
995
1007
1003
1007
1004
1001
1004
1004
1006
1001
1008
1007
1009
1004
998
993
995
1001
1001
1003
1003
1001
1000
1009
1006
1000
1007
1006
1006
1009
1004
1003
1001
1002
998
1008
1002
1007
1003
1003
1003
1001
1004
995
994
996
998
1004
1001
1009
1008
1005
1009
1005
1007
1005
1001
998
1001
996
997
1004
1001
997
996
992
997
992
999
1002
996
999
994
1002
995
1000
996
999
993
1002
997
997
990
990
988
997
998
996
994
1004
989
998
997
1002
997
997
999
990
993
997
1001
993
994
990
990
996
993
986
992
996
986
987
993
998
994
1004
1002
998
992
994
996
998
996
992
997
1001
1005
1013
1001
998
1002
998
1004
996
1000
1001
995
1001
1006
1003
1000
1002
990
1000
994
992
1001
998
1002
1005
1006
995
1008
997
1001
1002
994
993
997
1000
1006
1010
1005
1010
1011
1019
1008
1000
1014
1008
1018
1017
1017
1010
1010
1011
1015
1006
1014
1013
1019
1007
1010
1003
1003
1008
1008
1007
1004
1006
1007
1018
1019
1009
1017
1010
1015
1011
1017
1016
1020
1013
1008
1011
1007
1013
1010
1014
1010
1014
1011
1015
1012
1009
1002
1012
1009
1015
1011
1009
1007
1018
1011
1016
1018
1014
1025
1004
1005
1001
1010
1005
1005
1013
1012
1004
1006
1008
1006
1016
1005
1009
1004
1000
1003
1010
1009
1009
1002
1006
1006
1006
1003
1008
1006
1006
1005
1007
1012
1009
1005
1001
1011
1011
1017
1016
1005
1010
1006
1003
1007
1006
1011
1011
1013
1010
1016
1007
1000
1009
1007
1013
1011
1012
1013
1007
1010
1012
1005
1012
1001
1019
1002
1007
1010
1011
1020
1020
1013
1011
1006
1007
999
1013
1014
1006
1005
1010
1013
1013
1011
1011
1007
1006
1009
1010
1002
1008
1012
1008
1000
1005
1005
1011
1012
1009
1008
1006
1009
1008
1014
1014
1011
1015
1017
1020
1016
1007
1012
1009
1014
1011
1009
1003
1015
1006
1008
1006
1008
1007
1012
1007
1010
1011
1010
1012
1018
1013
1013
1006
1008
1010
1008
1015
1014
1015
1011
1006
1007
1008
1015
1015
1011
1009
1012
1005
1007
1011
1010
1006
1007
1010
1010
1025
1018
1009
1018
1012
1010
1011
1015
1017
1017
1018
1010
1008
1008
1009
1009
1005
1003
1004
1009
1005
1004
1009
1008
1010
1008
1004
1019
1009
1009
1014
1014
1007
1007
1006
1014
1007
1010
1011
1013
1017
1011
1018
1009
1009
1013
1013
1019
1016
1010
1013
1005
1000
1018
1018
1008
1015
1010
1013
1010
1011
1010
1002
1003
999
1000
998
1010
1001
1008
1008
1011
1003
999
1007
1010
1013
1005
1011
1006
1007
1009
1006
1010
1007
1003
1011
1000
1010
1004
1002
1007
1011
1006
1004
1009
1011
1011
1009
1012
1012
1011
1016
1010
1010
1012
1004
1013
1011
1012
1012
1003
1005
1010
1011
1015
1013
1010
1020
1010
1015
1015
1011
1011
1011
1008
1012
1018
1010
1003
1003
1012
1011
1015
1011
1004
1006
1003
1010
1010
1011
1005
1012
1009
1009
1014
1006
1009
1017
1016
1011
1012
1015
1008
1011
1014
1013
1004
1012
1009
1012
1010
1010
1016
1009
1014
1010
1010
999
1007
1012
1009
1010
1014
1014
1015
1013
1002
1013
1013
1012
1015
1017
1017
1009
1010
1012
1012
1002
1009
1018
1016
1011
1015
1015
1013
1009
1008
999
1013
1009
1002
1012
1015
1008
1008
1010
1008
1012
1007
1013
1014
1013
1017
1016
1021
1022
1015
1017
1012
1006
1014
1007
1008
1015
1010
1012
1001
1012
1008
1008
1014
1023
1016
1006
1015
1004
1014
1016
1022
1018
1015
1017
1015
1012
1011
1017
1007
1007
1012
1009
1012
1016
1012
1013
1022
1021
1021
1013
1021
1010
1015
1011
1030
1017
1017
1023
1026
1029
1024
1021
1017
1025
1024
1023
1022
1024
1025
1022
1022
1021
1024
1028
1030
1031
1030
1029
1032
1029
1028
1030
1032
1031
1032
1029
1029
1028
1027
1036
1032
1033
1027
1031
1026
1029
1027
1029
1027
1027
1026
1016
1027
1030
1022
1032
1027
1031
1028
1021
1027
1019
1027
1025
1025
1026
1034
1021
1024
1026
1027
1022
1026
1012
1024
1024
1028
1026
1025
1030
1029
1024
1028
1026
1020
1031
1024
1020
1023
1018
1026
1023
1020
1028
1029
1027
1030
1027
1030
1030
1024
1028
1031
1035
1028
1022
1037
1040
1025
1024
1024
1023
1027
1028
1018
1025
1017
1017
1029
1028
1029
1029
1029
1027
1029
1026
1027
1026
1027
1027
1031
1036
1022
1028
1033
1029
1029
1028
1032
1028
1034
1025
1028
1038
1036
1027
1032
1033
1033
1029
1023
1026
1031
1029
1031
1028
1028
1030
1028
1031
1025
1031
1025
1026
1027
1030
1031
1034
1032
1036
1032
1024
1029
1032
1033
1040
1032
1028
1030
1027
1028
1034
1021
1027
1032
1035
1031
1023
1027
1027
1034
1038
1028
1024
1027
1029
1028
1024
1031
1029
1031
1031
1025
1023
1028
1030
1030
1024
1030
1032
1020
1028
1031
1026
1030
1030
1034
1028
1030
1033
1032
1032
1030
1027
1031
1022
1032
1022
1027
1032
1033
1030
1027
1027
1024
1029
1028
1029
1025
1023
1021
1026
1025
1027
1021
1028
1030
1035
1031
1027
1034
1028
1025
1028
1034
1022
1025
1023
1028
1023
1034
1027
1023
1019
1027
1020
1024
1019
1031
1025
1018
1024
1026
1018
1026
1022
1027
1028
1026
1029
1028
1031
1030
1033
1028
1034
1024
1029
1028
1029
1028
1028
1031
1022
1025
1025
1034
1034
1028
1024
1025
1017
1024
1022
1028
1030
1030
1033
1027
1024
1033
1018
1032
1029
1026
1026
1027
1027
1026
1022
1027
1027
1026
1028
1033
1028
1030
1028
1030
1024
1026
1029
1031
1030
1025
1027
1028
1036
1033
1025
1032
1026
1014
1023
1023
1025
1026
1031
1028
1027
1026
1023
1022
1028
1024
1025
1022
1027
1028
1021
1017
1029
1030
1018
1026
1030
1029
1026
1026
1021
1018
1018
1024
1029
1021
1025
1027
1028
1023
1015
1013
1021
1024
1014
1024
1026
1019
1016
1025
1018
1030
1022
1022
1024
1022
1020
1025
1032
1022
1024
1026
1022
1025
1023
1024
1026
1026
1021
1027
1016
1018
1024
1029
1024
1020
1029
1022
1021
1030
1022
1032
1024
1033
1034
1030
1032
1026
1022
1029
1021
1028
1029
1033
1034
1027
1027
1028
1025
1015
1004
1009
1008
999
1005
1004
1002
1008
1008
1014
1008
1017
1004
1010
1012
1015
1014
1015
1008
1007
1017
1011
1013
1006
1009
1005
1005
1011
1008
1008
1008
1009
1016
1008
1014
1011
998
998
1003
1010
1007
1007
1000
1008
1001
1013
1007
1006
1003
1006
1010
1014
1010
1008
1015
1006
1012
1003
1008
1006
1019
1016
1015
1011
1017
1010
1016
1015
1018
1019
1017
1014
1011
1022
1020
1022
1019
1017
1025
1022
1032
1025
1017
1021
1020
1025
1024
1026
1028
1022
1010
1005
1015
1009
1005
1018
1019
1013
1015
1021
1024
1020
1024
1021
1021
1015
1016
1015
1012
1015
1020
1007
1013
1005
1012
1001
1013
1011
1020
1009
1015
1013
1013
1012
1019
1018
1022
1015
1012
1015
1011
1013
1011
1011
1014
1012
1015
1018
1012
1017
1011
1014
1019
1014
1016
1003
1003
1012
1008
1007
1012
1010
1019
1012
1016
1010
1011
1005
1005
1012
1008
1004
1011
1002
1011
1013
1013
1006
1014
1013
1022
1019
1014
1018
1020
1016
1017
1022
1023
1025
1018
1010
1015
1010
1015
1011
1003
1007
1007
1008
1009
1012
1016
1013
1019
1016
1010
1018
1024
1019
1017
1018
1023
1016
1021
1011
1020
1018
1022
1028
1012
1019
1014
1018
1017
1015
1017
1016
1008
1007
1018
1016
1020
1016
1019
1011
1005
1010
1016
1016
1021
1011
1009
1008
1006
1006
1006
1009
1014
1007
1003
1012
1007
1004
1014
1004
1006
1004
1015
1009
1001
1006
1002
1010
1013
1010
1003
1011
1007
1002
1003
1007
1007
1003
1003
1009
1003
1011
1009
1015
1008
1008
1013
1006
1006
1008
1006
1006
1016
1012
1009
1008
999
1009
1003
1003
1001
1005
1010
1000
1006
1011
1009
1010
1014
1008
1003
1015
1009
1012
1004
1004
1005
1002
1008
1009
1012
1008
1005
1012
1015
1013
1003
1013
1010
1015
999
1004
1004
1008
1016
1005
999
1012
1012
1006
1015
998
1008
1004
1016
1008
1008
1014
1007
1014
1011
1011
1004
1009
1001
1001
1000
997
999
1006
999
1006
1008
1008
1008
1009
1007
1010
1012
1007
1008
1007
1011
1011
999
1003
1009
997
1000
993
998
997
1004
1001
1011
1006
1007
1004
1015
1004
1005
1008
1001
1004
1007
1007
1007
1006
1007
1011
1008
1010
1015
1013
1011
1008
1005
1008
1002
1003
1007
1004
1004
1005
1000
1006
1005
1000
1002
998
1002
1001
1009
1010
1008
1012
1011
1005
1010
1005
1007
1008
1008
1006
1005
1006
1008
1010
1016
1017
1010
1015
1010
1001
1011
1014
1017
1016
1008
1015
1009
1006
1013
1012
1007
1013
1004
1008
1008
1009
1008
1010
1012
1009
1013
1012
1015
1010
1012
1010
1011
1017
1020
1016
1018
1015
1024
1024
1021
1011
1017
1018
1020
1026
1021
1026
1024
1021
1023
1022
1026
1028
1027
1023
1019
1021
1020
1020
1029
1020
1023
1020
1023
1013
1017
1024
1025
1016
1023
1014
1017
1020
1023
1023
1020
1019
1029
1023
1027
1023
1016
1030
1029
1027
1023
1023
1020
1023
1025
1022
1015
1019
1023
1018
1012
1012
1010
1018
1016
1018
1017
1015
1020
1023
1015
1026
1020
1014
1013
1022
1021
1019
1020
1020
1028
1020
1024
1017
1014
1013
1013
1013
1017
1017
1022
1020
1019
1020
1017
1016
1012
1016
1003
