954
953
954
948
952
950
953
951
952
953
953
950
951
959
952
956
959
955
957
960
953
953
962
963
961
956
948
959
960
953
952
959
953
955
961
961
963
955
963
957
962
957
963
950
956
953
952
959
957
961
960
957
952
953
959
947
957
955
963
962
952
956
959
960
958
957
955
955
960
956
955
958
952
959
962
952
962
961
956
960
958
964
964
959
961
958
955
958
952
954
955
958
960
961
955
955
959
952
951
965
960
967
960
951
960
962
957
951
954
956
951
950
950
959
956
962
967
965
966
965
965
961
960
966
965
968
980
956
959
959
959
964
961
964
961
964
961
967
965
971
967
954
973
974
968
976
974
978
975
976
973
974
979
976
976
968
977
981
983
972
975
960
978
980
979
979
981
984
987
976
990
986
978
985
986
991
985
993
991
993
985
987
988
991
992
995
990
993
989
986
988
992
990
979
992
989
983
985
989
990
975
979
985
982
992
984
983
978
986
986
989
980
986
988
981
985
991
982
986
990
988
986
984
993
985
994
994
987
983
989
991
989
990
994
995
995
994
983
996
986
985
984
988
986
986
981
986
995
989
986
991
987
986
993
986
990
986
987
985
991
994
989
989
994
987
995
990
993
991
988
989
978
990
984
986
989
985
984
980
982
993
988
993
995
988
990
985
989
981
983
994
992
986
1001
994
992
992
987
985
996
994
992
996
992
996
995
989
989
990
987
992
987
982
994
990
989
993
987
988
988
986
988
984
988
984
988
987
980
992
988
988
984
985
991
985
978
984
990
990
981
985
982
988
987
986
986
989
988
987
986
985
984
984
984
983
981
979
985
983
979
983
982
992
989
983
986
983
980
981
983
982
978
978
982
984
987
981
988
981
991
990
989
985
982
987
983
990
983
987
984
986
977
985
986
979
979
983
989
987
984
988
982
988
994
986
993
988
990
989
989
984
989
990
987
988
984
987
996
988
983
987
989
990
984
988
988
981
983
989
986
988
988
987
988
988
987
986
984
977
982
983
985
983
972
986
983
992
987
985
991
987
986
976
985
987
979
985
983
985
985
983
986
977
983
982
989
991
988
984
983
983
990
987
985
988
982
979
989
988
986
987
981
995
991
980
990
981
990
981
979
981
982
990
988
991
988
990
985
989
991
992
990
994
987
993
992
995
987
982
982
982
982
976
977
978
979
983
987
984
981
985
988
984
983
988
982
988
994
988
986
987
990
994
995
989
994
987
986
985
991
979
988
993
985
989
997
983
987
984
987
988
988
983
989
984
993
992
980
986
993
989
986
983
986
991
988
980
990
990
986
985
992
992
982
984
981
981
986
979
984
983
984
985
982
983
984
983
973
979
981
981
992
982
981
980
988
988
977
983
989
983
993
980
989
988
986
982
984
983
988
984
988
988
986
989
992
990
983
988
988
983
981
987
982
986
991
993
992
988
990
990
995
993
992
997
992
996
996
998
1002
998
995
989
997
991
993
1000
995
995
994
991
995
995
987
993
991
995
996
993
997
993
994
990
987
990
988
994
997
991
994
992
992
998
990
991
991
994
984
991
989
993
994
987
996
994
985
992
988
991
996
989
988
981
985
990
988
984
982
976
986
986
993
983
982
984
986
989
989
992
988
990
988
989
987
984
982
986
984
986
986
983
985
980
987
976
985
982
984
988
988
987
993
989
985
988
983
987
987
983
985
983
983
990
986
985
980
988
994
992
989
993
990
999
992
992
989
988
996
993
988
986
987
988
991
990
988
987
989
992
987
990
993
987
990
994
995
995
991
989
985
993
991
995
997
996
997
989
988
990
999
996
993
981
993
990
988
986
989
992
997
996
991
988
999
989
993
991
992
996
980
992
987
990
989
990
988
995
989
996
996
988
988
995
993
988
992
986
997
993
998
990
991
990
987
996
994
988
995
995
991
994
994
988
995
997
996
999
993
999
1000
1001
994
998
991
994
990
996
994
990
994
988
993
997
995
992
994
991
991
984
995
981
992
991
989
987
997
993
989
993
987
996
992
995
991
989
991
986
981
981
989
983
983
982
991
988
990
989
992
988
985
990
999
993
997
989
989
1000
988
991
989
993
990
985
1000
992
990
988
993
993
999
1001
992
997
995
987
984
997
979
998
990
983
992
989
980
985
996
990
992
986
994
990
990
988
995
995
991
991
986
986
989
991
981
988
986
990
992
996
985
989
983
987
987
991
984
987
993
985
988
988
988
994
995
990
998
998
993
993
997
994
988
992
992
994
993
993
987
990
996
995
996
991
985
988
985
991
991
994
984
992
988
986
994
991
993
989
989
989
991
989
983
986
988
980
989
994
990
993
998
989
991
993
989
993
992
988
987
983
989
987
991
990
993
991
991
992
987
987
987
981
991
994
996
992
991
979
989
993
980
982
988
982
981
991
988
989
978
990
993
989
988
991
986
984
989
987
989
990
991
990
983
987
980
993
994
987
989
990
990
989
987
990
990
991
998
1001
1002
994
999
992
1000
996
1003
993
1002
997
993
993
981
988
992
982
991
992
988
987
975
981
985
981
980
983
984
985
987
980
983
981
989
985
987
986
988
993
987
983
984
980
984
984
990
985
991
986
983
982
979
985
983
989
980
985
987
981
984
983
975
979
990
982
990
990
983
984
985
982
989
994
992
981
993
992
982
989
982
983
985
985
986
988
983
989
983
981
978
978
983
980
987
979
979
988
987
989
987
984
986
993
991
987
997
994
996
988
997
988
983
990
989
986
995
988
989
978
982
993
988
987
986
985
983
992
980
984
987
984
984
984
981
986
979
982
985
988
984
979
987
985
982
983
986
988
982
981
979
978
979
990
987
978
980
997
984
986
986
977
984
987
986
977
987
985
984
980
990
992
991
988
989
981
982
989
988
985
993
992
981
991
985
992
982
993
990
997
989
986
984
989
987
991
987
983
995
994
993
996
1003
993
999
997
1000
997
997
996
996
993
993
992
990
988
992
994
1004
996
989
1002
996
993
987
990
999
993
999
998
996
994
996
996
999
993
992
997
995
991
995
995
996
997
995
998
998
999
1003
997
997
997
996
998
1000
988
1004
999
994
996
997
996
1001
998
1001
997
994
999
993
993
993
999
994
995
990
995
984
986
986
995
998
990
1000
1001
991
992
989
999
1000
1001
999
996
994
990
989
995
999
990
994
997
989
998
999
988
996
995
988
997
1000
995
1005
1000
992
994
1000
1007
999
1000
998
998
998
1007
998
1003
1001
1009
1008
1009
1005
997
1006
1006
996
999
1007
1005
1001
1001
1005
1005
1001
1005
1003
992
997
995
998
993
994
998
990
984
986
995
987
993
988
988
988
989
988
988
987
982
994
989
991
998
996
1009
1001
995
992
999
1001
992
988
1004
998
986
995
989
989
990
992
992
987
988
978
989
986
989
988
997
986
991
993
997
997
991
992
997
996
994
998
997
995
996
988
995
1001
990
994
984
990
988
988
989
997
993
1001
997
992
990
994
992
993
992
977
991
988
987
981
992
995
990
988
988
1002
1002
994
991
983
992
994
989
991
985
998
996
997
996
991
993
994
988
994
989
991
993
994
990
991
999
999
999
989
1000
1000
1006
996
997
996
1000
997
995
991
997
990
994
995
991
990
990
995
996
997
997
995
994
992
1005
994
1000
991
992
997
987
995
993
993
995
996
988
994
997
995
987
991
992
998
996
996
989
992
990
992
985
987
980
994
994
996
994
991
993
987
997
997
993
995
989
986
994
990
993
988
981
987
989
996
989
994
986
990
990
997
1004
999
994
991
992
994
1002
986
994
987
995
998
1000
1000
990
998
989
995
996
993
997
998
994
990
998
994
984
990
994
990
988
996
989
1002
1001
995
1005
997
991
994
994
995
991
996
996
985
992
989
994
991
998
994
988
995
996
994
994
999
993
998
994
999
992
988
988
985
990
993
987
990
997
984
991
986
988
986
987
992
989
996
984
985
990
988
985
978
986
989
985
984
978
982
986
981
983
984
983
983
985
984
986
988
983
985
989
988
986
990
982
984
979
988
982
987
984
982
988
985
986
992
989
990
985
992
986
991
984
985
984
989
989
987
994
980
987
984
984
989
983
981
983
985
981
983
981
985
988
988
988
985
986
979
988
990
984
991
980
988
987
991
990
987
982
973
982
983
988
980
979
987
982
988
986
985
989
990
983
987
983
986
986
988
986
986
984
989
976
985
992
984
993
989
992
984
990
984
974
984
986
984
991
984
981
985
983
988
983
991
988
985
988
984
988
988
984
984
989
992
990
993
994
987
984
996
988
987
986
986
991
991
988
995
989
985
987
993
984
989
988
986
988
993
991
993
987
992
991
981
991
987
990
990
989
989
993
987
989
981
987
986
988
994
991
986
991
981
986
1000
989
992
989
995
989
991
990
990
981
985
988
991
984
983
988
991
982
985
987
986
979
994
990
990
995
995
991
997
990
987
992
993
988
991
993
991
991
985
1000
997
996
989
992
990
988
989
992
995
985
990
992
985
980
988
983
992
987
989
984
986
990
986
992
984
991
986
990
986
992
995
990
993
994
988
987
991
992
984
989
986
973
988
983
991
990
980
981
983
984
983
976
987
985
979
984
984
980
989
978
988
993
989
991
981
987
995
983
988
993
988
987
979
982
980
981
982
984
984
977
984
984
979
974
975
978
982
976
975
983
983
979
980
987
977
981
983
986
985
979
977
976
978
977
979
981
980
983
981
980
987
984
983
981
983
985
974
984
982
984
975
986
978
980
975
983
975
984
983
982
982
981
977
983
978
984
982
988
984
980
982
972
978
981
981
976
975
980
981
973
974
976
987
973
977
968
981
975
986
979
983
986
976
980
981
987
980
984
985
982
980
979
983
989
984
981
983
983
981
971
985
984
981
981
978
983
983
981
984
985
982
981
977
979
983
979
980
976
980
978
979
980
977
986
981
983
978
976
981
982
981
977
986
979
980
975
979
982
979
983
978
984
989
986
983
990
978
972
985
982
977
984
980
990
983
980
985
981
983
982
984
993
981
987
987
986
978
985
988
984
989
982
983
981
980
974
985
983
986
984
984
988
980
980
987
985
985
977
980
984
985
982
984
982
978
986
986
985
991
981
987
990
981
980
981
978
980
981
978
981
985
986
987
980
985
984
981
978
976
984
987
986
982
991
987
983
985
986
984
984
983
981
985
984
982
980
984
984
981
994
981
981
982
987
983
982
986
973
979
981
977
982
982
981
987
982
981
985
987
995
987
984
982
983
982
986
981
975
982
985
986
983
983
982
974
984
986
984
985
985
977
983
988
992
987
971
987
988
981
982
985
982
989
982
980
988
977
979
979
984
983
982
978
979
983
982
981
989
985
984
984
982
985
977
984
984
979
985
984
983
978
983
989
985
985
981
984
983
987
984
989
982
987
977
983
978
987
988
987
982
985
985
992
991
990
982
984
990
985
997
999
995
988
985
994
992
985
987
992
988
987
987
992
983
985
988
995
987
990
987
992
991
998
999
996
985
995
999
989
991
982
995
997
994
982
993
985
989
992
986
991
990
988
982
984
986
987
988
987
990
993
993
992
989
996
984
985
996
994
990
986
989
980
980
984
984
978
990
985
977
986
988
983
978
978
989
986
983
979
979
980
985
978
986
985
986
989
982
984
981
986
989
992
982
980
984
988
990
997
996
992
985
982
988
985
983
983
989
986
987
984
995
990
984
994
990
992
991
991
992
988
995
987
986
985
991
986
985
984
988
989
983
975
987
987
989
989
990
993
987
988
989
978
986
980
987
981
997
991
993
992
985
986
986
988
982
992
996
994
994
993
995
995
995
997
993
998
1000
1003
993
990
991
996
990
986
993
985
993
990
989
995
987
989
995
990
999
1001
998
990
997
996
997
989
996
995
996
987
990
994
988
990
991
986
984
989
996
989
991
990
992
989
981
982
984
986
986
984
990
988
992
984
982
989
991
993
992
991
996
993
997
991
989
988
985
997
995
1001
994
1000
998
995
993
998
992
998
992
993
991
992
987
992
980
991
993
986
991
998
993
989
991
981
989
992
983
988
991
992
989
992
991
990
986
983
991
988
983
987
990
992
987
994
996
999
982
999
991
994
991
992
1000
995
985
990
991
987
999
996
995
992
995
996
998
1008
995
996
993
1002
994
987
993
997
990
993
997
988
996
994
998
993
1005
993
990
989
984
992
994
1000
1000
994
993
987
994
999
999
996
991
995
999
989
992
988
996
995
990
998
984
997
995
997
996
991
991
986
982
983
993
993
986
986
988
998
987
995
990
994
995
991
994
996
992
991
992
998
994
997
993
994
992
996
987
994
996
996
996
1000
1000
999
1007
1002
996
988
1002
992
1000
992
991
996
998
1002
992
996
994
989
992
996
985
993
997
994
996
988
997
997
996
997
989
992
988
999
1002
1005
1000
1003
993
994
1001
989
995
994
998
995
989
989
984
989
996
995
996
999
994
997
988
994
991
999
996
998
992
992
985
993
992
991
991
993
991
990
986
992
998
992
987
989
989
986
990
991
993
995
989
996
990
991
990
985
978
991
996
987
991
993
983
989
989
988
992
988
989
994
988
991
990
993
987
989
985
998
988
991
988
982
994
990
993
995
994
994
986
998
996
990
995
990
989
984
998
991
995
1001
986
985
989
997
998
998
997
988
987
988
988
988
998
989
985
995
978
998
998
994
988
987
989
993
995
989
993
987
991
993
991
980
989
989
990
992
988
990
985
991
991
993
989
989
987
989
987
986
996
994
992
992
991
987
986
993
981
989
995
993
994
992
989
991
986
994
996
987
991
996
994
993
998
992
990
991
991
991
994
1000
996
994
988
988
991
981
989
988
989
991
986
991
993
993
989
986
993
987
991
991
986
984
991
984
980
989
989
987
983
995
983
984
985
983
990
986
984
991
980
988
987
985
984
992
990
990
992
985
980
980
986
981
991
990
991
987
980
983
981
984
990
991
989
988
989
993
996
993
994
990
993
987
993
987
989
990
994
991
999
994
987
991
991
988
994
986
988
994
999
992
996
1001
996
998
994
994
991
987
989
994
994
984
994
993
995
997
990
993
993
993
999
995
994
999
992
1003
992
992
998
993
992
992
998
996
987
996
1000
994
996
999
997
995
996
994
990
995
990
994
995
989
995
998
996
991
986
992
993
989
991
998
992
993
993
992
1000
999
999
998
994
992
998
1003
998
997
998
1001
992
1005
991
1004
1003
1002
1005
999
997
1001
1006
1003
996
996
999
996
1004
1003
1002
1005
1000
1003
992
1001
1000
1000
994
995
998
997
1001
999
998
1003
1008
1001
1006
1003
1006
1000
1011
1011
1003
1010
1001
1006
1004
1006
998
1005
1009
1002
1015
1012
1009
1008
1013
1009
1012
1015
1011
1008
1013
1013
1013
1015
1011
1011
1005
1011
1013
1008
1014
1014
1017
1017
1011
1012
1016
1017
1018
1015
1009
1016
1014
1014
1014
1012
1006
1013
1017
1018
1017
1017
1008
1011
1013
1010
1011
1012
1011
1011
1013
1007
1015
1013
1015
1019
1011
1011
1003
1012
1008
1014
1013
1015
1008
1006
1011
1020
1019
1020
1017
1014
1016
1016
1018
1017
1007
1009
1011
1005
1011
1011
1010
1007
1006
1007
1013
1012
1010
1007
1021
1022
1020
1010
1007
1014
1013
1006
1013
1015
1008
1008
1013
1007
1011
1012
1012
1015
1007
1002
1006
1009
1009
1011
1005
1020
1003
1017
1006
1002
1007
1002
1007
1011
1016
1009
1010
1015
1013
1007
1007
1009
1009
1011
1007
1008
1002
1010
1010
1005
1004
1001
1007
1002
998
1009
1002
1007
1004
1004
1002
1002
1012
1002
1006
1004
1003
1003
1010
1004
1004
1007
1011
1007
1004
1013
1002
1006
1012
1011
1013
1012
1006
1007
1008
1007
1009
1006
1015
1002
1008
1012
1012
1011
1008
1005
1007
1008
1008
1007
1003
1002
1008
1009
1006
1014
1012
1009
1012
1011
1007
1003
1014
1015
1012
1008
1012
1003
1010
1013
1012
1009
1004
1008
1005
1010
1002
1009
1003
1012
1014
1008
1006
1012
1015
1010
1010
1003
1013
1004
1009
1001
1010
1006
1009
1007
1008
1008
1006
1004
1007
1013
1007
1002
1004
1007
1005
1000
1009
1005
1005
1008
1005
1007
1012
1012
1009
1008
1007
1008
1014
1008
1005
1010
1002
1002
1002
1002
1009
1002
1000
1001
1012
1005
1007
1012
1003
1010
1013
1014
1010
1020
1013
1007
999
1009
1006
1006
1003
1008
1006
1011
1010
1002
1005
1008
1009
1017
1010
1011
1010
1001
1006
1005
1002
1004
1007
1006
1005
1011
1002
1008
1002
1005
1016
999
1003
998
1001
1002
1009
1002
1008
1009
1008
1010
1001
1001
1009
1012
1004
1004
1002
1004
999
1004
1001
1006
