960
959
954
956
960
957
950
950
950
954
950
953
952
955
949
957
953
954
954
955
957
958
958
954
949
955
958
956
955
954
953
956
952
953
952
945
948
954
955
957
955
953
952
949
954
956
947
953
945
951
948
954
958
960
953
955
951
947
954
949
957
959
959
953
951
956
953
952
954
953
948
956
950
954
954
955
955
955
954
953
962
953
958
959
951
958
950
961
958
961
957
959
961
958
954
955
955
959
965
954
960
961
964
962
966
966
963
963
969
971
967
967
963
959
968
968
969
963
970
965
963
967
968
970
962
962
965
965
967
964
959
967
966
966
969
965
965
962
967
962
956
961
961
968
971
968
967
971
961
957
966
965
967
970
972
962
964
967
971
972
966
972
979
973
967
966
974
966
972
960
973
969
966
967
964
966
974
968
966
976
970
966
972
973
974
976
970
963
971
979
976
973
966
966
971
975
980
977
967
975
972
971
974
978
964
967
958
968
966
969
967
969
974
969
971
971
965
966
971
969
974
968
969
966
970
979
972
973
970
966
975
976
972
971
975
973
976
974
973
972
981
981
973
972
973
982
983
969
975
970
974
975
963
971
967
970
965
971
971
977
968
977
980
977
976
977
977
974
982
973
982
979
980
977
976
975
982
976
976
972
978
977
968
972
967
973
974
976
969
984
976
976
978
981
978
968
970
972
974
978
974
976
976
976
980
986
985
981
982
986
991
976
983
977
983
973
982
973
987
977
984
977
981
981
980
981
977
983
983
980
982
981
977
985
976
982
974
984
981
976
989
984
984
978
980
983
980
975
988
980
982
982
985
981
987
987
983
987
986
984
983
986
981
983
979
976
988
980
988
982
987
988
981
985
985
977
985
976
984
980
987
980
984
985
984
980
979
982
983
983
987
976
986
981
985
979
987
975
978
977
976
978
987
986
983
986
983
982
983
983
985
983
986
985
984
985
980
981
981
983
983
983
974
982
980
984
980
978
987
988
993
991
985
986
993
987
980
994
986
984
985
984
990
984
993
985
981
980
974
983
984
974
978
975
974
977
977
977
972
964
977
978
979
975
977
977
977
975
969
973
972
971
975
973
970
977
970
959
968
965
971
973
968
958
971
971
973
977
977
976
980
974
973
977
978
982
980
978
979
976
979
975
975
969
974
974
964
969
969
981
979
981
978
979
969
966
975
970
969
972
976
980
977
975
978
969
971
965
967
966
972
977
980
977
976
974
973
975
980
977
987
982
983
974
982
986
979
977
973
984
977
974
985
977
981
975
973
980
986
979
985
978
973
982
979
979
973
980
983
981
975
981
979
978
982
979
970
981
988
981
984
983
981
984
979
987
983
985
982
977
977
975
977
978
977
979
970
977
976
978
981
979
976
984
979
984
985
988
986
986
983
971
975
979
976
975
984
978
981
973
979
978
982
985
984
978
979
979
977
976
984
984
978
980
981
977
978
978
973
981
976
983
981
986
980
980
973
965
972
975
965
974
981
971
972
973
974
980
980
982
979
978
979
973
973
979
979
983
978
982
977
981
971
976
978
979
987
986
976
981
979
987
983
985
985
972
983
983
982
986
983
978
988
973
986
987
984
981
979
983
982
986
985
985
986
984
983
978
978
982
976
986
985
984
986
982
981
984
981
983
980
983
981
974
964
968
975
974
980
969
980
978
968
975
973
975
974
976
974
970
972
974
974
979
972
975
975
974
972
979
972
969
973
973
973
976
976
972
976
969
973
974
972
973
975
977
970
972
972
980
975
971
975
981
982
977
980
981
971
974
978
976
967
972
974
981
981
973
979
976
975
976
972
969
965
971
975
974
973
980
976
975
976
971
978
980
978
979
982
984
979
972
976
975
971
980
973
977
982
978
980
973
983
979
982
975
984
979
978
973
976
974
981
977
983
978
985
979
981
980
974
983
980
979
974
969
980
979
969
982
972
979
969
976
976
976
979
980
979
979
981
974
974
980
976
974
983
974
973
980
973
979
979
983
981
983
976
978
980
983
977
983
979
982
980
984
976
976
976
978
978
971
975
985
975
970
977
980
987
980
983
982
972
973
978
974
976
974
979
978
978
981
978
981
979
985
978
982
979
975
979
975
976
981
978
978
971
982
984
985
977
979
980
981
971
974
983
983
981
977
979
976
979
985
986
977
978
974
975
976
980
977
976
978
974
974
977
973
974
984
976
973
974
976
976
979
975
981
971
983
979
984
976
979
983
980
979
974
979
975
977
974
974
975
977
970
972
969
976
978
978
972
969
978
974
973
973
971
974
981
973
979
979
979
983
986
973
977
979
972
972
975
980
984
981
980
985
976
979
979
977
975
978
978
979
978
983
973
984
979
980
982
980
977
975
977
974
972
981
983
979
979
976
978
976
982
988
987
974
977
977
978
979
984
976
984
977
980
981
983
977
984
975
981
982
973
968
975
982
976
981
984
986
984
983
980
975
969
976
973
972
977
979
975
970
984
968
986
982
972
977
985
985
975
981
982
981
985
981
977
974
982
976
976
985
987
992
981
970
983
977
982
982
982
986
981
979
981
975
972
978
976
978
987
974
977
976
977
982
979
975
985
985
980
981
973
976
986
986
980
987
982
980
975
981
980
980
989
985
983
988
987
982
986
983
982
988
988
987
985
985
983
988
987
986
982
986
985
981
975
976
985
983
973
980
980
979
976
985
973
986
981
981
985
985
987
985
985
983
985
982
979
978
981
975
984
979
982
984
985
988
984
983
983
976
981
983
979
987
985
985
987
986
984
993
990
989
986
985
990
988
979
990
983
989
984
982
987
990
989
992
987
984
982
981
986
984
988
984
989
977
980
983
975
984
990
985
984
990
988
990
983
984
986
991
991
984
991
983
981
986
983
990
984
972
980
979
987
988
986
986
986
986
989
993
986
990
984
991
980
985
990
989
974
980
985
977
986
978
979
985
985
987
987
983
990
981
978
981
981
993
979
979
987
987
985
988
981
986
972
985
985
979
973
974
978
985
981
985
987
984
986
984
980
980
988
976
982
990
974
983
983
976
982
971
979
981
979
985
985
987
985
979
982
986
989
989
988
990
987
981
990
981
983
980
987
987
979
980
977
985
977
982
981
981
986
984
984
981
981
984
980
981
982
989
988
982
986
986
982
979
983
983
979
987
981
984
985
985
982
982
976
972
983
984
980
984
981
985
984
979
981
988
982
982
979
984
985
982
985
992
986
989
984
985
980
986
985
979
986
986
983
986
985
983
987
984
982
986
987
982
978
981
985
981
981
980
981
981
977
979
990
980
985
981
981
980
980
986
981
993
988
989
991
988
987
987
988
990
993
992
989
990
982
988
974
977
984
981
985
987
983
985
998
992
994
994
990
990
987
981
989
980
984
984
981
984
990
986
993
978
979
988
988
987
986
984
988
994
990
988
990
984
991
981
991
988
982
982
983
986
989
990
985
987
988
990
991
988
990
989
992
988
983
995
991
993
983
989
986
996
988
985
987
981
982
985
987
993
992
985
990
988
997
988
993
994
982
989
988
989
991
990
991
987
983
986
983
988
985
986
984
984
990
993
983
986
987
981
988
986
986
988
980
992
985
992
990
993
976
995
995
985
982
987
988
985
983
984
982
985
984
983
985
984
974
983
984
989
989
994
983
987
981
985
981
987
980
986
978
973
982
982
986
982
986
977
989
989
988
989
990
986
989
992
988
988
986
992
984
986
984
982
983
978
980
984
984
982
985
986
977
982
984
978
983
980
983
986
977
980
979
978
983
985
983
982
984
983
987
984
983
985
992
988
982
981
987
980
979
988
987
980
980
981
991
986
987
982
984
983
978
990
983
987
986
983
982
976
977
983
985
978
987
988
985
990
991
993
989
990
986
984
984
983
988
988
983
983
981
984
986
979
972
973
976
979
980
981
983
985
985
981
973
981
973
979
983
978
979
983
978
977
975
979
984
986
987
993
992
982
981
981
984
981
980
986
986
982
980
993
994
983
983
986
985
978
979
985
974
982
979
983
985
979
976
980
978
976
976
971
978
982
982
980
977
983
984
975
974
982
983
985
986
984
988
983
982
979
976
981
985
979
974
987
982
987
984
989
984
985
983
981
981
979
985
985
987
992
981
991
985
980
993
984
978
984
986
987
979
972
978
977
979
980
974
965
973
973
980
974
977
974
972
972
978
977
979
981
981
981
986
982
982
980
979
975
981
978
981
981
985
983
980
976
989
981
987
976
981
981
987
968
976
979
977
981
981
975
985
983
982
983
982
986
981
975
978
988
991
988
988
977
983
984
981
983
980
974
979
979
983
982
981
976
978
978
975
980
976
979
979
986
974
979
977
973
979
982
980
977
979
976
987
974
985
977
978
979
985
986
976
978
978
976
979
973
979
978
976
971
977
982
985
975
979
983
977
977
985
983
982
978
975
980
984
979
979
976
975
976
978
976
975
981
970
985
985
980
980
983
981
983
977
978
977
978
977
977
975
979
982
977
975
972
980
971
969
974
977
980
979
983
980
983
974
973
980
979
978
982
988
980
983
978
983
983
982
979
982
982
982
978
979
974
977
973
980
982
993
988
983
981
980
984
981
989
987
981
977
976
985
980
981
979
977
981
983
979
987
984
985
986
991
988
990
987
990
991
987
987
980
983
987
988
986
991
983
987
988
988
989
980
982
988
976
981
981
982
992
992
992
990
995
989
992
985
991
991
987
987
984
990
997
982
982
983
983
987
983
982
985
976
982
984
981
981
980
981
978
985
985
981
986
991
983
995
981
990
990
979
988
989
984
992
978
980
985
990
987
987
972
984
991
992
992
985
993
991
989
985
987
984
985
985
988
986
987
989
987
990
986
985
984
987
988
980
978
986
987
985
985
988
984
987
981
990
984
979
987
992
988
990
993
994
994
989
991
981
983
982
979
987
987
983
984
980
982
988
980
988
983
984
985
988
986
1001
991
981
987
989
984
986
991
987
982
985
986
989
994
992
985
999
989
994
987
992
992
989
990
995
988
995
988
995
991
992
977
985
992
986
982
981
987
983
980
983
985
980
983
981
971
982
987
985
977
979
978
980
977
970
972
977
983
981
974
981
970
977
979
977
981
976
982
970
980
982
974
976
987
971
975
978
975
980
980
976
979
981
977
981
974
972
972
968
979
974
979
973
976
971
976
983
986
981
982
981
983
979
975
985
977
985
974
975
976
983
989
983
984
982
986
983
983
982
979
982
993
985
984
984
985
985
978
986
990
994
992
994
985
988
981
982
985
983
979
982
990
987
988
986
987
981
994
986
980
984
989
984
986
988
985
990
990
991
991
997
987
989
992
987
986
974
969
984
983
980
979
989
980
979
981
987
987
992
984
981
982
984
987
987
986
986
989
988
979
986
989
985
990
986
982
994
985
979
983
986
983
986
973
975
977
972
983
987
982
981
978
980
993
983
985
984
986
983
980
983
983
986
982
981
983
978
987
987
984
978
983
981
978
984
982
987
988
979
986
987
986
983
988
981
990
986
981
987
987
982
983
988
981
983
976
975
979
980
981
985
983
991
987
993
983
982
995
999
994
989
990
993
990
983
992
991
990
999
992
997
991
1000
995
998
997
997
997
994
998
1001
997
999
1004
1002
997
998
993
995
999
994
1005
999
997
1001
997
1002
1003
1002
1004
1003
1000
1003
1003
1007
999
1004
1001
997
1005
1001
1004
993
997
1000
1003
1003
1007
1005
1003
1003
1002
1004
994
1001
1005
999
998
1001
998
1000
1002
999
999
1003
998
1001
998
998
1003
995
1000
1005
999
1003
996
1004
997
1004
1001
1004
998
1003
1002
1008
1009
1001
1003
998
1005
1012
1002
1005
1000
999
998
1002
1006
1002
1007
1007
1002
1002
1000
1007
1003
1004
1004
1003
1004
1001
1005
1006
1012
999
1003
1000
1002
999
999
993
999
999
1005
996
1004
1001
1007
1004
995
991
993
1001
1002
1004
1001
999
1001
1004
1003
998
996
1002
996
997
993
1000
1000
1000
998
1000
994
1000
1004
999
991
997
1006
1003
1003
996
999
1003
1011
999
1004
1000
997
998
1006
1000
996
1001
1003
992
1009
1001
1000
993
992
995
995
999
994
1000
1001
998
994
997
997
1002
1002
996
995
1002
996
1001
996
1002
996
996
997
1003
1003
994
1002
1003
995
1002
1007
1012
998
999
1004
997
1007
1001
995
998
1003
1000
1000
1001
1005
1000
1002
1005
1009
1008
1002
1009
1007
1001
1003
998
1005
1000
1001
996
998
998
1004
1005
1008
1002
1001
1004
1005
1002
999
1005
1006
1005
1009
1003
1006
1006
1003
1001
1000
991
999
997
1002
1001
999
1003
1003
999
1000
997
1001
999
1001
1002
999
1000
1003
1005
998
997
997
1004
999
996
997
997
993
995
997
994
995
993
1001
999
992
1002
990
995
993
1000
995
998
993
995
992
998
990
990
996
993
993
1002
1007
1003
1000
988
995
1001
1000
993
1003
999
1000
995
991
991
996
992
996
993
1006
1004
1002
1000
998
1002
1004
999
1000
990
1002
1006
999
996
1004
1000
998
995
995
1003
997
997
999
995
1010
999
1000
996
1006
1013
1006
1008
1002
998
1001
1005
1001
996
1003
1001
1007
1001
1007
1004
1010
1013
1002
1001
998
1006
1009
1004
1006
1005
1000
1003
999
1008
1005
1007
1008
1010
1012
1000
1009
1003
1012
1002
1003
999
1007
1000
1002
1007
1003
1006
1004
1004
1005
1009
1012
1004
1011
1011
1004
1006
1007
1012
1009
1011
1010
1009
1016
1015
1008
1011
1013
1019
1014
1012
1018
1017
1016
1022
1026
1020
1011
1021
1020
1019
1014
1020
1010
1016
1013
1014
1014
1008
1019
1017
1014
1016
1016
1016
1009
1015
1018
1017
1014
1021
1017
1021
1020
1020
1023
1017
1021
1021
1024
1022
1023
1020
1020
1025
1018
1017
1021
1015
1028
1026
1023
1021
1018
1030
1031
1030
1021
1023
1022
1032
1025
1029
1031
1025
1021
1028
1030
1029
1029
1036
1033
1031
1030
1026
1029
1031
1029
1029
1030
1030
1019
1032
1027
1029
1025
1033
1024
1023
1026
1025
1027
1034
1029
1031
1031
1029
1037
1030
1030
1035
1028
1027
1027
1035
1035
1031
1030
1035
1034
1035
1038
1034
1035
1027
1029
1036
1038
1036
1039
1033
980
990
985
980
973
989
980
981
980
981
985
984
978
983
990
983
986
981
988
986
989
977
985
986
977
990
992
992
984
982
985
989
989
992
992
987
986
984
987
981
995
996
989
993
989
991
980
989
976
983
987
983
986
983
977
979
990
986
982
989
980
987
990
985
984
986
991
989
983
992
988
985
995
990
986
989
983
983
978
984
983
989
988
990
985
987
989
992
982
994
987
986
984
979
987
987
989
987
983
986
983
985
984
987
983
986
989
993
988
983
988
991
988
995
989
985
990
990
986
986
985
987
986
988
988
987
979
991
977
991
986
992
991
992
997
989
992
993
992
988
985
990
984
986
981
984
983
983
979
989
984
987
983
977
984
988
979
981
987
988
988
985
991
989
989
999
994
995
996
990
994
996
986
987
989
992
992
979
983
991
990
995
990
984
990
983
996
988
992
993
983
983
985
989
990
988
979
982
984
990
983
986
989
986
987
989
990
993
990
993
988
992
986
988
986
993
1000
996
985
990
990
981
989
984
993
984
987
988
989
980
991
989
994
990
992
988
985
989
987
993
991
990
988
994
996
986
986
993
993
999
989
995
1003
1005
996
995
992
987
992
990
995
996
994
996
992
1002
995
996
994
996
996
988
985
988
988
981
990
989
984
982
988
994
990
993
983
986
983
986
984
981
974
983
981
980
978
986
982
979
982
982
984
975
976
983
985
982
986
982
982
983
977
984
985
989
991
977
985
978
981
978
983
983
989
986
988
984
977
984
986
985
978
987
986
987
984
983
987
985
986
990
985
978
989
980
983
984
990
978
985
989
989
990
988
990
989
986
987
991
986
989
987
985
984
991
991
990
997
998
991
994
992
991
987
990
994
992
995
994
992
986
990
992
985
991
991
989
991
987
988
991
993
993
990
984
994
993
996
999
993
994
988
993
991
987
994
993
996
990
990
991
985
985
984
985
989
978
984
990
981
985
982
983
985
988
985
983
975
979
982
981
982
975
985
977
981
979
981
985
981
979
983
977
985
988
991
989
996
988
992
995
992
987
987
993
996
993
991
988
991
996
998
993
990
995
997
1002
990
993
998
998
987
1000
995
994
998
994
996
1000
991
990
989
994
993
992
1004
997
996
1002
998
1000
1000
996
993
996
1003
997
1001
992
1000
989
1002
992
999
996
996
997
999
997
994
991
993
991
996
998
999
1004
1001
989
993
988
998
995
996
993
987
991
995
998
997
999
993
998
1004
993
999
994
994
992
993
995
990
1001
1004
1003
1007
1003
993
995
995
998
999
1002
993
995
999
984
