949
953
957
955
955
959
956
955
949
956
948
947
954
954
956
951
955
947
948
952
954
950
951
953
951
958
955
955
957
952
952
952
954
958
955
955
945
947
947
957
963
959
957
955
957
956
963
951
958
959
959
952
955
945
961
961
960
964
955
962
962
962
962
962
957
960
969
963
962
957
968
964
961
966
962
964
960
962
960
962
962
963
961
968
954
963
964
961
964
958
956
966
959
967
963
969
964
964
961
964
965
968
968
968
961
961
961
961
965
965
967
964
961
969
962
963
972
967
963
963
968
967
966
969
968
960
962
957
957
965
968
967
967
968
967
966
960
967
964
972
965
965
963
967
972
961
965
965
962
971
966
967
971
966
961
970
969
962
970
972
968
970
966
968
964
961
956
960
951
954
963
966
956
957
953
960
961
966
965
964
956
970
968
963
967
969
964
965
969
964
971
969
974
976
964
973
965
967
964
966
971
967
960
963
968
972
970
966
967
964
974
980
973
972
972
979
974
978
976
978
973
974
967
973
983
967
970
968
975
976
978
966
976
976
976
977
970
972
973
968
971
972
975
977
975
972
964
970
966
979
981
979
974
966
979
965
977
982
977
977
979
978
978
968
978
973
982
979
970
983
982
974
975
982
977
976
970
977
976
970
979
975
967
976
977
973
981
974
975
972
977
977
975
967
973
975
970
972
969
974
985
978
976
974
974
968
972
975
968
974
973
980
969
976
974
970
978
974
982
977
976
966
970
976
971
984
974
970
982
980
975
977
967
977
978
970
976
975
976
974
977
970
971
970
978
976
975
976
971
969
974
975
974
976
969
970
971
981
980
980
978
977
984
982
985
988
975
978
980
976
975
969
975
974
973
976
973
974
980
980
978
982
977
974
980
977
972
980
975
987
983
979
978
979
979
980
978
986
972
980
979
982
978
987
982
979
974
982
981
975
984
980
984
981
984
980
981
982
976
977
979
978
977
982
978
977
972
975
979
977
974
970
980
978
983
976
977
980
973
973
975
976
982
977
977
984
978
983
979
986
984
989
992
973
974
983
981
986
983
984
988
984
988
983
989
977
985
993
984
988
983
985
981
986
984
986
991
986
991
990
991
988
989
991
986
994
990
988
994
992
990
995
998
991
992
999
995
995
996
1002
1001
990
998
1000
994
997
1001
996
1002
996
996
994
1001
1004
996
999
995
992
997
999
996
1004
1004
997
994
999
998
993
991
986
1002
997
1008
1000
1000
1003
993
995
1002
1004
999
1003
994
1004
991
998
1004
1000
998
1002
1001
1002
994
996
994
994
997
983
990
989
991
992
992
996
992
990
992
1000
999
994
997
995
992
988
994
994
989
995
984
986
992
983
998
1001
997
999
998
1003
997
997
994
995
996
999
998
998
991
1004
995
985
995
989
990
991
989
990
997
994
983
987
990
987
986
985
989
992
994
989
990
990
993
993
998
992
991
996
991
990
999
996
1001
991
994
998
997
995
996
991
996
999
990
997
991
991
990
997
991
992
991
990
993
988
985
985
985
982
976
982
987
985
992
984
985
986
985
990
983
992
989
982
988
982
977
992
987
987
986
985
985
977
987
987
985
987
989
992
995
985
989
994
991
992
989
984
993
989
990
979
983
983
984
984
987
984
1000
991
989
989
978
988
988
993
991
993
989
987
977
990
984
988
984
983
985
981
976
980
978
977
986
981
986
984
988
983
988
988
979
988
983
984
983
982
988
980
981
984
982
987
980
979
986
983
982
981
983
980
987
982
986
981
975
979
987
992
986
986
986
989
986
985
982
983
987
987
988
983
986
988
988
985
980
990
980
985
986
985
992
990
988
988
995
992
983
988
988
992
993
991
989
991
992
995
991
992
995
992
991
988
983
983
992
992
981
986
989
985
984
990
979
976
976
973
984
983
987
985
991
987
981
989
992
983
990
991
988
982
986
987
992
982
988
992
983
986
993
987
985
988
987
986
988
983
986
986
993
990
978
985
986
984
986
984
978
987
976
981
982
985
979
985
988
985
985
994
985
991
989
990
997
996
992
989
988
992
988
982
987
986
980
983
986
982
994
985
991
988
989
989
996
989
989
983
983
976
984
984
978
986
981
985
980
978
985
978
976
980
982
975
978
979
980
981
975
987
984
985
979
985
973
978
985
989
982
981
967
972
981
983
985
983
983
983
987
982
982
983
981
982
972
984
980
984
985
979
979
975
984
979
984
983
983
984
979
981
987
984
984
981
983
979
981
984
977
986
980
978
978
983
985
986
991
980
988
986
984
979
989
983
983
984
986
983
989
987
981
972
981
977
981
971
974
983
981
977
981
979
978
977
976
978
978
977
976
977
977
976
986
978
982
983
984
979
988
976
983
977
979
975
988
981
985
980
989
992
992
983
987
992
985
980
983
985
982
993
988
990
987
990
990
996
983
988
992
992
994
990
996
997
991
995
998
997
994
996
996
990
990
995
996
993
992
998
992
989
990
991
999
997
1003
1001
997
999
995
994
994
990
997
997
1001
996
999
996
1000
997
1002
1002
993
997
1007
993
999
993
1000
993
984
992
992
993
1001
997
994
996
996
994
1004
1002
1002
995
1000
1003
1001
1002
995
999
997
999
1000
992
1000
998
1000
1003
997
1001
995
1002
1008
1001
990
1000
999
1002
992
996
995
1000
998
990
1001
1000
988
998
998
998
1005
1001
999
996
1001
997
996
992
999
1000
1006
1005
1000
997
1000
1003
1000
998
991
1000
998
990
1000
999
1002
1000
992
994
992
991
1000
998
996
1002
1001
995
1000
1001
999
995
990
991
995
991
995
983
994
990
991
993
994
991
989
999
997
997
990
990
988
997
989
994
991
991
983
989
990
993
988
993
992
997
994
994
993
995
994
996
996
992
993
989
993
995
1003
1003
995
1004
998
1006
1002
1001
994
994
995
999
996
994
994
988
987
990
991
997
994
1000
1002
995
995
996
1003
995
989
999
990
986
993
995
989
992
990
988
993
988
993
997
998
1003
1000
994
1004
998
1008
1007
999
1000
994
1003
1004
1002
1001
998
1002
1001
1004
1006
1004
1002
1003
997
999
1003
997
995
1008
1004
1002
998
1001
991
992
1001
993
986
986
987
988
986
994
1001
997
996
992
993
994
1000
995
999
1006
1006
1001
994
1002
1000
1014
1003
1007
1000
998
998
994
992
991
992
996
1000
1001
993
1004
992
998
1005
1008
1004
999
1004
1000
1003
999
1003
1000
1002
991
999
987
994
995
999
998
992
1000
994
990
996
993
986
994
996
993
997
998
999
996
991
991
994
995
996
996
1001
1003
1002
1008
998
996
999
988
999
997
996
996
1002
998
994
994
995
992
987
989
993
997
1001
996
1004
992
1000
999
997
992
998
993
991
1001
1002
988
996
991
994
996
1001
996
999
996
995
992
989
998
998
993
985
989
992
998
983
993
992
980
993
982
990
989
996
983
979
991
991
987
989
993
990
989
995
985
993
1001
1001
995
995
994
997
999
994
989
1001
990
991
994
987
994
998
997
996
996
998
995
996
1007
993
993
997
1000
1009
1005
1000
996
999
1000
1003
998
1003
989
994
1000
1001
1005
1004
996
1000
996
1000
995
998
1005
994
998
999
997
996
993
996
998
990
996
1006
1000
1002
1000
1006
1002
1006
1000
998
995
994
1000
998
1003
1000
1003
994
996
990
1006
1003
1004
998
997
1008
996
1000
989
993
989
996
996
995
999
999
999
1000
997
1003
996
996
995
996
994
1001
998
999
1002
1000
998
999
1007
1005
992
995
998
1000
996
995
997
992
997
1002
1006
999
1001
994
989
991
999
998
1001
1001
1003
1003
1004
1001
999
1001
1005
1006
1000
998
995
999
1002
996
996
1001
997
995
1006
1004
998
992
1004
998
1005
995
1004
1000
1002
1005
1002
1001
1002
1002
1000
1000
1002
997
995
998
995
996
992
1000
996
1004
1005
1005
1000
1003
996
1001
995
999
992
992
995
1001
993
992
997
995
995
994
996
991
997
993
997
1001
986
993
991
992
996
992
989
987
981
997
987
984
984
990
993
991
993
992
997
991
996
993
991
994
990
993
996
993
991
995
996
999
999
998
996
994
997
997
998
1002
995
993
991
995
993
1000
989
994
991
996
994
988
995
990
998
987
995
1001
996
1000
989
988
994
992
985
994
995
999
1003
993
992
995
996
989
988
995
989
991
994
991
997
990
998
994
996
1005
999
991
1001
1002
1000
1001
1005
1008
1001
997
1004
997
1003
1003
996
998
995
998
1003
1003
996
1005
1010
1006
1000
1000
999
997
1004
1000
999
1004
1005
997
1000
999
1011
1009
1000
1011
1005
1007
1002
1010
1010
1006
1008
1004
1008
996
999
995
997
1002
996
994
992
995
996
997
996
995
1001
999
997
995
998
1003
994
992
994
995
993
995
998
998
993
996
997
997
994
994
1000
995
992
992
989
994
998
999
988
984
993
987
991
999
992
996
994
999
989
992
992
997
1001
991
989
995
991
999
996
994
992
995
993
992
989
991
985
997
990
992
996
990
990
991
1000
998
996
994
993
990
992
994
998
996
985
997
995
994
995
1000
996
996
1000
1003
994
996
997
991
1006
1006
1001
1009
998
989
999
997
999
1000
999
992
1001
991
1000
1002
993
1000
994
998
989
993
988
987
987
1000
988
990
992
994
988
988
997
995
996
996
990
1000
1000
994
999
995
1003
999
998
990
991
992
993
997
995
995
990
991
992
995
990
998
994
991
1000
996
992
985
984
988
1000
986
986
990
988
992
989
995
978
990
994
987
988
988
992
985
988
977
983
982
991
993
993
991
994
990
982
985
996
992
994
992
998
994
995
987
993
994
995
994
994
992
998
992
991
998
992
997
994
992
991
995
983
988
991
988
988
995
994
986
987
981
983
986
984
988
986
986
979
982
991
989
986
985
979
987
983
988
987
991
979
989
986
980
985
984
986
986
984
989
993
983
982
989
989
989
984
983
984
984
991
997
994
986
988
986
991
991
991
980
986
996
987
989
985
979
980
982
993
988
985
988
985
994
992
987
995
986
996
989
994
994
991
993
984
986
987
988
982
989
990
986
994
987
992
982
987
983
987
997
980
995
992
987
991
996
991
993
986
987
993
985
983
994
990
985
982
982
990
985
985
978
990
987
992
988
988
985
987
990
981
988
992
992
986
988
983
986
988
993
987
989
986
992
988
988
988
988
996
995
992
991
990
983
987
986
988
988
980
985
976
982
987
985
987
984
987
979
980
973
985
986
989
980
986
985
987
991
992
983
988
979
992
990
991
983
980
982
992
989
990
989
995
995
993
986
992
989
988
993
991
978
988
988
991
977
990
995
1002
988
990
987
991
996
989
997
995
993
994
991
997
990
996
998
997
989
994
994
998
999
990
990
993
998
998
991
995
1001
1001
1002
1006
1003
997
1000
1003
1005
1006
1008
1001
999
1004
1006
1002
1007
998
1001
1000
997
1002
995
1000
1007
996
998
1000
1000
998
995
1006
1004
1004
1005
1004
1001
995
1003
1009
1014
1010
1010
1003
1003
1009
1009
1009
1008
1004
1005
1002
1001
1003
1005
1005
1006
1006
993
1002
995
1005
997
1014
1002
1005
1005
1000
1009
1008
1009
1008
997
1015
1009
1009
1013
1005
1010
1011
1003
1005
1008
1008
1015
1000
1009
1010
1007
1005
1010
1004
1005
1012
1011
1002
1003
1006
1003
1000
1000
1000
1000
1000
1008
998
995
1007
1005
1003
1012
1004
1005
1009
1006
1005
1004
998
1006
1011
1003
1013
1010
1013
1002
1009
1003
1007
1007
1010
1008
1016
1006
1012
1007
1007
997
1011
1011
1004
1006
1012
1008
998
1004
1002
1006
1011
1011
1007
1011
1007
1000
1000
1002
999
996
997
999
1007
999
998
995
1002
996
1000
997
1005
1009
1008
1009
1007
996
1001
1005
1000
1001
997
1003
1007
1003
1004
1008
1003
1009
1006
1005
999
997
1000
998
1001
999
1001
999
1006
997
996
997
997
1000
994
991
994
997
996
988
995
996
992
997
996
997
1000
1004
1001
1006
997
1004
999
1000
1000
999
999
991
1004
1004
997
998
988
990
985
990
995
997
993
995
989
992
992
996
992
993
990
997
1000
990
998
988
993
995
988
993
993
1002
1002
1001
996
994
996
1011
1004
998
1001
998
1000
1001
1002
998
998
1001
999
1002
992
999
997
996
995
997
1001
1005
997
1007
1001
1008
1000
996
1003
998
1002
996
1008
996
988
997
1001
997
1002
1005
998
1000
994
1000
1000
994
991
996
993
1000
1000
996
995
993
1000
994
999
999
1003
996
1002
1002
1004
1009
1003
1009
1001
1005
1004
997
1001
1003
1007
1004
1007
1006
1002
1001
1008
999
999
1002
1006
1005
1005
1007
1010
1000
995
1010
1005
1007
1005
1012
1003
1001
993
1003
1003
1008
999
1000
997
1003
1005
998
1002
1007
1005
1005
1005
1000
1004
1002
1003
999
996
1005
1009
1003
1013
1010
1009
1001
1001
1006
1006
1000
1001
991
1002
1004
1000
999
1000
1007
1011
999
1002
996
995
1005
993
998
1002
997
994
987
997
997
997
998
999
999
994
1004
998
997
1000
1004
999
997
1003
995
999
1004
993
995
995
995
991
987
996
990
997
992
999
996
1003
1000
996
999
994
1001
993
1001
997
999
997
1001
1008
1000
999
1002
1004
1010
997
995
1000
999
998
986
995
1000
994
996
994
998
995
992
993
994
994
999
999
998
990
996
1003
1001
1000
1005
995
994
1003
1001
996
998
1002
1001
996
1002
1001
1005
1000
1008
1005
1001
999
1001
1004
993
996
996
996
996
997
989
1003
999
994
1001
989
998
996
996
997
995
997
993
989
985
996
994
998
1000
993
997
998
998
1002
1002
1010
997
1002
998
1005
1000
1002
1003
996
997
999
1003
1006
1004
999
1004
996
996
996
995
997
997
997
1000
998
998
996
998
1000
996
998
1003
1000
1002
1000
1004
997
1000
1000
1005
992
998
1002
997
1001
1000
993
994
992
1001
997
994
994
996
990
1001
998
994
992
996
998
995
997
999
988
993
992
999
995
999
994
993
994
1002
1005
1005
993
999
995
997
997
998
999
1003
1005
1004
999
1004
1000
1005
998
1004
1006
1002
1000
997
999
1000
993
1001
999
1000
991
1003
996
997
991
999
998
994
999
998
999
1002
998
992
1000
1000
1004
1004
1000
1002
998
1007
1006
1006
991
1001
996
1001
1002
1005
1004
1002
991
999
999
994
1001
998
999
1001
1000
1009
1006
1007
1000
1001
997
994
1005
1005
999
995
1008
999
1001
1005
997
1001
1000
1003
1004
1001
1007
1001
996
1004
1006
1007
1002
1000
1008
999
1005
1009
1010
1003
999
1005
993
995
1011
1006
1008
1007
1007
1003
1003
1003
1009
1006
1003
1009
1003
1002
1007
1002
998
1006
993
1000
1007
994
1004
997
996
997
987
1000
1001
997
1003
999
1003
1005
996
998
1002
994
997
1001
1005
1008
1005
1001
1003
1003
1002
1007
1011
1009
1012
997
1006
1007
1007
1005
1011
1009
1009
1014
1006
1013
1011
1008
1009
1008
1012
1012
1020
1010
1005
1007
1014
1007
1008
1009
1004
1013
1016
1019
1010
1013
1009
1010
1008
1009
1006
1011
1007
1004
997
997
999
1005
1001
1004
1000
1003
996
998
992
996
993
993
999
1001
1000
999
1001
1000
1003
997
999
995
997
996
1005
1001
1004
1003
998
998
993
994
997
1001
1003
994
996
997
1001
995
1001
994
1005
1001
995
1001
1004
1003
1001
1001
998
996
1005
999
1000
998
1007
1002
1001
999
1002
1002
1007
1001
998
1004
1003
1002
1004
1006
1008
1004
1008
1012
1010
1012
1006
1004
1009
1007
1002
998
1009
1000
1008
1006
1009
1005
998
1002
1002
1009
1005
999
1001
997
1008
1001
1009
1010
1005
1001
1001
1006
1009
1011
1010
1004
1005
1002
997
1003
1001
999
1003
1001
1001
1012
1004
1003
1006
1010
1001
1006
999
1004
1000
994
1003
1000
1007
1004
996
1004
1000
1009
999
1009
1000
1004
1004
1000
1001
997
1002
1005
1005
1003
1004
995
994
1003
999
1010
1007
1005
1011
1012
1008
1013
1013
1010
1003
1010
1011
1008
1001
1011
1007
1011
997
1005
1004
998
1000
1004
1004
1008
1007
1002
997
995
996
1002
1001
993
1000
992
999
1000
1002
1000
998
1002
1001
1002
1000
993
996
992
1003
1002
1003
1006
995
998
1004
998
989
1000
1002
1003
1006
1001
1002
993
999
994
1000
994
1000
1001
993
1001
986
996
992
1006
1001
1004
1002
1000
1005
1005
1005
1002
1008
1006
1007
1005
1004
998
1014
998
1005
1006
1007
1015
1015
1011
1004
1007
1012
1008
1008
1005
1005
1003
1001
1005
1004
999
1007
1000
1004
1000
1002
1004
1003
992
993
993
997
996
1004
1001
996
994
997
1000
993
1000
995
994
992
987
987
1000
999
998
1001
998
1003
993
999
996
1008
998
1002
992
997
994
1001
998
1000
1005
1005
1010
1012
1000
1010
1004
993
1002
995
1005
995
1014
1010
1008
1006
1006
1011
1006
1002
1008
1007
1009
1013
1012
1008
997
995
1016
1001
1006
1008
1008
1007
1007
1004
1012
1000
1009
1005
1005
1010
1006
1007
1004
1000
1000
1007
1003
999
1001
999
1002
1007
997
999
1000
1002
1000
1000
998
999
1002
1003
1008
999
997
995
994
998
997
1002
1005
1005
1002
1000
999
1001
999
989
999
997
995
1000
1004
1002
1003
1001
994
996
998
990
998
998
1004
1014
1000
1005
1006
1007
994
996
1005
1003
1002
1003
1005
1009
1000
1000
1005
1010
1005
1002
998
1007
1001
1004
994
1000
996
1002
1000
1002
1004
1002
1010
1002
1004
1002
1007
1010
1010
