955
949
952
956
956
955
955
953
961
962
960
960
961
953
959
960
956
964
965
963
967
962
961
957
967
963
961
959
959
965
964
962
966
969
972
962
956
972
966
962
957
962
954
957
959
958
956
956
952
957
955
954
965
959
955
958
959
952
962
966
957
967
962
958
962
957
959
961
955
952
957
952
960
957
965
959
962
959
969
961
963
961
963
960
959
950
959
951
956
958
959
955
947
962
961
960
957
959
958
961
957
957
958
957
953
958
957
957
958
961
953
967
972
960
961
963
959
957
961
963
962
968
963
961
969
958
959
964
966
965
959
954
964
963
966
959
957
964
968
961
962
957
957
961
963
967
962
966
962
960
963
964
957
958
967
964
966
970
971
971
973
972
966
966
966
970
960
973
973
964
971
966
973
973
971
972
969
966
967
969
971
965
963
970
967
969
966
968
975
965
969
966
964
964
972
976
968
971
967
969
964
959
964
967
970
970
970
966
969
966
967
969
970
973
964
968
963
972
974
967
971
968
970
974
967
972
972
972
969
977
976
972
974
969
965
970
975
962
975
973
973
965
970
964
963
964
966
967
974
969
978
976
972
962
967
972
978
969
967
972
973
967
968
964
958
960
962
970
967
965
973
965
969
968
965
957
965
961
964
961
965
970
967
964
965
964
963
965
955
959
969
968
962
965
970
975
970
971
973
968
969
967
971
969
965
967
969
965
965
973
966
967
966
972
971
970
969
971
967
969
961
971
970
962
969
970
977
966
971
970
968
972
972
973
969
970
975
967
968
971
973
972
978
967
968
963
969
960
965
965
975
969
966
963
972
964
965
966
965
965
973
967
964
965
961
969
975
971
968
968
969
976
970
975
975
979
977
972
972
974
973
978
978
975
970
976
975
972
976
983
976
978
975
976
972
977
972
968
978
974
975
973
977
976
972
970
980
972
972
982
979
979
981
979
973
976
985
979
978
977
977
977
976
973
973
973
971
969
972
967
968
970
970
969
966
977
973
968
974
974
972
975
971
978
971
968
974
979
981
983
971
977
975
982
983
975
969
973
977
977
982
976
974
962
974
987
989
983
986
974
979
983
979
970
972
974
968
978
976
976
980
975
974
980
975
978
975
981
969
976
967
972
967
971
964
978
973
974
969
971
967
974
971
973
970
966
971
971
970
974
965
962
967
966
965
973
970
968
975
977
980
977
975
983
973
981
974
972
974
977
981
969
973
975
975
974
979
979
977
972
976
968
969
973
972
978
975
979
973
981
978
976
972
969
971
970
970
977
973
974
971
975
972
980
979
985
984
979
973
970
983
979
976
974
977
974
975
972
975
970
979
981
978
972
973
975
967
971
974
970
976
977
974
972
968
977
974
972
971
973
970
966
969
979
974
969
974
966
974
975
972
969
971
965
968
969
972
981
980
977
980
979
979
977
977
984
980
977
980
989
984
986
988
987
984
989
979
974
985
982
979
979
979
979
977
972
979
981
976
979
978
985
980
981
977
983
979
984
975
981
976
982
979
978
976
973
974
975
977
980
980
975
980
986
980
979
976
976
976
973
975
980
974
971
980
981
978
984
976
979
982
981
983
985
984
978
981
980
984
978
980
979
983
979
976
981
983
983
990
988
986
983
989
981
985
984
981
990
984
979
979
978
975
980
978
977
976
984
977
973
982
976
980
986
983
973
972
973
973
979
984
978
975
980
977
979
983
986
976
972
976
972
976
981
981
975
978
975
968
981
972
977
976
971
973
975
983
974
974
970
970
977
977
973
973
979
980
976
977
974
976
979
980
972
978
978
979
978
976
976
981
977
983
984
984
979
984
979
977
978
988
979
987
984
982
984
986
984
983
979
985
978
974
973
977
973
976
976
984
980
973
980
981
974
983
986
982
983
975
976
982
988
983
984
975
989
980
978
977
981
977
981
985
983
988
983
989
978
984
985
985
992
982
988
991
979
984
985
985
986
989
980
982
984
986
986
988
987
985
989
976
989
982
990
988
991
981
988
984
985
992
989
985
980
986
990
982
984
986
984
990
988
979
984
989
982
985
982
991
988
985
984
987
977
987
984
980
990
978
982
987
982
983
984
975
986
981
983
984
986
989
988
990
982
984
981
989
991
987
986
987
991
992
979
984
988
984
984
982
983
981
983
987
984
981
984
979
971
987
986
983
989
985
987
984
984
981
983
985
984
976
978
981
984
986
982
979
993
990
991
986
980
986
980
986
977
982
980
974
976
979
978
983
980
985
982
983
976
992
981
982
979
985
982
990
984
982
985
984
982
978
980
984
986
985
985
977
980
979
982
975
982
977
983
981
978
978
975
974
978
980
982
985
978
982
990
987
976
980
973
978
977
979
977
975
981
978
978
983
968
977
978
974
986
982
984
979
989
985
985
975
978
987
982
983
985
987
980
988
989
987
979
980
985
982
992
992
983
987
985
984
984
986
985
982
981
988
983
982
979
974
979
985
980
979
985
980
983
989
983
990
988
983
984
983
987
986
988
978
977
985
979
978
976
973
978
981
979
973
977
979
982
981
971
975
979
977
983
978
982
979
984
980
981
984
987
981
976
984
985
984
980
981
987
979
983
982
978
984
977
979
979
981
980
980
983
980
978
980
976
975
977
989
980
976
981
988
979
982
989
981
990
974
983
977
977
975
985
980
977
985
983
983
991
979
987
990
985
985
983
982
982
984
983
983
981
976
975
987
986
977
978
981
981
982
986
987
980
977
981
985
981
983
983
981
972
979
978
983
982
982
980
981
977
978
981
977
979
981
975
975
974
972
983
975
983
987
979
990
980
989
985
987
980
988
989
988
981
989
985
981
989
984
985
982
977
983
978
988
992
984
985
992
984
989
987
991
983
983
982
982
978
978
990
985
980
982
987
988
987
982
982
983
978
981
989
980
979
983
983
981
981
978
982
984
987
975
979
985
976
979
976
976
981
970
980
970
972
970
987
975
979
975
978
982
973
978
984
984
977
974
977
986
983
979
985
979
973
982
977
968
979
976
974
984
979
989
987
979
979
979
974
985
979
978
978
978
981
978
985
982
981
972
974
983
972
985
985
977
981
987
980
981
975
971
977
982
973
983
982
979
977
979
974
972
976
981
977
972
978
978
979
981
987
976
977
981
982
978
983
981
982
976
976
979
984
976
984
977
977
978
978
974
971
967
974
980
981
988
975
975
984
981
979
972
986
987
993
990
981
984
981
989
979
985
985
980
989
988
986
984
980
980
980
981
982
982
985
981
978
985
973
984
975
984
976
981
979
978
978
974
972
981
981
978
970
978
978
980
980
966
982
979
978
984
983
983
983
973
973
977
990
992
986
976
985
982
988
976
984
972
981
980
972
983
981
975
980
980
981
988
983
975
980
972
988
978
988
981
981
981
980
977
980
986
975
989
985
987
989
990
978
989
973
983
976
985
985
986
989
986
977
981
975
986
981
986
973
978
977
980
980
972
983
972
976
978
976
974
981
972
978
969
968
964
971
965
974
974
973
978
979
975
968
972
977
977
980
979
968
974
973
977
975
984
978
981
981
976
975
966
973
978
970
983
967
985
981
971
977
978
983
975
972
980
969
974
974
970
972
976
981
975
981
972
973
978
981
972
980
972
975
976
978
976
980
975
973
982
974
979
982
980
984
978
979
976
978
980
968
981
984
979
981
979
978
982
985
979
981
975
991
983
977
985
982
978
979
990
987
982
984
979
981
979
985
990
987
985
984
987
984
986
979
987
987
986
982
982
983
986
981
988
982
988
988
987
991
987
992
989
985
987
988
985
990
982
982
984
978
989
987
982
988
992
988
988
993
993
991
992
990
987
992
985
987
987
989
988
981
984
988
990
986
990
993
991
984
986
989
986
985
984
981
983
983
984
980
982
989
981
989
983
986
983
987
980
980
978
982
983
979
982
978
979
979
973
983
984
980
976
975
978
980
987
988
990
985
990
990
985
987
982
989
991
986
997
990
991
989
975
987
988
985
984
988
977
980
983
989
983
987
976
986
982
986
989
980
982
988
987
978
984
983
978
979
985
981
983
989
985
992
983
987
993
984
985
994
986
984
986
980
977
982
985
986
982
986
980
987
980
984
988
983
984
984
983
984
983
982
978
984
976
983
972
981
977
980
977
980
980
981
990
984
987
985
988
979
975
982
985
986
978
985
976
982
978
985
983
982
984
984
991
989
985
985
991
988
999
994
994
993
997
993
996
992
990
990
996
990
989
996
991
986
990
991
985
986
987
985
990
993
998
994
976
987
990
984
987
980
989
984
984
994
989
985
989
990
988
992
988
992
997
988
993
990
986
984
987
985
986
990
984
992
993
991
985
994
987
981
995
989
984
995
988
987
986
988
992
983
990
983
987
992
986
991
994
990
990
991
985
986
990
996
996
987
986
990
993
987
989
991
989
992
989
990
994
988
989
990
988
990
998
998
996
989
995
990
992
991
995
987
995
991
991
1001
996
988
987
989
990
1000
988
995
996
991
990
987
993
988
996
991
987
993
998
986
986
982
989
988
996
986
994
984
995
989
992
986
990
993
988
987
996
989
998
988
985
989
984
989
985
978
983
992
985
986
988
992
993
993
993
986
983
993
997
991
988
993
985
990
994
986
983
1000
988
987
988
995
1002
996
993
1001
998
994
995
989
993
1004
1004
1004
1003
997
995
1000
997
995
997
996
993
994
996
995
993
1001
1001
1000
1007
998
1013
1006
1011
1013
1008
1010
1007
1010
1010
1008
1008
1001
1008
1010
1021
1010
1017
1014
1019
1014
1017
1016
1013
1013
1021
1013
1017
1014
1013
1014
1012
1018
1007
1011
1007
1013
1006
1010
1002
1001
1009
1011
1004
1012
1004
1006
1009
1006
997
1009
1001
1012
1004
1014
1010
997
1000
1004
1012
1006
1004
994
997
1001
999
998
1002
1005
1000
1005
1005
999
1000
1006
1011
998
998
1005
1004
1008
1014
1003
1011
1010
1010
1013
1012
1007
1009
1004
1008
1011
1020
1014
1016
1012
1008
1017
1014
1012
1015
1004
1019
1012
1017
1012
1018
1015
1017
1015
1008
1011
1011
1008
1010
1006
1006
1004
1009
1018
1009
1012
1016
1002
1018
1011
1016
1010
1015
1013
1016
1018
1010
1017
1013
1010
1014
1015
1007
1015
1011
1013
1007
1010
1010
1013
1018
1010
1017
1006
1008
1009
1012
1015
1011
1010
1011
1009
1010
1003
1009
1001
997
1005
1004
1004
1002
999
999
1003
1001
1007
1002
1008
1005
1010
1014
1003
1006
1005
1008
1014
1014
1014
1003
1004
1001
1005
1002
1008
1011
1010
1015
1012
1011
1008
999
999
1003
1006
1006
1004
993
1009
1007
1012
1008
1004
1002
1005
1006
1007
1007
1002
1014
1014
1011
1011
1008
1000
1009
1011
1010
1008
1009
1016
1008
1009
1009
1011
1005
1002
1005
1014
1014
1004
1010
1012
1014
1010
1005
1009
1016
1008
1012
1012
1011
1004
1010
1010
1012
1006
1007
1012
1006
1008
1001
1002
1010
1004
1001
1005
1006
1013
1013
1012
1019
1017
1014
1016
1018
1011
1013
1015
1010
1010
1013
1016
1017
1016
1007
1012
1013
1013
1006
1008
1007
1002
1008
1008
1004
1007
1007
1011
1006
1007
1009
1012
1013
1018
1009
1010
1013
1006
1004
1007
1019
1017
1017
1016
1010
1014
1016
1017
1011
1010
1016
1012
1010
1020
1019
1024
1012
1011
1010
1009
1009
1015
1012
1016
1016
1012
1009
1011
1017
1006
1013
1012
1019
1012
1011
1008
1012
1013
1011
1007
1011
1010
1008
1020
1016
1014
1010
1011
1002
1012
1010
1010
1016
1011
1008
1011
1017
1013
1015
1010
1017
1005
1010
1008
1007
1010
1009
1007
1009
1003
1008
1008
1008
1010
1012
1007
1004
1008
1008
1003
1012
1017
1007
1008
1007
1005
1009
1004
1003
999
1001
1000
996
1000
1001
1002
1003
1006
996
1000
1008
1003
1005
1008
1005
1008
1004
1014
1002
1010
1017
1015
1020
1018
1012
1007
1007
1014
1006
1003
996
1011
1002
1010
1003
1009
1010
1003
1011
1003
1003
1000
1003
1004
1006
1009
1006
1007
1006
1002
1003
999
1010
1003
1004
1005
1006
1002
1010
1004
1011
1000
1003
1007
1004
1008
1009
1001
1009
1007
1002
1003
1004
1013
999
1003
1009
1012
1011
1008
1009
995
1008
1000
1000
1011
1007
1004
1009
1007
1014
1004
1006
1003
1010
1005
1008
1019
1012
1008
1002
1010
1012
1017
1004
1015
1003
1007
1010
1005
1015
1006
1006
1008
1008
1012
1006
1009
1004
999
1003
1007
1010
998
1002
1000
1004
1003
1000
1007
1004
1007
998
1009
1005
1013
997
1002
1006
1005
1005
1007
1009
1007
1004
1007
1007
1014
1008
1004
1005
1011
1008
1003
1002
997
1003
1006
1006
1002
998
1008
1000
997
1004
1008
996
1000
1001
1006
1006
1005
1008
1003
1002
1012
1007
1007
1007
1002
1001
1006
1001
1016
1007
1003
1003
1007
1007
1009
1011
1013
1010
998
1009
1004
1007
1007
1013
1006
1008
998
1006
1003
1001
1001
1004
1006
1006
1002
1004
999
1001
1005
1000
1000
1004
999
1006
997
1001
1006
996
1010
1007
1011
998
999
1000
998
1004
1004
1001
993
996
996
994
994
994
997
994
1002
996
1002
995
1004
997
997
996
1000
992
995
1000
993
998
991
999
1003
993
1002
1003
999
1002
1005
998
1001
1001
995
995
991
998
1003
1000
1005
995
997
1001
1004
1000
998
999
997
1001
1003
999
1000
1002
994
995
1002
993
997
995
998
1003
998
1000
999
1000
999
1002
997
994
994
1000
998
1003
998
998
996
995
996
997
996
996
997
999
1000
998
1006
1004
1001
999
1002
997
1001
1000
1002
1001
1006
996
996
994
999
999
999
999
995
994
993
998
992
1000
993
994
989
993
992
990
994
995
997
992
992
989
992
997
999
1005
1001
995
994
994
992
997
992
998
1001
998
1002
999
996
991
1000
999
999
991
998
988
999
1000
996
999
1000
1001
999
1000
993
1003
1000
995
995
992
998
990
991
996
989
990
996
989
993
999
993
996
993
997
1004
999
1001
1002
1003
998
1000
1001
997
1003
1003
1000
1002
995
1002
993
1005
1001
998
998
998
998
994
991
991
998
994
995
988
992
989
990
993
997
997
996
996
994
990
994
1000
995
998
1002
999
1002
999
989
996
998
999
988
996
985
984
992
989
993
993
997
991
988
991
987
994
987
986
989
984
985
986
988
991
983
988
989
989
977
988
981
988
990
985
986
988
991
988
988
986
989
988
990
997
995
989
988
991
995
994
989
990
985
986
987
994
999
994
987
991
998
1000
994
1002
992
991
996
993
994
989
997
988
994
991
991
990
994
993
988
994
995
1000
998
998
993
1000
1007
999
1001
996
1001
999
996
1005
1000
1001
1000
991
1000
997
1000
1006
1004
998
1005
994
1003
1003
996
1000
996
1003
997
1002
1006
1011
1013
1011
1011
1020
1016
1006
1015
1021
1016
1017
1005
1010
1015
1013
1005
1009
1012
1011
1010
1014
1010
1014
1012
1008
1013
1015
1007
1008
1020
1011
1011
1014
1018
1007
1017
1012
1009
1014
1012
1014
1013
1014
1009
1011
1014
1006
1008
1010
1014
1009
1009
1015
1015
1013
1014
1015
1015
1016
1014
1008
1017
1008
1011
1012
1011
1015
1011
1012
1004
1009
1008
1012
1014
1016
1017
1014
1017
1016
1016
1019
1019
1014
1019
1019
1007
1008
1014
1015
1011
1021
1017
1014
1021
1018
1019
1023
1023
1017
1016
1010
1015
1015
1010
1019
1018
1013
1017
1009
1019
1016
1020
1027
1020
1023
1014
1015
1021
1014
1017
1021
1018
1023
1009
1023
1021
1014
1016
1020
1017
1012
1016
1019
1015
1016
1013
1014
1018
1006
1017
1013
1010
1017
1023
1018
1010
1016
1020
1020
1025
1020
1020
1013
1017
1020
1014
1015
1020
1016
1014
1012
1020
1014
1012
1016
1018
1016
1014
1015
1011
1004
1008
1008
1008
1018
1012
1012
1018
1015
1009
1013
1005
1006
1006
1003
1006
1006
1002
1005
1007
1002
1007
1004
1006
1005
1012
1009
999
1007
1000
1007
1007
1009
1003
1008
1006
1007
1000
1003
994
1010
1003
1005
1006
1007
1010
1009
1014
1008
1007
1011
1005
1001
1004
998
1004
1010
1016
1013
1009
1014
1016
1008
1009
1004
1012
1014
1009
1011
1001
1008
1007
1013
1006
1011
1009
1009
1010
1009
1016
1007
1007
1013
1013
1008
1015
1009
1008
1013
1010
1002
1007
1005
1002
1010
1009
1003
1012
1014
1010
1014
1014
1011
1013
1020
1010
1018
1005
1010
1012
1011
1011
1011
1014
1011
1020
1020
1017
1009
1010
1010
1008
1003
1013
1013
1008
1004
1003
1009
997
1003
1008
1010
1009
1010
1008
1012
1005
1004
1004
1014
1004
1005
1006
1001
1000
998
1000
1005
1000
1001
1005
996
1003
998
999
998
1003
1003
1007
1003
1004
998
1001
993
1001
998
1000
997
999
1002
1005
1002
1006
997
994
1002
1002
1000
1000
999
1002
996
995
1000
999
1004
1001
1004
1003
1009
1007
1003
1006
998
1009
1014
1018
1021
1011
1008
1013
1016
1013
1015
1010
997
1011
1016
1011
1013
1001
1014
1009
1011
1014
1001
1009
1008
1006
1006
1009
1016
1007
1009
1007
1015
1012
1013
1018
1013
1012
1013
1016
1016
1013
1005
1010
1007
1008
1014
1008
1010
1005
1009
1003
1008
1003
999
1000
1003
1002
999
1000
999
1005
1004
1002
1000
1009
1006
1007
1008
1007
1007
1005
1001
1006
1002
1005
1007
1004
1001
1003
1000
1008
1007
1002
999
1000
1002
1003
1004
1010
999
1010
1003
1005
1005
999
996
1004
1000
1004
1004
999
1000
1005
1001
1004
1002
1005
1001
1004
1007
1012
1012
1007
1009
1003
1015
1016
1008
1012
1012
1012
1014
1011
1010
1005
1003
1007
1006
1013
1020
1015
1012
1012
1005
1009
1006
1012
1005
1006
1003
1002
1004
1010
1003
997
1003
1002
995
1004
1000
1005
1000
999
1006
1003
1003
1002
1001
999
996
996
1007
999
1007
1002
1003
999
1000
992
1003
1002
1003
1005
1004
1001
999
1005
1006
1006
999
1001
1002
999
1005
999
1002
1001
1000
999
1001
999
1005
1008
1005
1001
998
1001
997
1001
1002
1000
1004
1001
1000
