951
953
954
944
948
953
952
954
947
956
952
948
948
948
951
950
956
954
953
962
959
964
965
959
962
967
967
962
957
963
956
964
957
956
950
956
958
958
963
957
962
961
961
962
960
960
970
962
961
956
960
952
959
954
960
964
954
954
955
953
957
952
956
955
959
964
966
958
963
960
962
960
966
968
968
961
964
960
962
959
956
959
953
962
956
961
951
957
960
955
965
964
963
958
962
966
964
970
963
967
965
959
959
963
957
963
967
960
960
961
960
957
963
962
957
967
968
963
960
961
961
966
963
960
960
965
961
960
957
961
961
957
954
957
962
952
952
960
963
960
959
954
960
963
959
955
960
961
963
962
971
965
966
965
969
966
966
962
965
971
962
968
968
961
972
969
967
967
965
964
960
963
958
971
972
964
961
965
968
971
965
964
959
962
962
959
965
962
960
966
968
971
969
964
967
961
964
972
969
969
966
978
965
975
973
978
968
966
968
968
969
968
973
971
972
972
971
969
971
976
971
976
975
965
971
970
970
967
965
968
966
976
969
971
965
968
970
972
974
974
965
966
968
974
966
970
966
970
971
976
968
974
974
969
961
972
962
966
977
972
972
966
978
975
969
977
972
973
977
972
971
968
969
972
975
973
971
973
982
982
974
978
976
974
972
980
978
975
973
976
972
967
967
969
966
966
975
972
967
963
968
972
967
967
964
967
966
961
964
963
971
972
978
967
977
970
975
968
971
972
973
972
971
973
965
969
970
973
967
962
973
975
970
977
965
969
969
968
966
969
972
976
970
971
982
975
980
976
967
970
969
972
962
975
970
973
980
972
970
976
980
968
978
972
977
972
962
976
968
979
974
977
981
978
980
971
976
975
983
973
977
985
987
981
982
992
964
975
973
985
981
976
975
981
971
981
980
980
974
977
978
972
981
979
976
977
970
973
975
976
974
976
980
976
971
977
983
972
976
976
986
975
971
983
972
975
978
977
980
977
978
981
968
974
976
971
973
969
965
981
983
981
979
972
979
978
973
973
976
973
970
970
967
968
974
972
974
973
968
972
970
967
975
980
973
976
971
978
980
975
976
975
977
976
967
982
979
976
976
979
982
983
971
975
975
982
971
975
981
975
978
974
981
974
977
978
978
979
978
981
978
979
972
973
980
972
975
981
984
981
982
978
975
974
975
976
965
979
975
978
977
983
978
978
966
977
977
975
981
981
975
979
980
983
973
985
976
984
983
973
978
974
974
983
979
987
978
977
972
981
973
982
985
982
983
985
980
979
983
976
978
980
986
985
976
985
984
978
982
990
979
982
986
983
983
976
991
986
985
995
979
983
987
983
995
983
983
985
982
971
988
985
985
983
983
987
984
988
983
987
985
986
988
988
981
983
984
992
988
993
988
989
992
989
980
992
993
990
993
994
999
991
988
995
996
990
990
985
991
996
993
997
995
994
989
990
988
1000
996
997
992
997
996
990
996
987
989
987
984
989
995
995
989
995
989
993
990
997
1003
992
997
996
994
1002
1004
1001
1001
999
1002
998
994
996
995
990
993
993
989
990
993
998
999
992
995
996
999
991
997
993
1003
995
995
1005
993
998
1004
997
996
1001
1004
1003
1004
1000
998
992
998
994
1001
995
999
1001
1000
986
995
993
998
997
996
1000
1004
997
1005
1001
991
1003
997
991
995
998
995
991
995
989
990
1005
998
998
1000
998
993
998
1001
1000
1004
998
1001
1011
1002
998
998
1001
997
993
993
1006
996
1002
997
1001
999
998
1004
1006
1003
1006
1006
997
1003
998
995
1006
1005
1012
1014
1001
1005
991
1000
1001
997
996
999
998
998
1004
999
1000
997
1007
1007
1005
1003
1006
1009
1000
1006
999
1002
1002
1003
1000
996
1001
996
1005
1001
987
1004
1002
1000
1000
997
1000
1002
1000
1005
1001
999
1001
1001
1005
999
1010
1005
1007
1003
1003
998
996
997
993
998
993
1002
1001
1000
1005
997
1001
1001
999
990
994
993
999
1002
1005
999
1000
1003
1008
1004
1009
995
1000
1001
994
998
996
993
990
988
996
990
994
995
994
1002
995
999
992
996
994
989
988
992
992
997
992
999
992
994
993
993
990
988
994
991
988
990
990
993
999
998
1000
999
994
991
983
984
989
989
985
989
987
992
989
989
991
995
986
995
990
989
984
992
991
988
993
991
986
980
981
988
987
986
994
989
981
985
975
981
985
982
982
984
980
978
987
984
985
989
983
990
992
992
983
990
990
992
992
997
995
990
991
994
992
993
993
985
983
991
989
989
992
991
986
989
989
997
993
984
992
998
996
998
997
1000
1005
996
989
988
983
992
987
996
989
998
994
992
993
992
993
997
989
983
990
992
991
984
988
989
988
989
985
989
985
989
989
991
989
989
984
988
990
990
990
991
989
987
987
987
991
983
990
976
980
987
989
988
991
992
995
987
987
985
990
991
992
992
984
985
994
990
987
990
992
994
990
994
992
992
997
993
998
997
991
997
1004
996
994
995
997
989
996
995
1002
1000
999
996
993
991
993
993
991
992
999
995
996
997
999
1002
1003
1004
992
1001
1001
1001
1001
1007
1005
1006
1004
1008
998
1003
1000
1001
993
999
996
996
991
996
997
1001
995
1001
995
1001
997
993
994
997
996
999
1001
1004
1006
1003
992
996
991
995
1000
998
997
999
991
1001
1002
987
1003
992
995
992
1000
995
988
994
992
994
997
997
995
994
989
986
986
996
992
986
993
995
989
988
999
1000
999
987
991
997
996
995
993
994
988
994
1002
993
996
991
988
995
995
994
992
996
993
993
995
993
998
990
988
997
990
984
990
988
991
985
986
991
988
982
985
989
993
994
997
988
994
993
993
993
987
990
986
990
989
994
992
994
991
995
995
1000
998
993
983
996
997
1001
996
1000
1011
1008
1005
1008
1012
1008
1003
1009
1008
1008
1010
1002
1003
1001
1004
994
1004
1007
999
1011
999
998
1003
995
1007
1005
1011
1013
1014
1014
1014
1014
1008
1011
1009
1010
1014
1009
1016
1017
1010
1015
1013
1003
1012
1015
1013
1008
1003
1002
1009
1001
1002
1004
1006
1004
1012
1010
1009
1003
1014
1013
1012
1008
1006
1002
1008
1008
1015
1009
1014
1005
1013
1014
1014
1007
1014
1011
1015
999
1012
1007
1004
1005
1008
1009
1010
1015
1002
1002
1016
1006
1007
1001
1014
1014
1010
1017
1009
1013
1005
1009
1008
1003
1013
1015
1013
1011
1013
1012
1007
1006
1011
1001
1006
1015
1014
1008
1004
1008
1009
1003
1007
1010
1007
1012
1017
1009
1014
1014
1013
1014
1013
1021
1015
1011
1013
1002
1007
1005
1012
1018
1014
1015
1011
1012
1015
1011
1009
1020
1015
1009
1018
1023
1021
1016
1018
1016
1015
1019
1018
1022
1021
1018
1020
1014
1014
1018
1010
1010
1017
1005
1017
1009
1014
1016
1017
1018
1011
1016
1011
1016
1014
1013
1015
1014
1014
1009
1019
1022
1015
1016
1012
1015
1017
1014
1022
1020
1020
1018
1013
1019
1015
1017
1014
1011
1011
1013
1015
1015
1018
1013
1010
1007
1006
1011
1013
1006
1011
1013
1008
1018
1013
1018
1009
1011
1012
1010
1017
1007
1013
1012
1012
1014
1011
1010
1007
1006
1010
1011
1012
1018
1009
1008
1010
1006
1005
1012
1006
1003
1009
1011
1011
1011
1010
1013
1008
1015
1012
1015
1016
1012
1011
1003
1007
1011
1003
1015
1009
1012
1011
1006
1008
1007
1009
1001
1011
1012
1016
1009
1010
1015
1015
1017
1018
1014
1015
1017
1010
1019
1016
1018
1017
1013
1014
1009
1009
1005
1019
1002
1007
1012
1014
1016
1008
1014
1006
1004
1019
1005
1012
1004
1013
1010
1008
1011
1007
1012
1008
1010
1003
1003
1010
1003
1007
1009
1006
1008
1000
1002
1005
1005
999
1006
1010
1009
1007
1012
1011
1014
1008
1014
1004
1014
1014
1007
1013
1012
1003
1009
1011
1006
1009
1011
1005
1003
1004
1006
999
1007
999
1000
1004
1008
1003
1006
1001
1007
1008
1002
1007
1008
1007
1002
1007
1001
1002
1005
1005
1005
1001
1010
1008
1006
1004
1002
1012
1006
1006
1004
1004
1008
1000
1002
1000
1000
1001
1005
996
1006
995
999
997
1004
996
1001
999
996
999
1003
996
1004
996
1000
998
1003
1001
1006
1002
991
994
997
998
1001
1000
1007
1002
1001
994
1000
996
987
988
997
991
1001
996
1002
1001
998
1000
999
1002
1001
1003
1018
1014
1019
1021
1019
1021
1009
1011
1019
1017
1012
1015
1014
1016
1012
1012
1012
1020
1011
1010
1016
1020
1017
1013
1014
1016
1017
1011
1018
1020
1013
1014
1015
1022
1015
1019
1012
1015
1023
1018
1011
1018
1023
1020
1019
1021
1016
1023
1016
1011
1018
1019
1011
1021
1017
1012
1015
1016
1020
1020
1008
1005
1009
1011
1017
1015
1006
1010
1009
1013
1013
1007
1013
1009
1018
1012
1012
1007
1017
1010
1009
1014
1014
1010
1014
1017
1018
1009
1014
1018
1012
1016
1019
1015
1015
1017
1011
1019
1009
1007
1014
1014
1008
1015
1018
1014
1006
1010
1013
1008
1008
1010
1011
1004
1008
1000
1009
1013
1012
1011
1006
1008
1008
1004
1003
1004
1009
1009
1009
1010
1015
1011
1010
1010
1015
1020
1017
1013
1012
1011
1012
1010
1008
1013
1006
1004
1002
1005
1012
1004
1010
1006
997
1006
1001
1008
1000
1001
1005
1004
1003
1002
1011
1006
1003
1008
1001
998
999
1005
1006
997
1001
996
1003
997
1000
999
998
996
998
1001
1002
1003
998
1003
998
1002
995
998
1002
994
1005
1002
1007
1001
1006
1000
995
1003
1004
997
996
1004
1004
1000
1005
1005
1002
1003
995
997
1002
997
998
999
999
990
1002
1000
997
1002
997
1002
1005
1007
1001
1007
1010
1018
1014
1019
1021
1019
1021
1009
1011
1019
1017
1012
1015
1014
1016
1012
1012
1012
1020
1011
1010
1016
1020
1017
1013
1014
1016
1017
1011
1018
1020
1013
1014
1015
1022
1015
1019
1012
1015
1023
1018
1011
1018
1023
1020
1019
1021
1016
1023
1016
1011
1018
1019
1011
1021
1017
1012
1015
1016
1020
1020
1008
1005
1009
1011
1017
1015
1006
1010
1009
1013
1013
1007
1013
1009
1018
1012
1012
1007
1017
1010
1009
1014
1014
1010
1014
1017
1018
1009
1014
1018
1012
1016
1019
1015
1015
1017
1011
1019
1009
1007
1014
1014
1008
1015
1018
1014
1006
1010
1013
1008
1008
1010
1011
1004
1008
1000
1009
1013
1012
1011
1006
1008
1008
1004
1003
1004
1009
1009
1009
1010
1015
1011
1010
1010
1015
1020
1017
1013
1012
1011
1012
1010
1008
1013
1006
1004
1002
1005
1012
1004
1010
1006
997
1006
1001
1008
1000
1001
1005
1004
1003
1002
1011
1006
1003
1008
1001
998
999
1005
1006
997
1001
996
1003
997
1000
999
998
996
998
1001
1002
1003
998
1003
998
1002
995
998
1002
994
1005
1002
1007
1001
1006
1000
995
1003
1004
997
996
1004
1004
1000
1005
1005
1002
1003
995
997
1002
997
998
999
999
990
1002
1000
997
1002
997
1002
1005
1007
1001
1007
1010
999
1007
1004
1005
1006
1005
1013
1012
1012
1012
1017
1015
1010
1011
1013
1020
1013
1017
1008
1013
1015
1011
1007
1008
1007
1009
1008
1012
1013
1014
1005
1012
1013
1012
1008
1011
1006
1004
1014
1012
1010
1014
1021
1021
1016
1014
1016
1015
1014
1021
1013
1015
1012
1012
1014
1010
1013
1009
1014
1017
1011
1007
1015
1019
1009
1014
1012
1014
1010
1006
1009
1009
1015
1017
1011
1016
1013
1002
1011
1016
1008
1005
1004
1009
1007
1007
1012
1011
1012
1013
1006
1009
1014
1017
1007
1014
1013
1018
1013
1013
1014
1011
1005
1007
1007
1007
1006
1001
1009
1012
1017
1012
1022
1016
1020
1013
1010
1016
1015
1009
1014
1018
1017
1020
1024
1014
1016
1013
1014
1016
1014
1018
1018
1016
1012
1012
1017
1020
1017
1023
1023
1020
1015
1009
1017
1010
1010
1012
1012
1008
1009
1016
1010
1012
1010
1010
1014
1011
1007
1017
1008
1014
1014
1011
1014
1006
1011
1019
1014
1020
1018
1017
1013
1011
1015
1015
1009
1007
1014
1007
1010
1011
1014
1010
1001
1009
1012
1010
1007
1012
1009
1015
1015
1011
1010
1024
1012
1013
1013
1016
1016
1015
1020
1011
1008
1012
1007
1017
1014
1020
1019
1019
1016
1012
1016
1013
1013
1013
1008
1007
1009
1011
1005
1011
1002
1012
1011
1010
1004
1007
1003
1007
1007
1014
1012
1013
1007
1009
1012
1007
1003
1008
1011
1019
1008
1005
1015
1013
1011
1010
1011
1006
1002
1012
1012
1011
1014
1009
1006
1000
1004
1008
1011
1003
1011
1007
1016
1005
1006
1003
1005
1004
1003
1000
1008
1017
1008
1012
1002
1012
1007
1005
1012
1012
1005
1011
1003
1010
1007
1008
1001
1000
1003
1002
1000
1002
1006
1005
1007
1010
1000
1011
1004
1009
1012
1015
1010
1009
1018
1008
1011
1009
1010
1011
1006
1011
1011
1008
1010
1008
1012
1011
1007
1005
1008
1011
1007
1010
1006
1010
1012
1014
1011
1012
1009
1008
1008
1008
1012
1010
1008
1017
1011
1015
1015
1010
1016
1013
1013
1020
1009
1013
1005
1013
1016
1012
1010
1010
1004
1003
1001
1003
1007
1004
1012
1011
1008
1013
1009
1005
1007
1000
1008
994
1008
1002
1001
1007
995
1002
992
1006
1007
1012
1008
999
999
1001
1010
1006
1000
1005
996
1000
1007
1004
1004
1005
1004
1009
994
1005
1000
999
1003
1003
1005
1004
997
1005
1002
1001
1004
1009
1005
1007
1002
1008
1007
1003
1003
1005
1010
1003
1006
1006
1009
1003
1009
1014
1012
1003
1001
1000
995
1013
1007
1006
1009
1007
1002
1004
1012
1009
1010
1008
1004
1007
1007
1010
1002
1005
1008
1009
1010
1008
1008
1011
1009
998
1010
1006
1009
1011
1012
1010
1004
1009
1014
1005
1005
1009
1007
1012
1016
1009
1004
1017
1019
1009
1017
1015
1015
1019
1010
1009
1013
1014
999
1012
1014
1014
1015
1014
1011
1013
1002
1008
1003
1008
1006
1011
1011
1013
1003
1003
1004
1004
1001
1009
1005
1006
1006
1008
998
1012
1007
1013
1005
1007
1003
1001
1012
1013
1002
1011
1011
1009
1009
1015
1008
1007
1009
1014
1002
1018
1015
1014
1008
1016
1018
1015
1013
1015
1023
1017
1015
1009
1010
1014
1016
1009
1011
1014
1011
1012
1008
1012
1011
1012
1014
1013
1017
1009
1021
1017
1008
1022
1017
1016
1009
1013
1003
1010
1014
1014
1015
1010
1016
1020
1010
1017
1017
1023
1014
1013
1009
1015
1003
1001
1001
999
1000
1006
1008
1004
1006
1019
1008
1006
1015
1015
1023
1014
1018
1014
1021
1012
1010
1007
1013
1005
1015
1013
1014
1011
1012
1013
1009
1005
1011
1005
1002
1007
1004
1006
1008
1007
1013
1009
1005
1011
1010
1007
996
1001
1004
1006
1009
1011
1008
1007
1009
1009
1004
1005
1007
1009
1007
1000
1004
1002
998
1009
1008
1003
1002
1007
1010
1006
1004
1000
1000
1001
1001
1010
1007
1007
999
997
1008
1008
1003
1004
998
1003
999
1005
1004
1009
1004
1003
1005
1008
1003
1007
1005
998
1003
1001
1004
1006
1002
1010
1003
999
1005
1008
1009
1008
1007
1009
1004
999
1000
1006
1005
1006
1003
1000
1001
1010
1011
1002
1015
1012
1013
1002
1008
1006
1010
1013
1005
1011
1010
1006
1001
1005
1000
1002
1000
1006
1001
1005
1012
1007
1007
998
996
1002
1006
1008
1011
1005
1004
1009
1012
1008
1009
1009
1003
1002
1000
1005
1007
1005
1004
996
1012
1017
1007
1010
1009
1016
1015
1016
1014
1009
1005
1001
1003
1004
1005
1009
1009
1013
1015
1011
1010
1012
1016
1012
1017
1011
1014
1015
1016
1016
1015
1019
1017
1007
1012
1006
1009
1013
1014
1014
1015
1018
1013
1014
1007
1014
1009
1009
1011
1014
1007
1005
1000
1012
1016
1017
1016
1014
1011
1012
1021
1019
1016
1011
1012
1017
1018
1014
1012
1010
1011
1017
1009
1016
1010
1017
1015
1012
1013
1017
1010
1017
1022
1016
1018
1016
1019
1013
1013
1010
1023
1015
1016
1019
1017
1022
1012
1014
1017
1012
1023
1016
1020
1017
1016
1015
1018
1024
1012
1011
1017
1022
1012
1003
1011
1013
1004
1006
1013
1003
1010
1005
1004
1009
1007
1010
1007
1006
1012
999
1012
1014
1011
1009
1008
1004
1008
1012
1005
1009
1011
1011
1005
1007
1013
1005
1015
1014
1013
1014
1008
1012
1013
1012
1011
1005
1011
1001
1004
1001
1011
1015
1006
1006
1008
1002
1007
1006
1010
1008
1013
1003
1006
1003
999
1005
1012
1006
1006
1000
1004
1005
1005
1003
1009
1008
1000
1007
1009
1006
1005
1006
1004
1003
1006
1003
1005
1012
1011
1011
1012
1011
1008
1007
1011
1006
1005
1012
1013
1011
1009
1009
1008
1007
1017
1004
1007
1009
1007
1012
1012
1012
1010
1010
1000
1000
1001
1006
1012
1009
1006
1009
1012
1008
1010
1011
1011
1014
1013
1012
1018
1012
1021
1011
1004
1008
1010
1011
1006
1014
1011
1012
1013
1017
1009
1006
1007
1008
1012
1013
1007
1008
1006
1011
1007
1011
1015
1007
1005
1008
1004
1010
993
1009
1003
1009
1003
1007
1010
1013
1010
1007
1008
1009
1014
1012
1014
1014
1011
1006
1003
1005
1007
1008
1007
1010
1009
1009
1007
1004
996
1008
1006
1006
1009
1003
1005
1010
1014
1010
1008
1005
1000
1007
1012
1014
1011
1008
1007
1008
1011
1006
1000
1005
1005
1006
1000
1009
1009
1001
1010
1005
1009
1005
1016
1003
1011
1003
1003
1000
1002
1003
1001
1007
1002
1004
1002
1003
997
1000
999
1002
1008
1013
1014
1004
1004
1011
1007
1012
1010
1008
1014
1011
1009
1013
1005
1009
1005
1009
1004
1006
1005
1008
1004
1012
1001
1011
1000
1006
1011
1000
1013
1012
1016
1016
1002
1008
1002
991
1011
1006
1000
1005
1011
1005
1001
1002
1005
1008
1009
1010
1007
1007
1010
1008
1011
1005
1006
1004
1005
1000
1005
1001
1003
1002
1007
1006
1003
1002
1011
1005
1011
1004
1007
997
1007
997
1005
1003
1004
1007
1007
1000
1004
998
1003
1007
1008
1005
1010
1013
1005
1012
1007
1005
998
1010
1010
1010
1005
1008
1006
1004
999
1006
1008
1004
1010
1002
1003
1008
1005
1003
1002
1000
991
994
1002
994
1005
1010
1003
1000
1001
999
1004
999
997
1005
1004
1004
1006
1008
1008
1006
1009
1003
1004
1000
1000
1003
1007
997
996
995
998
997
1003
999
1005
1009
1004
1004
1002
997
1009
1006
1005
997
997
1005
1001
1000
999
997
995
999
1000
1005
995
999
1000
1000
1004
1005
1002
1002
994
1000
997
997
1009
1005
1002
1004
1006
1005
1009
996
1001
1007
1012
1005
1003
1002
1008
1005
1006
1005
1003
1007
1005
1000
1011
1005
1006
1013
1008
1014
1012
1011
1014
1020
1010
1013
1012
1011
1019
1006
1012
1005
1013
1016
1012
1010
1008
1010
1012
1009
1012
1013
1008
1002
1008
1008
1013
1011
1012
1014
1006
1004
1012
1014
1007
1010
1008
1014
1013
1010
1015
1013
1014
1007
1011
1010
1009
1006
1007
1011
1011
1010
1009
1000
1009
1010
1000
1009
1007
1004
1004
1009
1010
1003
1003
1003
1007
1009
1009
1005
1010
1017
1008
1009
1010
1009
1012
1007
1010
1009
1013
1006
1010
1004
1005
1008
1003
1006
1006
1013
1001
1005
1013
1006
1007
1008
1007
1005
1004
1005
1006
1011
1005
1009
1003
1007
1015
1003
1010
1013
1013
1019
1013
1004
1003
1008
1004
1006
1006
1011
1009
1011
1003
1004
1011
1013
1013
1010
1011
1002
1007
1009
1008
1017
1008
1005
1011
1017
1002
1003
1002
1007
1012
1010
1008
1000
996
1009
997
999
995
1004
1001
1004
1008
1011
1005
1011
1012
999
998
1006
1004
1009
1004
1009
1004
999
1004
1002
1002
997
996
1004
1001
999
999
