950
958
958
964
952
949
955
954
949
961
958
960
953
960
955
954
950
955
964
960
961
957
958
961
960
958
949
959
960
962
959
964
960
950
953
957
959
949
958
952
966
954
951
956
960
961
961
964
968
966
965
957
963
960
954
957
960
960
960
960
962
962
964
955
961
953
950
962
957
960
959
957
965
971
957
964
966
961
967
961
958
953
960
968
962
961
962
962
961
965
959
959
962
956
959
959
960
957
950
956
960
961
966
957
957
960
961
964
964
957
965
957
956
965
954
960
965
957
953
964
958
961
972
959
960
954
963
967
960
961
961
965
962
955
957
966
961
952
963
961
954
961
965
959
958
951
956
962
958
965
959
954
958
953
963
958
956
960
957
954
956
958
963
961
956
962
963
961
967
957
957
962
960
957
951
959
955
955
960
957
958
954
961
957
960
947
953
958
958
961
955
957
956
962
963
963
955
956
963
956
958
958
961
960
964
969
967
957
968
973
972
969
968
971
963
957
970
967
968
952
970
967
964
962
964
961
958
963
959
962
954
971
969
961
963
959
962
961
962
957
962
956
950
956
952
952
954
957
957
958
961
960
962
960
956
960
965
957
964
960
955
958
955
956
960
956
961
960
957
955
953
953
951
952
958
967
963
955
957
958
956
960
957
957
964
963
967
961
961
968
965
963
966
971
956
955
957
957
960
955
961
964
962
965
955
963
970
966
965
959
962
961
965
964
960
957
961
962
954
955
967
959
957
966
962
961
960
956
961
959
962
961
961
965
965
967
966
967
972
969
958
965
963
954
958
964
954
951
958
957
957
957
953
953
954
957
960
964
953
952
963
964
955
956
961
958
959
957
957
959
958
967
958
958
958
961
953
957
964
956
956
952
958
960
957
957
967
962
964
959
957
954
958
960
950
950
956
958
955
964
958
966
966
960
970
967
961
957
961
963
965
972
967
962
965
969
969
969
968
959
972
966
962
960
963
967
965
965
964
967
964
968
965
951
960
965
968
965
964
959
957
958
960
957
964
954
966
957
960
960
957
959
957
965
956
956
966
958
956
964
951
958
957
955
954
965
955
957
965
959
962
962
961
959
960
964
960
961
955
957
958
964
964
962
959
962
959
958
963
957
955
962
951
957
957
968
961
960
956
967
962
962
952
956
963
958
960
960
962
962
966
962
965
965
961
964
960
967
969
961
964
965
957
964
961
966
970
964
963
963
969
968
974
965
970
974
978
967
972
968
967
966
967
965
963
963
966
962
973
970
960
969
969
976
964
971
967
966
971
964
969
974
961
974
974
967
969
974
968
970
971
968
964
965
965
949
969
968
967
968
969
953
963
970
970
965
970
966
971
964
966
967
963
963
966
976
973
963
960
955
965
962
960
958
965
957
958
966
967
967
961
965
962
964
967
958
961
963
967
966
973
965
971
967
965
967
968
966
965
971
963
968
970
966
968
974
965
969
971
971
974
976
975
975
973
970
968
968
972
966
971
965
974
973
974
969
977
974
972
976
978
973
975
982
976
978
977
978
978
975
976
972
975
973
974
982
977
986
983
978
976
981
980
982
977
978
979
981
973
981
973
976
970
974
971
969
970
970
970
981
982
971
970
984
983
975
980
979
980
981
979
978
986
983
985
984
983
977
986
982
982
977
987
979
987
983
986
982
976
978
986
979
977
974
974
975
980
987
984
987
985
991
983
990
991
980
991
993
989
991
991
986
988
996
983
991
994
988
981
991
987
981
998
990
987
995
993
994
990
980
993
989
978
987
991
988
990
989
990
987
991
988
982
982
983
984
998
994
989
993
991
996
990
985
991
991
997
990
992
992
991
989
988
996
994
993
989
990
996
991
992
997
984
997
982
996
996
988
989
1000
990
993
992
989
990
988
989
987
982
981
987
996
997
999
998
994
985
992
994
991
990
990
992
977
994
989
990
985
987
986
990
991
997
988
986
988
983
991
996
993
993
989
990
990
996
992
988
988
996
989
989
996
987
989
986
976
995
987
996
991
998
993
985
993
986
990
990
984
991
991
991
987
987
991
987
986
988
987
979
986
985
984
984
992
985
986
986
983
983
984
986
984
989
991
984
990
986
986
988
980
987
983
980
989
982
986
987
987
982
989
988
983
993
989
983
988
994
989
989
982
992
992
990
996
987
992
996
988
999
995
990
995
991
990
999
997
995
999
998
1001
991
996
996
986
993
988
994
996
998
989
993
994
995
996
996
1000
1002
1001
992
1000
990
1009
996
1001
996
999
1000
1000
1004
999
1001
999
1001
1000
994
997
1003
1000
1001
994
991
993
992
991
986
992
997
997
994
994
990
994
994
990
994
990
994
991
995
986
991
994
995
990
987
998
995
992
986
1002
1001
998
992
997
1001
986
994
992
993
997
991
994
1000
989
991
1004
995
989
994
996
987
990
993
996
1000
998
1003
1004
998
998
1001
995
992
1001
994
997
993
991
997
991
992
987
985
999
992
987
986
989
996
991
992
991
998
996
998
1000
992
997
995
1000
999
988
994
995
991
1004
995
1002
1001
1001
1004
997
994
994
994
987
1000
992
993
993
998
996
993
989
995
998
998
993
995
992
992
996
992
993
995
994
994
991
993
991
996
1001
1002
1004
992
991
993
989
994
994
990
989
993
997
993
993
983
987
991
988
995
990
988
991
992
992
996
990
989
996
993
992
993
982
987
996
992
995
994
997
990
996
987
999
999
997
990
996
1001
995
992
997
999
993
993
993
990
994
993
984
1002
986
995
998
989
984
991
998
996
1000
991
988
997
998
995
993
994
994
995
991
987
988
995
990
994
995
994
1000
996
993
995
988
994
998
991
994
992
983
991
993
986
998
996
995
997
983
995
993
991
992
994
992
991
997
996
1000
1004
1000
983
994
987
994
991
992
993
1000
1000
1001
994
989
999
992
995
999
997
995
997
994
1001
988
998
994
1003
1005
1006
1002
1006
1005
1009
1008
998
1005
999
992
1003
1004
1001
1002
1002
1005
1011
1001
1006
1000
999
1000
1007
1006
1003
1001
999
996
1004
1008
1003
999
999
1001
999
997
1005
1009
998
1000
1008
1006
1005
1010
1004
1000
1002
999
999
995
1000
997
1003
1009
1006
996
1006
1010
1005
1004
1004
1009
1000
1004
1000
1002
1004
1003
1002
1006
1010
1002
1008
1000
1002
1005
1001
998
1003
1003
992
1009
1002
1004
1002
997
999
1001
995
1003
1001
994
1002
999
1001
1002
1003
1001
998
1001
1003
1000
996
1001
1004
1005
1006
1001
996
1001
1008
1002
1001
1005
1001
1002
997
996
1002
1001
996
992
996
989
998
1000
995
1005
1003
1005
1002
1001
1004
1001
1005
1007
1011
1006
1007
1009
1001
1001
1007
999
1005
995
1005
991
996
1002
1003
1002
1000
1005
1007
1013
1008
1001
1005
1009
1010
1010
1005
1000
1008
1010
1007
1009
1008
1014
1000
1005
996
1004
1006
1009
1008
1014
1011
1011
1007
1001
995
1007
1002
998
999
1000
1009
1000
1005
1011
1008
994
1003
1002
999
999
998
1004
1006
994
1004
997
1003
1002
1000
1008
1005
1007
1006
999
999
1001
998
1003
1007
996
1004
1001
999
1007
998
1001
1003
1001
1005
1008
1006
999
1006
1000
1012
1013
1012
1003
1009
1008
1008
1004
1005
1010
1004
1003
1011
1008
1009
1004
1002
1006
1007
998
1005
1011
1008
1005
1005
1008
1005
1004
1012
1004
1003
1011
1012
1011
1014
1013
1010
1003
1005
1002
1007
1012
1008
1012
1006
1013
1008
1013
1006
1004
1009
1011
1015
1004
1010
1009
1006
1010
1018
1010
1018
1013
1004
1008
1013
1014
1007
1016
1007
1005
1003
1009
1017
1010
1014
1010
1008
1006
1007
1010
1025
1014
1019
1015
1004
1010
1011
1010
1011
1014
1010
1015
1009
1015
1007
1015
1017
1008
1013
1007
1019
1016
1012
1012
1009
1009
1013
1011
1012
1012
1009
1014
1013
1014
1013
1008
1015
1008
1007
1015
1014
1014
1013
1014
1011
1009
1015
1011
1010
1006
1004
1007
1005
1004
1005
1000
1014
1007
1001
999
1004
1004
1008
1012
1002
1003
999
1003
1004
1000
1005
999
998
995
1000
999
1003
1003
1000
1001
999
1007
1007
1007
1010
1002
1006
1010
1007
1003
1009
1008
1002
1012
1012
1004
1004
1000
1002
1004
1007
1004
1003
1006
1009
997
999
1004
1006
1009
1004
1006
1005
1007
1012
1002
1011
1008
996
1008
1000
1004
1002
1008
1006
1015
1009
1001
1008
1009
1008
1005
1007
994
1009
1004
1006
1008
1007
998
999
997
997
997
995
1000
1002
1006
1008
1013
1011
1023
1010
1011
1007
1011
1010
999
1006
1003
1009
1007
1003
1001
1002
1001
1006
1004
1008
1007
1004
1000
996
990
991
995
999
1001
999
994
997
994
1000
996
993
998
995
1003
1002
1007
1009
1007
1006
1002
997
1001
1001
1005
1004
1003
996
994
1011
998
1011
1003
1001
999
998
1007
1005
1006
1006
998
1004
1012
1003
1007
1006
1004
1005
1000
1013
1002
1004
1008
1003
1003
1002
1005
1000
1004
1004
1001
995
999
1003
1001
1001
1005
998
1004
1003
997
1004
1004
1002
1002
1006
1001
994
1001
1002
1002
1007
1003
1011
1011
1005
1011
996
1002
1002
998
1005
1008
1005
1007
1004
1007
1008
1003
998
1007
1001
1001
998
1000
1001
1006
1003
1005
1005
1007
1007
1002
998
1008
1002
1001
1001
1004
994
999
1005
1001
1000
1004
998
1003
1004
1002
1000
1001
1000
990
995
996
1003
1003
998
992
1000
1004
996
1001
999
1004
995
1000
1000
997
1009
1003
1002
999
993
999
1004
1005
1005
1007
1005
1014
1003
1006
1012
1012
1013
1014
1005
1010
1004
1009
1013
1011
1011
1009
1016
1004
1008
1006
1004
1013
1016
1008
1011
1005
1014
1015
1005
1009
1006
1009
1011
1013
1011
1004
1008
1006
1009
1004
1006
1008
1007
998
999
997
997
997
995
1000
1002
1006
1008
1013
1011
1023
1010
1011
1007
1011
1010
999
1006
1003
1009
1007
1003
1001
1002
1001
1006
1004
1008
1007
1004
1000
996
990
991
995
999
1001
999
994
997
994
1000
996
993
998
995
1003
1002
1007
1009
1007
1006
1002
997
1001
1001
1005
1004
1003
996
994
1011
998
1011
1003
1001
999
998
1007
1005
1006
1006
998
1004
1012
1003
1007
1006
1004
1005
1000
1013
1002
1004
1008
1003
1003
1002
1005
1000
1004
1004
1001
995
999
1003
1001
1001
1005
998
1004
1003
997
1004
1004
1002
1002
1006
1001
994
1001
1002
1002
1007
1003
1011
1011
1005
1011
996
1002
1002
998
1005
1008
1005
1007
1004
1007
1008
1003
998
1007
1001
1001
998
1000
1001
1006
1003
1005
1005
1007
1007
1002
998
1008
1002
1001
1001
1004
994
999
1005
1001
1000
1004
998
1003
1004
1002
1000
1001
1000
990
995
996
1003
1003
998
992
1000
1004
996
1001
999
1004
995
1000
1000
997
1009
1003
1002
999
993
999
1004
1005
1005
1007
1005
1014
1003
1006
1012
1012
1013
1014
1005
1010
1004
1009
1013
1011
1011
1009
1016
1004
1008
1006
1004
1013
1016
1008
1011
1005
1014
1015
1005
1009
1006
1009
1011
1013
1011
1004
1008
1006
1004
1002
1013
1013
1010
1007
1007
1009
1004
1013
1004
1013
1013
1005
1008
1005
997
1010
1008
1011
1002
1015
1007
1006
1009
1014
1009
1013
1005
1017
1016
1022
1006
1015
1017
1020
1008
1009
1017
1014
1009
1023
1010
1011
1010
1015
1012
1013
1006
1014
1017
1008
1011
1006
1001
1006
1009
1007
1010
1008
1007
1007
1004
1009
1008
1008
1012
1014
1011
1002
1012
1008
1002
1007
1001
1009
1002
1010
1004
1004
1010
1011
1010
1012
1012
1003
1015
1001
997
1009
1001
1009
1005
1006
1005
1001
1008
1017
1016
1012
1006
1010
1005
1007
1008
1004
1007
1010
1008
998
997
1008
1009
1002
1001
1001
1011
1016
1010
1010
1007
1010
1011
1009
1003
1008
1010
1008
1016
1013
1012
1007
1013
1003
1006
1008
1010
1012
1014
1013
1000
1005
1008
1005
1002
1002
1012
1003
998
1001
1001
1003
1005
1006
999
1008
1002
1000
1005
1001
1006
1006
1008
1009
1003
1007
999
1002
1011
1008
1007
1009
1014
1007
1004
1009
1006
1012
1005
1012
1004
1001
1009
1013
1013
1010
1009
999
1010
1009
1011
1011
1007
1012
1007
1009
1006
1013
1010
1016
1003
1008
1004
1003
1007
1013
1022
1011
1012
1018
1013
1021
1013
1010
1013
1015
1015
1008
1012
1017
1008
1005
1009
1007
995
1002
1004
1001
1009
1009
1004
1008
1013
1006
1014
1017
1012
1015
1005
1017
1009
1007
1007
1009
1014
1012
1004
1012
1020
1011
1018
1010
1008
1009
1002
1003
1006
1000
1000
994
1014
1007
1011
1014
1011
1012
1009
1007
1009
1011
1008
1007
1005
1006
1001
998
997
1003
1001
1014
1005
1002
1003
1010
1009
1004
993
1004
1005
1002
1007
1008
1015
1005
1007
999
1007
1002
1011
1008
994
998
1004
1004
1000
1005
997
999
1002
998
996
1000
1006
1003
1004
1003
1010
996
996
999
998
996
999
993
995
996
995
996
995
996
1006
1003
1002
1008
1004
1007
1000
997
1002
999
999
1001
996
1000
996
1005
1003
1003
1011
1016
1008
1007
1013
1012
1004
1013
1002
1011
1013
1006
1013
1012
1011
1011
1007
1012
1006
1007
1001
1001
1007
1003
1003
1007
1005
1009
1006
1004
1008
1005
1007
1004
1001
1008
1006
1003
1010
1007
1014
1009
1007
1009
1002
1008
1001
1010
1007
1004
1004
1006
1002
1006
1009
999
1000
1000
999
1003
997
1007
999
1002
1005
1006
1008
997
998
999
995
997
1008
1007
1007
1006
1008
998
1012
1009
1006
1006
999
1009
1010
1004
1008
1005
997
1006
1006
1012
1009
1010
1009
1000
1012
1015
1017
1010
1007
1016
1025
1018
1017
1010
1011
1010
1005
1007
1004
1004
1005
1006
1004
1004
1013
1009
1009
1014
1010
1007
1009
1010
1010
1008
1008
1015
1011
1010
1010
1011
1015
1020
1018
1017
1022
1011
1015
1014
1008
1008
1010
1013
1007
1004
1013
1009
1005
1005
1015
1006
1011
1007
1010
1014
1004
1005
1016
1009
1004
1007
1008
1009
1011
1006
1004
1008
1005
1006
1008
1002
1006
1001
998
1005
1004
1005
1010
1005
1001
1005
1002
1010
996
1008
1007
1010
1005
1011
1008
1007
1005
1006
1013
1013
1010
1015
1004
1008
1010
1010
1010
1009
1003
1014
1006
1005
1008
1011
1010
1010
1005
995
1005
1008
1007
1009
1004
1005
1007
1017
1009
1012
1010
1012
1008
1011
1010
1006
1004
1011
1008
1002
1014
1014
1013
1000
999
1011
1002
1008
1009
1016
1005
1012
1007
1004
1009
1005
1012
1008
1011
1007
1014
1011
1010
1012
1014
1011
1005
1012
1009
1008
1011
1007
1006
1005
1014
1011
1003
1005
1006
1010
1003
1014
1016
1013
1011
1010
1010
1006
1013
1015
1010
1014
1010
1013
1017
1021
1015
1013
1014
1011
1011
1017
1015
1015
1015
1011
1018
1009
1013
1003
1002
1008
1004
1008
1008
1012
1007
1009
1008
1014
1009
1011
1010
1005
1010
1005
1006
1010
1006
1005
1004
1007
1010
1011
1010
1011
1008
1011
1008
1005
1009
1006
1007
1008
1004
1006
1002
1007
1002
1003
1010
1007
1010
1000
1003
1010
1013
1011
1008
1008
1006
1003
1008
1009
1001
1010
1010
1006
1007
1009
1012
1007
1007
1007
997
1003
997
1005
1002
1007
1007
1002
1003
1004
1004
1003
1008
1003
1003
1006
1010
1003
1007
1001
999
1008
1008
1008
1008
1011
1007
1011
1014
1006
1009
1010
1006
1008
1001
1008
1005
1008
1004
1002
1009
1008
1002
1007
1009
1007
1008
1010
1012
1012
1017
1014
1017
1017
1016
1011
1007
1011
1003
1003
1006
1002
1000
1004
1003
999
994
990
998
996
1001
993
988
989
996
1000
995
1001
995
997
996
998
998
998
1006
1007
1008
1003
1003
997
1002
986
1000
1008
1002
1002
1006
1007
1003
1005
998
999
993
998
1008
1003
1005
1000
1003
1002
1001
1004
1004
1008
1007
1003
1003
1014
1007
1005
998
1006
1008
1001
1001
1006
999
1008
1007
999
1014
1007
1005
1017
1014
1011
1013
1016
1016
1014
1015
1016
1010
1010
1016
1011
1015
1011
1010
1013
1004
1014
1015
1017
1009
1008
1014
1011
1013
1008
1018
1012
1014
1012
1019
1018
1014
1011
1019
1017
1015
1020
1008
1005
1007
1006
1008
1011
1018
1017
1020
1013
1003
1011
1014
1011
1015
1008
1011
1010
1014
1015
1013
1015
1013
1008
1018
1018
1012
1015
1016
1016
1005
1025
1012
1009
1006
1011
1019
1008
1019
1010
1018
1019
1015
1016
1022
1011
1013
1016
1011
1017
1017
1014
1008
1006
1013
1012
1014
1016
1014
1012
1014
1017
1015
1009
1008
1009
1006
1004
1006
1005
1012
1005
1009
999
1013
1002
1006
1013
1007
1011
1007
1010
1009
1009
1004
1007
1005
1006
999
997
1005
998
1009
1002
1011
1004
996
1009
1008
1009
1006
1003
999
1009
1000
1010
1006
1005
997
1001
1002
1003
1011
999
1010
1016
1005
1009
1010
1005
1005
1002
1005
1004
1002
1013
1004
1002
999
1009
1009
1010
1010
1014
1019
1012
1013
1020
1010
1012
1016
1008
1011
1014
1013
1009
1005
1005
1011
1015
1017
1006
1013
1006
998
1007
1007
1011
1004
1009
1010
1015
1013
1009
1013
1012
1013
1011
1008
1016
1013
1010
1014
1009
1013
1001
1003
1005
1014
1008
1002
1004
1006
1007
1004
1010
1004
1009
1019
1016
1010
1008
1009
1000
1010
1013
1019
1010
1003
1009
1007
1009
1007
1017
1016
1003
1014
1011
1010
1002
1008
1012
1014
1008
1009
1010
1010
1009
1012
1012
1013
1016
1012
1016
1015
1013
1010
1012
1008
1007
1010
1008
1012
1008
1015
1020
1020
1015
1015
1012
1017
1015
1013
1010
1013
1010
1009
1012
1016
1006
1007
1000
1001
1012
1008
1010
1009
1012
1006
1007
1000
1012
1006
1013
1012
1010
1017
1015
1020
1017
1020
1010
1015
1013
1016
1011
1015
1017
1013
1015
1013
1017
1008
1008
1015
1008
1010
1012
1012
1013
1015
1013
1018
1009
1013
1020
1016
1008
1009
1002
1006
1006
1001
1017
1010
1012
1010
1012
1015
1013
1013
1017
1010
1017
1015
1017
1022
1010
1019
1013
1016
1009
1019
1023
1022
1022
1024
1015
1024
1018
1027
1019
1020
1022
1025
1028
1018
1024
1018
1026
1025
1021
1027
1019
1023
1023
1026
1023
1020
1026
1025
1025
1022
1017
1019
1019
1026
1023
1021
1019
1017
1024
1014
1019
1022
1014
1019
1017
1018
1024
1015
1012
1022
1025
1014
1021
1014
1019
1019
1032
1028
1028
1023
1024
1028
1022
1022
1024
1027
1022
1025
1031
1020
1021
1022
1019
1016
1020
1005
1019
1021
1019
1021
1023
1019
1015
1018
1021
1015
1019
1015
1011
1015
1017
1017
1018
1020
1011
1017
1016
1018
1015
1012
1028
1017
1024
1014
1023
1026
1019
1024
1022
1022
1022
1027
1021
1024
1018
1015
1018
1021
1025
1021
1026
1020
1020
1022
1015
1020
1024
1018
1020
1025
1024
1018
1021
1025
1027
1020
1015
1025
1027
1027
1024
1022
1027
1025
1028
1027
1030
1027
1028
1028
1020
1025
1025
1030
1030
1034
1025
1022
1021
1024
1024
1028
1025
1015
1014
1031
1023
1015
1020
1020
1017
1021
1022
1013
1023
1021
1028
1026
1017
1017
1020
1019
1011
1016
1020
1019
1015
1018
1022
1020
1023
1017
1021
1023
1018
1018
1021
1018
1020
1021
1020
1027
1026
1019
1021
1024
1028
1022
1019
1026
1024
1028
1027
1022
1025
1025
1018
1027
1021
1020
1023
1026
1021
1015
1026
1025
1026
1019
1013
1023
1026
1019
1020
1019
1024
1028
1023
1024
1025
1027
1029
1018
1021
1023
1022
1014
1023
1022
1019
1026
1019
1021
1023
1019
1026
1017
1019
1026
1024
1016
1017
1024
1020
1020
1024
1020
1022
1021
1024
1016
1024
1024
1024
1016
1021
1018
1021
1030
1028
1025
1021
1026
1030
1016
