948
951
954
960
950
958
950
948
952
951
947
947
949
945
950
953
947
949
950
952
950
956
954
957
961
953
956
956
953
957
958
967
968
965
963
966
959
958
965
965
968
969
963
968
966
959
968
973
967
967
961
964
967
970
972
966
974
954
964
960
967
968
969
958
964
963
963
964
965
959
965
960
966
967
970
962
965
966
960
960
964
956
962
967
967
961
967
961
951
965
971
968
964
968
968
970
971
967
966
976
970
966
971
965
975
972
967
967
970
971
968
971
970
971
972
967
972
969
970
978
974
973
967
968
963
967
969
970
971
970
956
973
966
965
962
969
972
965
974
972
968
973
976
969
968
970
964
965
969
966
972
960
972
969
967
969
974
970
971
970
967
961
966
970
972
962
972
966
964
970
967
965
966
970
963
973
970
972
970
966
971
969
962
965
964
960
963
968
960
966
961
961
966
964
963
961
960
965
961
962
962
962
962
972
968
964
971
965
968
962
966
969
966
965
965
969
964
961
963
971
961
968
966
958
956
966
960
960
962
968
965
966
966
970
968
965
963
967
971
969
959
963
972
969
967
972
961
974
955
959
964
966
956
962
960
964
965
959
960
963
969
963
968
968
962
961
965
963
962
958
963
963
961
964
959
962
957
961
958
954
964
963
963
963
966
960
965
962
963
970
967
976
973
970
971
968
965
966
970
968
969
967
976
970
966
968
975
975
969
975
972
962
971
964
964
970
966
969
970
969
964
965
966
972
965
971
966
962
967
976
967
974
969
974
974
969
977
972
973
965
976
967
971
975
969
964
966
970
962
957
968
970
970
966
957
968
961
972
965
962
969
967
965
972
971
963
974
971
970
970
967
972
967
964
973
968
970
965
965
959
969
971
969
973
969
969
963
972
966
970
968
968
965
966
967
970
967
969
979
970
966
962
970
974
965
971
961
969
967
973
971
969
967
967
974
970
961
968
968
964
968
966
973
969
970
965
973
974
975
965
962
961
973
980
969
971
970
971
969
972
964
974
966
976
969
975
969
969
963
969
965
968
963
968
964
968
973
967
975
970
973
968
968
971
968
965
970
965
966
963
967
969
975
974
968
975
968
970
966
967
973
971
970
965
964
973
971
973
965
972
964
966
963
965
971
968
968
962
966
971
971
979
975
973
964
972
973
963
969
973
969
961
968
964
968
970
967
964
972
972
972
971
964
969
968
968
971
967
973
968
972
973
974
966
973
967
970
977
968
964
961
964
960
965
965
964
970
966
967
958
961
963
969
964
960
958
950
960
960
966
964
953
961
969
969
972
967
962
967
967
964
967
967
979
967
966
972
971
965
968
969
970
979
970
968
969
967
973
975
968
975
979
977
977
974
976
978
977
975
981
977
980
975
978
978
977
973
969
977
977
978
975
976
969
969
973
975
972
973
976
979
975
965
974
974
975
975
978
976
984
976
971
981
980
975
969
972
973
979
977
967
970
970
973
976
977
974
976
979
971
972
972
970
975
972
977
972
975
980
977
973
979
972
978
977
979
977
980
972
976
983
973
974
968
976
980
978
979
982
970
977
975
974
971
969
975
970
981
980
985
981
981
975
981
989
984
974
980
983
983
988
981
976
980
974
975
979
979
972
973
978
982
978
974
977
980
976
969
970
974
973
971
970
978
970
978
984
981
984
979
977
978
973
975
976
977
969
978
976
978
970
972
961
963
966
969
968
966
969
964
973
966
966
975
965
968
964
975
976
968
972
972
968
964
967
971
962
966
970
967
978
977
975
972
975
971
973
978
977
978
977
972
973
972
977
981
978
982
979
973
972
982
979
974
972
979
985
989
980
983
982
982
982
983
984
981
981
984
980
982
978
982
978
988
974
978
977
978
989
981
981
976
976
978
982
977
985
987
979
977
986
986
990
983
986
986
988
986
988
981
987
979
975
984
980
978
970
968
973
975
968
970
980
982
970
977
980
976
975
982
978
978
971
977
979
978
977
983
977
984
977
983
982
977
976
979
982
978
978
982
970
978
973
977
980
982
975
979
974
975
975
970
983
981
975
979
978
975
973
976
976
979
983
983
973
981
981
983
973
972
984
978
979
984
977
980
978
979
979
980
978
982
979
985
981
985
978
982
987
982
983
984
989
979
986
990
985
985
989
981
979
991
984
986
996
981
981
983
971
980
986
993
992
990
984
986
980
980
972
985
985
984
992
993
982
985
982
985
989
983
986
987
981
987
992
984
991
983
979
980
976
978
979
982
984
982
980
980
979
982
983
984
980
979
977
978
988
972
985
979
981
982
978
979
980
989
982
980
985
980
982
987
985
984
987
990
978
978
984
983
981
984
991
989
997
987
979
996
996
988
984
993
994
985
984
984
992
988
988
983
985
987
983
990
989
985
987
989
986
983
988
987
988
990
990
989
993
994
993
981
986
993
990
981
990
983
992
984
985
988
989
983
981
988
983
986
989
988
987
979
988
983
983
988
986
983
984
985
981
986
985
983
983
984
981
980
985
981
982
987
988
990
982
987
982
986
980
986
990
979
987
984
992
988
984
985
987
985
993
988
987
987
994
993
991
991
992
988
987
990
990
985
988
992
993
990
992
986
984
986
994
993
987
988
987
993
989
985
986
984
984
985
986
982
982
974
980
984
986
988
990
994
991
988
990
987
990
992
981
984
980
987
982
988
977
984
978
979
976
978
981
977
978
980
983
979
979
979
976
983
985
986
986
978
981
985
980
978
985
985
988
987
977
989
989
991
996
991
984
988
991
980
988
991
992
989
997
988
991
989
984
985
984
984
985
986
985
989
989
990
993
994
982
987
995
989
990
989
986
993
994
984
985
980
987
987
987
991
978
975
979
983
989
986
979
983
982
981
985
984
991
983
977
984
986
985
980
976
983
983
983
977
977
979
981
980
978
984
981
982
983
980
979
980
977
984
982
982
983
986
983
987
987
991
976
969
986
985
986
987
986
978
976
993
983
986
980
984
987
988
986
984
981
986
976
978
979
986
980
987
987
986
986
976
988
997
988
987
984
985
981
980
974
981
974
972
983
985
976
984
977
979
976
972
972
976
974
978
973
974
984
983
977
978
987
977
979
979
975
982
976
982
984
978
975
977
992
988
985
992
980
984
973
983
985
979
976
982
983
984
985
977
988
980
981
981
980
980
968
979
981
981
979
980
976
977
986
981
984
984
983
986
984
982
982
986
987
993
988
983
985
982
986
984
980
981
981
981
987
984
984
985
993
985
992
991
987
991
992
989
986
995
990
989
992
994
988
988
993
988
988
985
988
992
991
987
988
981
986
988
982
974
981
973
987
980
981
984
988
987
981
981
978
986
985
986
988
983
991
985
982
989
985
986
986
989
990
989
990
986
984
985
983
982
991
985
988
987
991
988
986
981
987
980
981
981
987
984
984
979
986
989
987
984
986
989
985
986
981
987
981
985
984
984
980
987
984
987
986
982
983
982
985
981
987
988
990
984
982
977
984
978
980
984
985
991
985
980
985
980
982
989
982
982
986
975
986
989
991
984
985
981
988
982
974
979
978
976
976
983
983
989
985
986
981
979
985
986
982
983
986
977
976
976
976
983
984
985
983
980
986
981
979
981
978
982
979
983
975
982
978
987
988
985
981
982
973
965
980
984
977
981
984
971
985
982
984
980
982
983
984
979
980
987
989
982
978
976
976
979
969
986
976
976
980
978
980
979
985
978
984
978
980
971
977
976
971
973
987
982
977
972
971
972
968
978
978
973
980
977
983
976
986
975
984
979
976
982
976
981
985
984
980
982
982
980
981
996
984
986
993
988
981
991
990
993
994
985
997
998
985
985
988
984
985
992
991
989
980
988
984
985
985
984
987
977
981
986
989
982
986
985
987
982
985
975
985
982
989
983
986
990
986
978
986
986
978
988
990
988
981
989
982
981
986
985
997
994
992
991
983
982
987
985
989
986
984
984
991
992
994
994
987
985
990
987
990
985
986
973
982
977
982
983
986
986
987
988
988
974
991
991
993
989
993
984
984
985
982
992
989
985
987
983
991
991
986
985
987
984
990
989
987
990
988
990
992
987
990
994
991
992
979
993
988
990
988
991
983
982
990
988
989
981
989
986
989
985
976
983
981
978
985
980
983
987
981
979
982
987
983
978
978
985
984
981
980
982
981
979
990
982
972
981
983
986
980
977
988
987
980
985
979
985
979
975
974
979
974
973
975
983
970
980
975
981
982
980
976
979
982
980
972
985
989
988
985
976
974
982
981
981
978
982
980
982
984
987
985
988
986
989
986
986
988
990
990
989
994
987
991
991
985
989
984
992
991
992
984
991
991
987
994
988
994
981
983
990
992
996
996
1000
992
996
989
1002
1002
992
993
1000
998
1001
1000
992
986
985
991
987
994
989
996
993
996
991
987
981
986
986
988
982
984
986
993
988
988
981
985
993
989
989
983
983
986
991
993
977
977
989
985
988
980
984
985
977
986
986
984
986
985
984
985
987
989
992
987
988
990
991
991
988
991
982
988
985
987
989
977
985
975
986
987
988
984
975
981
973
975
978
986
984
991
987
984
987
979
985
986
995
979
991
980
985
988
988
993
981
984
986
986
981
979
978
979
982
987
983
989
986
981
983
986
986
982
990
991
982
986
991
987
984
984
996
991
989
977
990
989
983
993
995
993
992
995
993
1000
997
995
985
995
991
994
993
999
995
1001
1006
991
1005
998
1001
1002
1000
999
1005
986
990
993
990
994
1001
997
994
997
992
993
991
995
991
990
990
996
986
989
983
981
982
991
987
987
984
992
987
987
987
990
988
990
980
991
994
989
990
993
986
991
992
991
988
990
990
985
997
988
991
988
988
991
993
1000
996
996
999
991
987
992
994
992
992
989
997
998
992
992
993
991
991
985
980
985
993
988
987
991
990
994
989
985
989
987
990
991
986
989
990
982
987
981
990
982
980
979
991
986
992
990
996
996
994
995
994
996
992
991
994
998
991
996
996
993
993
995
997
994
990
993
993
993
991
995
1002
997
1002
992
992
994
989
992
995
989
990
997
995
991
986
990
990
995
993
993
997
996
999
998
1001
995
993
988
988
998
997
998
998
993
994
993
991
1003
1003
998
995
996
1007
995
1004
1005
995
1002
1000
1005
1012
1005
997
1004
1002
1004
1013
1007
1005
1002
1011
1003
1006
1011
1002
1005
1007
1007
1011
1007
1003
998
1008
1013
1005
1005
1005
1000
1001
1003
1003
1004
1007
1004
1005
1005
1013
1007
1014
1008
1009
1000
1002
1000
1010
1003
998
1001
1003
994
1003
998
1001
1005
1002
1005
1007
1001
1010
1002
1010
994
1000
1000
1002
1006
1002
1006
1005
1001
1014
1010
1000
1001
1004
998
1003
1005
1010
1010
1008
1008
1003
1012
1016
1008
1009
1009
1010
1006
1010
1019
1009
1000
1008
1013
1005
1012
1003
1013
1005
1008
1012
1014
1004
1010
1002
1002
1001
1007
1009
1008
1000
1007
1007
992
1009
1001
1006
1003
1001
998
1002
999
1006
1001
998
1006
1008
996
1008
1001
1003
1008
1003
1009
1003
1000
998
999
998
1003
1002
1000
995
1001
998
999
993
993
999
1008
1003
999
1006
1001
1000
997
1006
1016
1007
1008
1006
1004
997
1009
1006
1003
998
1010
1010
1006
1007
1006
1000
1010
1007
1007
1011
1010
1004
1003
1000
997
1009
1004
1011
1008
998
994
1006
1003
1008
1008
1001
1010
1007
1005
1002
1003
999
1007
1010
1009
1014
1008
1012
1009
1010
1019
1014
1009
1004
1004
1001
1003
1001
1002
1002
999
1004
1009
1007
1008
1006
1002
1000
1014
1013
1013
1001
1015
1013
1007
1002
1009
1010
1011
1010
1007
1010
1011
1010
1009
1002
1010
1011
1006
1008
1010
1005
1004
1003
1009
1001
1009
1007
1007
1007
1007
1004
1003
1003
1005
1009
1004
1009
1008
1002
1002
1004
1003
1005
1003
1013
1012
1016
1015
1016
1017
1020
1019
1009
1006
1015
1017
1014
1013
1022
1018
1020
1019
1014
1008
1001
1004
1006
1006
1004
1007
999
1004
1005
1008
1011
1006
1000
1004
1003
1002
1000
1003
1006
1007
1005
1006
1010
1002
1007
1013
1017
1010
1009
1008
1008
1012
1004
1003
995
1005
1009
1002
1000
1005
1005
1010
1001
1010
1006
1007
996
1007
1000
1000
997
1001
1003
998
997
1001
995
994
999
1001
996
1003
997
998
998
1001
992
997
997
998
1003
1004
996
1002
1005
1008
1002
1001
991
1006
997
996
1001
1012
1008
1006
998
1002
1003
995
1004
1007
998
1008
996
998
995
1005
1002
1007
1006
999
996
1006
1007
1010
1007
1004
1011
1008
1008
1013
1013
1009
1012
1009
1010
1010
1008
1014
1017
1017
1013
1009
1010
1006
1012
1009
1017
1019
1015
1018
1024
1022
1012
1011
1020
1019
1015
1015
1019
1019
1019
1017
1016
1019
1016
1025
1014
1016
1011
1018
1014
1015
1019
1018
1019
1020
1024
1020
1026
1023
1015
1015
1021
1016
1012
1018
1005
1015
1016
1015
1016
1023
1020
1027
1022
1027
1016
1024
1023
1020
1025
1025
1027
1019
1028
1029
1022
1029
1011
1017
1026
1023
1015
1017
1017
1017
1022
1021
1016
1019
1027
1019
1015
1018
1014
1014
1011
1019
1020
1016
1014
1016
1016
1021
1023
1019
1008
1014
1021
1018
1021
1022
1025
1021
1024
1015
1019
1024
1015
1022
1011
1019
1013
1019
1015
1019
1021
1017
1015
1015
1013
1019
1021
1023
1023
1020
1020
1024
1018
1015
1019
1014
1016
1022
1020
1029
1023
1033
1024
1020
1023
1015
1030
1025
1023
1025
1023
1014
1018
1012
1015
1018
1016
1015
1019
1023
1020
1020
1018
1015
1017
1022
1004
1007
1013
1015
1017
1015
1020
1020
1027
1023
1022
1027
1015
1018
1022
1020
1017
1018
1018
1021
1020
1028
1020
1026
1024
1030
1033
1021
1029
1030
1030
1024
1025
1025
1029
1026
1031
1030
1023
1028
1023
1030
1021
1020
1026
1027
1024
1011
1027
1020
1028
1023
1018
1026
1021
1034
1029
1033
1034
1032
1032
1028
1035
1032
1034
1029
1032
1028
1034
1032
1035
1033
1027
1034
1032
1030
1032
1034
1031
1036
1030
1030
1040
1033
1032
1035
1033
1035
1031
1035
1031
1031
1028
1034
1031
1031
1035
1039
1036
1038
1043
1035
1039
1042
1036
1037
1042
1042
1037
1038
1037
1042
1031
1036
1035
1036
1039
1031
1040
1037
1040
1038
1032
1040
1044
1034
1042
1040
1040
1033
1038
1041
1043
1035
1037
1028
1036
1033
1026
1036
1035
1030
1034
1030
1036
1041
1035
1035
1038
1034
1025
1035
1033
1039
1040
1037
1040
1040
1036
1001
999
1007
1004
999
1000
1001
997
988
994
996
995
989
997
1000
1003
1001
1001
998
995
1001
1003
996
999
989
996
1002
1004
991
999
993
1004
994
1000
1006
1000
1002
1001
1003
1000
1008
1004
1001
1000
994
981
997
1004
999
1000
1010
991
993
995
997
995
996
992
997
998
998
998
1000
1002
1001
995
1000
997
998
991
993
991
1001
993
1003
998
1001
1000
992
998
992
988
1004
1001
994
997
998
998
998
1000
1001
995
1004
1002
1002
999
999
1004
1007
998
998
998
995
999
1004
999
1000
1000
1006
997
1005
1006
997
1000
1000
1000
1009
1007
997
999
1005
996
1003
1003
996
1000
1000
1002
1000
998
999
991
986
990
988
994
994
996
996
1002
1000
1004
1000
1003
998
1001
994
1001
999
998
992
997
995
990
1000
992
1006
999
1003
1003
1005
1003
994
990
1007
1000
997
1001
997
1000
1007
1002
1011
1001
1002
1009
1003
1002
998
1005
1000
995
1001
1006
1003
1000
1002
995
1000
999
993
1006
1001
1004
1001
1003
1011
1004
1003
999
1008
1004
1005
1004
1005
1009
1009
1005
1003
1004
1012
1003
1006
1008
1011
1007
1009
1007
1000
1003
1011
1004
1014
1011
1008
1006
1000
1004
1001
999
1004
1002
998
1006
1009
1006
1010
1004
1003
1002
1006
1003
996
990
995
999
1004
1003
996
995
998
991
1001
997
1001
1002
1004
1000
1002
1000
997
1001
1002
999
996
1000
1002
1001
1001
1002
1010
1000
1005
1004
1003
1002
1008
1006
1008
1005
1003
996
1010
1008
1005
1008
1009
1004
1004
1005
1001
1001
1006
1005
1000
1004
999
1014
1007
1015
1008
1009
1007
1001
1012
1010
1005
1013
1005
1007
1005
1007
1003
1007
1009
1008
999
1004
1008
1005
1005
999
1000
1012
996
1009
1004
1012
1002
1002
997
1015
1010
1003
1003
1013
1012
1012
1015
1013
1009
1011
1013
1009
1006
1002
1005
1007
999
1008
999
1006
1007
1008
1009
1000
1002
1002
997
1001
1002
1013
1002
1008
999
1004
1006
1005
1003
1003
1004
1008
1005
1006
1004
1001
997
1009
1008
1000
1006
1007
1004
1004
1006
1005
1005
1000
1001
1002
1005
1006
1007
1007
1009
1009
1013
1010
1006
1008
1014
1010
1011
1012
1006
1002
1013
1007
1002
1007
1006
1001
996
1005
995
1000
1003
993
1000
1003
1008
1004
1008
994
1004
1013
1006
1010
1010
1004
1009
1009
1002
1008
1012
1008
1008
1011
1011
1001
1007
1004
1007
1009
1011
1010
1011
1013
1008
1005
1008
1014
1012
1007
1009
1002
1012
1010
998
1007
1011
1012
1010
1007
1000
1010
1000
1003
1010
1005
1008
1007
1008
1015
1009
1004
1011
1007
1009
1011
1010
1020
1011
1012
1011
1013
1009
1017
1012
1003
1012
1009
1008
1008
1013
1018
1010
1013
1002
1010
1003
996
1008
1007
1010
1011
1011
1007
1000
1010
1007
1003
1002
1014
1001
1002
1009
1005
1008
1002
998
1005
1010
1014
1006
1011
1014
1011
1005
1014
1000
1015
1008
1005
1009
1010
1005
1009
1012
1005
1013
