948
954
959
952
954
948
958
954
952
958
959
957
956
957
952
955
952
948
956
960
958
953
957
968
957
957
961
952
959
960
958
959
957
948
959
955
959
959
955
956
962
956
960
949
955
947
958
966
966
961
957
955
947
949
946
946
952
946
947
949
953
950
949
949
946
955
947
948
956
952
956
945
953
954
960
952
951
961
953
953
949
954
962
964
965
967
961
970
960
958
962
963
953
962
952
953
955
956
951
951
949
962
958
958
963
957
959
959
957
960
948
949
954
956
958
958
953
952
951
959
952
954
949
951
953
957
960
961
954
953
953
950
945
952
957
957
952
949
955
951
953
955
948
954
959
952
959
956
959
958
957
962
955
958
959
954
955
946
949
950
946
947
948
949
948
949
956
943
953
952
954
953
953
954
958
959
961
956
958
960
961
962
954
961
957
961
960
954
957
962
950
955
958
951
948
953
946
957
955
960
960
957
959
964
961
957
966
965
968
962
964
966
958
960
961
967
959
959
960
957
961
957
965
959
959
962
959
960
958
962
957
957
962
959
955
962
961
963
959
967
957
965
954
955
952
962
958
957
957
960
957
956
959
959
963
965
964
965
969
973
968
971
961
967
964
965
964
963
967
969
968
967
972
969
967
969
964
969
968
961
966
962
968
956
964
968
955
958
959
960
967
963
958
957
963
957
962
963
962
951
955
965
957
962
962
966
964
963
961
959
963
961
961
957
955
960
962
958
956
954
959
960
962
954
956
961
961
958
966
967
960
965
962
970
969
975
962
961
972
976
966
967
965
966
968
966
966
968
969
970
968
973
966
965
975
970
975
959
968
964
960
965
961
968
969
968
959
969
967
967
964
972
970
971
973
967
968
961
964
975
968
969
966
963
970
968
964
957
963
965
969
964
968
971
965
957
959
968
969
972
970
967
963
969
962
965
957
964
967
973
959
965
975
969
961
964
969
967
966
971
966
965
965
965
965
972
966
966
973
974
968
970
971
964
973
966
963
961
963
965
964
965
970
968
962
970
964
970
970
967
967
970
969
968
963
967
968
967
968
967
971
971
971
982
969
971
971
973
974
978
973
966
969
972
973
974
967
966
972
976
964
969
971
970
963
961
960
965
966
966
969
967
965
971
958
961
963
967
969
976
974
975
972
964
973
973
966
970
969
970
969
972
968
970
969
965
973
969
971
978
974
972
969
969
969
968
972
963
968
973
976
970
969
970
966
964
971
973
965
973
962
971
968
965
968
966
963
966
975
969
963
957
967
970
966
964
962
973
969
970
965
962
965
971
968
967
972
962
973
973
965
971
965
968
972
966
966
966
970
969
964
958
965
964
958
963
968
975
961
965
961
968
961
965
975
963
965
966
970
964
966
962
963
968
970
966
966
955
954
955
953
958
959
952
954
961
961
961
959
959
962
961
966
956
967
961
967
961
963
965
962
959
956
963
961
955
955
965
967
964
967
967
965
961
963
960
964
961
963
970
963
968
971
968
968
963
965
973
970
966
966
971
969
969
970
966
966
974
973
968
963
967
967
967
972
968
963
970
971
973
972
970
979
967
973
971
978
969
965
968
971
972
973
964
971
972
971
970
976
972
974
971
969
972
974
973
976
980
965
973
966
968
964
968
968
967
964
973
971
965
966
962
957
959
961
960
960
962
960
965
957
953
957
961
955
962
967
961
964
966
960
959
952
955
960
961
962
965
961
959
960
956
963
962
964
964
961
965
962
966
964
963
960
959
963
965
963
961
962
963
968
957
966
963
968
955
962
967
958
964
969
970
975
970
971
962
968
964
967
964
966
967
968
960
966
969
966
961
956
957
957
958
961
971
963
969
962
956
966
957
959
958
963
961
957
955
959
958
959
956
959
956
960
958
960
961
958
959
959
947
960
960
948
961
967
963
958
962
958
962
965
968
968
962
971
959
967
960
954
968
965
964
962
967
967
969
960
963
965
968
957
959
961
960
968
964
968
967
961
963
969
964
960
958
960
959
963
964
958
962
959
962
970
963
956
956
963
967
966
969
966
959
967
964
967
963
960
967
963
963
961
966
969
972
971
969
973
970
964
967
964
957
971
959
962
964
966
965
959
970
967
959
963
959
970
969
972
973
970
965
973
966
967
973
968
972
961
962
964
967
959
963
965
963
958
965
954
950
970
970
960
969
973
970
971
969
961
961
974
966
967
963
967
972
965
972
968
966
968
966
966
956
965
966
968
966
967
963
955
960
961
967
968
967
967
955
960
958
958
964
961
956
969
962
964
965
968
964
969
969
964
960
967
967
967
975
967
963
961
965
959
962
965
960
965
968
957
962
961
966
968
968
961
968
962
961
961
967
970
977
972
966
973
968
964
969
960
968
962
964
961
953
963
962
973
963
965
970
973
966
976
966
967
960
969
962
961
966
964
966
963
962
964
960
961
958
955
960
969
963
958
967
968
964
965
966
972
963
966
961
966
978
970
971
968
971
964
971
969
967
965
966
970
966
963
964
970
968
971
960
964
967
963
960
961
965
966
965
970
961
965
968
956
968
965
965
968
966
965
966
961
959
962
962
966
967
966
965
959
960
964
969
966
961
968
961
962
959
960
962
962
962
958
957
966
964
958
962
967
966
962
958
964
960
964
963
961
960
962
963
952
965
957
952
966
961
961
955
959
957
963
957
969
967
964
958
960
963
961
963
959
961
958
963
957
960
962
963
960
954
952
961
955
965
964
962
958
961
970
963
963
969
973
964
964
964
965
964
965
960
965
966
961
964
960
963
959
957
961
958
953
957
957
969
958
956
963
956
959
958
967
958
965
952
959
957
964
961
964
956
959
955
955
957
960
963
961
954
961
955
962
967
965
966
960
959
961
963
964
961
967
961
954
963
960
963
958
969
964
960
953
970
964
961
963
969
972
971
968
972
968
968
963
970
971
967
973
972
970
965
968
974
968
962
969
970
970
972
975
967
972
968
977
976
978
981
979
976
980
980
968
976
974
972
973
980
974
970
973
973
979
975
976
973
977
974
974
975
975
971
967
978
970
974
967
977
981
978
987
986
975
972
984
989
978
975
983
982
985
980
982
982
975
977
979
977
979
974
977
979
981
977
977
986
985
986
987
991
983
974
981
981
981
981
990
991
992
983
980
987
986
996
986
996
980
982
980
983
990
988
986
993
980
989
987
994
988
982
988
986
990
988
980
988
993
997
990
993
982
984
991
989
997
985
995
996
998
998
1000
995
988
992
982
988
992
992
986
983
983
987
986
984
978
986
988
991
989
990
989
985
991
986
986
989
987
988
988
988
981
986
993
997
988
988
986
991
991
988
987
987
995
990
993
985
990
997
999
994
991
993
993
990
987
993
993
1002
996
993
997
987
984
984
983
984
990
986
992
989
985
993
992
990
996
996
987
989
988
997
986
996
994
996
990
991
986
984
994
984
976
985
986
988
979
986
979
979
979
983
986
997
994
985
983
978
989
991
981
989
990
987
988
991
980
987
978
988
993
989
992
985
991
991
983
993
981
990
991
994
999
992
979
986
990
987
990
994
989
984
989
993
998
988
991
1000
988
1001
995
999
1001
992
993
995
990
987
987
992
997
987
997
988
995
992
987
983
989
984
991
990
993
993
993
988
988
991
990
991
998
991
987
993
994
997
990
990
983
995
989
988
993
992
985
981
990
988
995
993
992
987
992
994
981
987
994
990
996
995
993
992
993
997
993
990
996
992
986
998
993
992
983
983
982
987
989
987
986
986
979
980
983
988
987
987
987
981
983
984
996
991
985
986
982
981
987
981
989
991
986
983
990
993
988
990
987
981
989
985
985
984
983
984
978
988
982
984
989
989
983
989
991
989
989
990
984
988
990
989
989
993
997
991
988
986
993
990
989
993
984
984
986
987
988
986
987
986
986
996
996
993
984
981
990
991
992
985
990
992
989
988
994
988
991
990
987
984
985
985
985
980
983
988
987
988
984
984
986
987
981
988
987
985
979
982
984
986
989
991
994
983
987
985
987
986
978
986
988
988
985
984
987
989
992
987
987
994
987
989
990
985
991
994
990
987
991
989
987
980
980
985
987
982
987
984
988
993
984
985
990
995
983
978
986
986
988
993
998
985
989
994
988
990
997
997
991
984
986
988
994
992
991
994
993
993
991
1001
1000
986
1000
995
993
984
992
994
998
995
994
1000
995
991
990
995
989
991
993
994
995
990
991
990
993
996
996
997
987
989
995
991
976
985
987
993
991
989
992
999
988
985
989
986
987
997
990
988
986
993
997
986
998
991
1000
1004
999
992
993
999
995
984
1004
999
998
991
997
995
1004
996
990
991
997
995
991
1004
997
989
995
1003
1005
1002
1000
988
1001
997
995
993
992
989
992
994
998
991
997
1001
992
999
987
994
993
993
992
989
994
989
992
994
988
996
994
993
992
997
987
992
986
992
992
985
988
986
984
986
993
996
998
990
988
991
993
987
981
982
982
1000
994
984
991
987
987
992
994
992
994
996
1002
997
993
996
987
994
1001
991
992
997
994
997
997
998
989
997
994
992
987
996
999
1002
994
999
994
993
989
996
991
990
998
989
997
994
1000
993
988
995
989
994
993
986
988
986
978
988
985
987
989
981
989
993
997
994
994
990
988
989
990
995
995
984
985
994
994
995
999
995
989
992
994
996
982
985
991
988
990
991
995
994
993
1000
995
994
992
993
996
995
996
1001
991
987
990
992
987
987
988
991
987
988
994
988
987
987
992
984
991
986
985
986
988
987
987
990
995
990
986
992
988
989
988
993
994
991
987
988
984
989
990
987
986
985
984
993
986
988
982
984
988
991
986
992
989
988
987
982
996
993
990
992
993
987
992
986
989
990
987
997
990
992
988
987
990
994
995
988
990
987
981
992
989
991
987
988
983
986
987
990
998
992
993
989
996
990
984
983
993
989
990
995
989
993
988
994
994
996
991
992
996
994
992
994
999
991
989
987
993
995
990
992
990
993
993
995
991
1001
1002
999
985
997
1000
996
992
986
986
998
990
987
995
991
993
988
993
992
997
995
991
990
995
994
999
1002
999
1001
994
994
996
1003
999
995
996
1000
995
998
1000
1005
995
999
1009
1004
1006
1002
998
999
1001
1004
999
1000
1002
996
1000
999
997
999
999
1001
1002
999
996
999
1001
1002
1002
997
995
998
1003
1003
1001
1001
994
995
997
1003
1000
1007
1005
1003
1001
999
996
999
1005
997
1000
1002
1000
1001
995
992
1005
1000
988
998
1002
993
982
996
988
1005
1000
991
993
997
992
994
984
996
999
997
1000
986
1001
1001
998
992
995
997
995
992
988
996
999
993
1002
997
998
1002
998
991
998
1004
1000
991
985
992
994
988
995
994
1001
999
1001
1001
990
1000
1001
999
994
996
1000
997
1007
1001
999
1002
1006
1002
996
994
998
1000
995
999
1001
1000
998
999
1003
1002
998
1006
999
992
997
1001
996
999
999
985
998
996
1004
986
995
996
987
990
987
995
994
1000
995
997
1002
997
999
1001
990
989
988
997
995
995
990
996
994
995
996
1001
984
993
994
981
987
990
994
994
990
987
1002
997
1000
997
1002
997
990
996
993
994
997
1001
998
1001
998
989
992
990
998
991
987
996
990
992
991
988
980
988
988
992
1000
995
989
983
987
987
999
992
990
991
992
986
992
996
995
993
996
993
996
995
995
995
991
992
990
992
989
985
991
991
997
1002
999
999
994
991
996
999
992
996
989
994
985
995
995
995
999
996
993
994
996
999
992
995
990
996
995
996
987
995
992
990
986
991
992
995
990
994
998
992
998
981
996
993
989
995
990
991
994
993
991
997
998
994
992
987
993
994
999
1001
996
1001
999
1002
1000
997
988
1002
999
999
1003
995
1004
999
999
990
991
992
997
1004
997
1001
998
1003
1000
997
1003
1004
1001
1003
996
999
993
993
992
992
987
983
990
992
993
996
993
993
988
994
997
996
1000
995
991
998
989
1000
1001
996
993
1001
991
998
1002
1000
989
991
992
996
997
992
997
991
992
992
994
989
991
990
989
994
994
998
991
988
993
995
1006
991
1004
997
1003
1001
997
997
1000
1005
1004
1004
1002
996
1001
991
1002
1006
999
997
1007
1001
991
1002
1001
1004
1001
1002
1001
999
1006
1011
1005
1006
1001
998
1001
1005
999
1007
1007
1007
1008
1005
1004
1011
1003
999
1004
1003
1001
1006
1006
1006
1004
1004
1005
998
1003
1005
1005
1006
1000
1006
1005
1015
1005
1008
1010
1013
1014
1011
1006
1008
999
1000
1009
999
1007
1008
1006
1010
1003
1005
1000
1012
1010
1014
1007
1004
1011
1011
1003
1012
1016
1016
1012
1017
1011
1017
1011
1017
1019
1013
1002
1013
1023
1014
1018
1011
1012
1019
1012
1012
1011
1017
1015
1016
1011
1013
1020
1019
1009
1016
1014
1010
1015
999
1007
1019
1014
1005
1012
1008
1009
1012
1010
1012
1017
1009
1018
1012
1011
1017
1018
1012
1012
1011
1011
1006
1012
1014
1009
1011
1017
1003
1003
1015
1019
1011
1009
1017
1012
1015
1018
1013
1014
1013
1014
1018
1022
1018
1017
1015
1017
1021
1017
1017
1019
1018
1022
1012
1009
1015
1017
1017
1016
1012
1008
1013
1012
1004
1006
1003
1014
1020
1014
1014
1009
1014
1016
1021
1011
1012
1020
1009
1015
1009
1009
1013
1010
1005
1012
1020
1012
1014
1019
1008
1014
1016
1019
1014
1024
1021
1018
1012
1016
1009
1021
1015
1014
1013
1004
1011
1007
1013
1017
1018
1016
1020
1016
1016
1023
1019
1019
1016
1018
1020
1016
1012
1018
1019
1015
1017
1016
1015
1014
1016
1022
1014
1016
1017
1015
1009
1011
1012
1018
1006
1010
1015
1024
1017
1021
1013
1018
1017
1019
1019
1018
1017
1017
1021
1024
1018
1019
1029
1023
1018
1016
1021
1023
1018
1022
1025
1022
1021
1025
1028
1019
1013
1016
1017
1007
1023
1013
1013
1024
1011
1015
1018
1016
1020
1018
1022
1017
1020
1014
1021
1014
1020
1016
1014
1022
1021
1024
1027
1018
1024
1024
1020
1020
1024
1022
1016
1021
1020
1023
1025
1020
1017
1024
1026
1023
1029
1023
1028
1022
1027
1027
1020
1024
1027
1024
1030
1031
1023
1032
1027
1027
1025
1034
1029
1033
1017
1028
1025
1028
1036
1030
1031
1039
1037
1031
1037
1030
1035
1032
1033
1034
1036
1039
1043
1041
1032
1035
1041
1034
1033
1033
1032
1026
1031
1031
1032
1032
1028
1028
1034
1032
1030
1032
1040
1036
1036
1038
1031
1034
1034
1031
1027
1032
1023
1028
1029
1042
1037
1036
1038
1041
1040
1033
1037
1031
1031
1036
1031
1035
1033
1031
1045
1038
1035
1043
1036
1036
1038
1035
1038
1039
1036
1038
1040
1037
1040
1041
1039
1040
1038
1031
1034
1034
1038
1043
1040
1043
1031
1042
1041
1042
1049
1041
1042
1044
1045
1048
1036
1042
1043
1044
1041
1045
1043
1040
1032
1037
1041
1035
996
998
1001
1000
992
993
990
995
993
994
992
993
995
989
991
997
993
996
986
994
995
991
990
990
988
985
994
994
994
997
997
993
1000
1002
995
998
996
986
991
999
995
1000
999
997
993
991
995
989
986
994
993
992
993
988
994
986
993
993
991
991
988
991
992
988
985
989
994
991
999
993
995
987
994
985
990
987
990
988
991
997
996
999
998
997
993
986
985
996
992
986
984
984
990
994
990
995
1000
995
1000
998
994
989
1003
995
995
999
998
998
998
997
996
1003
999
998
993
997
995
1002
1000
995
1004
998
995
997
994
992
991
992
1002
1002
1005
1001
999
993
999
992
989
987
998
994
998
996
991
991
995
999
992
997
1000
998
988
998
994
990
992
993
993
992
998
995
986
998
986
987
991
989
997
990
990
985
984
989
991
990
983
994
996
996
992
991
1000
994
997
995
993
991
998
999
987
994
995
997
1000
985
994
1005
999
1005
1002
999
994
999
998
998
999
1004
996
1005
1000
1002
1003
1000
999
998
992
997
999
993
1001
1000
1000
991
993
990
989
988
1001
994
998
993
1003
996
996
988
991
991
1001
999
994
994
989
991
993
995
999
997
994
1005
999
999
1000
1003
1001
1003
1004
1001
1004
998
1002
998
1007
1001
1005
1003
1002
1001
996
995
1002
1005
1001
993
999
1003
996
999
996
991
997
990
998
993
995
999
997
1001
1004
1002
1005
1005
1007
1005
1006
1008
1007
1000
1001
995
1001
1004
1005
1001
1000
1001
1005
1002
999
995
1000
1006
1002
998
992
993
999
999
997
996
996
995
994
1005
1000
1004
1000
999
1010
1008
1001
1004
1008
1002
995
995
1006
994
1000
1006
997
994
999
996
997
1001
984
999
996
995
995
1002
1000
999
996
1000
999
1004
995
1003
997
997
995
1001
993
998
996
996
996
996
998
998
997
998
998
995
998
996
993
988
996
995
997
992
1000
994
991
987
997
993
996
996
998
996
991
993
997
999
995
999
1001
998
997
990
996
992
983
997
999
1001
1001
1004
991
988
997
990
994
990
989
994
994
995
989
992
993
991
994
992
998
1002
996
996
997
991
988
1002
1001
998
999
1000
1003
1005
1000
1009
1008
1005
1002
1002
1008
1001
999
1005
1007
1003
1004
1001
1002
1001
1006
1008
1006
1006
1000
1007
1004
1008
1003
995
997
1006
1004
1006
1009
1010
1005
1007
1006
1007
1016
1019
1014
1012
1016
1009
1015
1014
1008
1008
1009
1015
1011
1009
1011
1010
1009
1020
1002
1008
1003
1006
1010
1002
999
1007
1006
1012
1014
1008
1011
1008
1007
1013
1010
1006
1015
1006
1015
1005
1010
1011
1010
1015
1016
1020
1016
1015
1019
1017
1017
1010
1016
1016
1012
1013
1007
1014
1017
1020
1011
1016
1009
1011
1016
1016
1019
1019
1017
1011
1017
1020
1018
1016
1021
1016
1014
1015
1021
1007
1020
1021
1025
1030
1027
1023
1023
1020
1013
1023
1022
1023
1020
1025
1028
1017
1025
1019
1021
