587
583
590
588
591
586
597
589
599
592
595
596
595
601
602
604
599
601
595
594
596
596
595
596
600
602
603
603
598
601
598
592
591
590
597
599
599
594
600
598
601
609
600
598
604
603
606
598
606
598
603
605
593
596
602
598
597
598
595
601
597
595
597
591
590
589
589
591
600
597
600
605
606
605
607
601
606
602
600
606
612
601
599
606
595
596
605
598
593
594
597
602
604
604
597
598
600
599
597
594
600
599
595
603
600
600
603
602
603
607
602
607
606
605
600
603
598
602
600
603
598
594
596
597
592
599
599
602
601
597
600
603
603
605
596
597
600
607
605
602
602
605
603
604
603
604
602
607
605
605
610
604
607
610
602
611
605
610
599
611
606
606
605
602
612
605
599
595
599
593
592
593
590
593
592
597
597
588
591
594
599
603
596
604
604
600
608
597
605
599
601
602
600
607
596
600
597
597
596
595
602
602
603
610
611
606
613
601
609
606
605
607
602
610
604
599
597
599
600
603
598
601
597
605
595
600
600
605
603
610
600
601
606
608
605
604
602
605
599
608
606
603
