584
577
581
594
595
591
594
597
594
601
601
600
598
601
602
595
591
595
595
596
596
600
600
601
594
591
595
594
603
589
596
603
605
603
602
594
603
586
585
584
588
589
590
593
594
591
595
594
593
593
590
600
596
591
592
594
597
596
587
592
589
595
598
598
595
595
596
591
601
595
591
597
599
605
604
598
605
593
597
590
598
595
591
598
598
593
590
598
593
597
599
598
592
590
597
596
596
594
593
594
600
599
599
597
591
594
598
593
580
587
591
596
592
588
592
599
585
592
596
593
592
603
601
602
597
598
604
598
597
598
588
597
589
589
601
596
594
598
593
587
590
589
595
596
594
591
593
601
602
592
596
599
590
596
589
597
606
602
603
600
607
603
606
596
601
608
601
603
609
605
601
604
604
600
603
600
600
598
599
599
596
603
601
600
600
598
604
598
598
605
604
609
604
611
606
607
600
603
604
604
601
605
607
604
601
602
599
604
599
601
601
600
601
600
598
592
601
596
602
607
598
600
606
610
606
606
599
604
600
600
596
599
594
595
594
595
601
600
602
601
593
601
599
602
603
602
604
601
610
607
606
601
607
599
599
602
604
606
598
609
606
605
607
