594
591
596
592
589
594
593
587
588
585
587
591
592
585
586
599
587
593
590
594
594
591
590
595
594
593
596
593
597
599
594
597
592
589
594
596
595
596
607
605
595
605
586
588
600
590
603
597
601
591
586
584
590
592
594
600
599
592
596
599
596
596
596
591
600
597
594
596
596
592
598
598
601
593
591
592
599
595
593
598
595
599
594
602
603
599
601
603
603
604
610
602
601
603
602
608
609
604
602
599
596
594
596
591
594
598
593
592
594
592
593
582
582
587
587
594
594
594
599
596
598
597
597
595
603
598
594
593
587
587
594
584
585
591
587
592
594
593
600
595
589
585
590
590
596
598
594
593
597
595
596
600
599
597
593
602
599
597
600
597
594
598
598
604
599
600
591
599
602
597
599
609
607
604
595
600
600
602
607
601
599
596
610
603
600
601
606
600
606
603
602
600
598
600
607
601
601
596
597
593
602
599
604
610
603
606
605
607
604
604
600
604
601
601
598
599
605
607
603
603
599
602
609
601
606
604
607
606
603
604
604
605
595
603
599
601
604
600
599
591
605
606
603
