592
591
590
597
581
597
593
587
587
595
600
593
593
593
592
598
593
595
592
594
582
583
584
590
591
589
591
590
602
591
597
600
597
583
586
587
590
592
591
592
593
592
599
589
593
595
596
596
594
594
587
594
594
593
598
598
607
605
600
600
594
601
594
593
604
599
593
588
587
587
585
594
596
591
593
593
581
591
593
590
589
588
592
584
588
590
590
585
587
591
598
593
593
584
587
584
586
592
594
593
594
597
600
599
596
596
597
589
593
595
594
594
585
592
590
597
597
595
595
595
593
591
597
592
597
602
603
595
601
599
603
596
600
602
601
607
601
601
604
606
602
604
603
598
600
600
598
600
596
597
594
596
597
604
605
592
601
598
592
599
593
602
601
601
596
595
604
607
605
602
602
597
597
606
611
608
604
601
599
601
593
594
600
597
598
598
597
600
593
597
600
603
610
603
604
606
602
603
611
601
600
603
608
607
604
607
604
609
602
600
604
602
596
601
598
605
596
605
606
602
604
608
605
601
601
603
602
605
603
607
606
605
604
603
597
599
600
598
600
601
599
596
601
608
605
606
605
604
598
602
604
604
606
606
601
605
605
604
607
605
609
605
608
607
601
606
601
611
601
611
