593
593
588
586
592
588
593
591
590
596
589
599
600
592
595
598
596
596
595
589
579
593
590
590
586
587
602
598
607
596
598
600
600
601
603
602
599
600
596
596
589
588
589
592
590
598
594
589
584
584
583
585
598
593
599
598
602
595
593
595
592
597
598
593
596
595
597
602
595
596
599
592
601
596
599
592
605
601
601
596
596
603
605
603
603
595
601
606
606
603
599
602
599
604
605
612
606
609
602
606
605
608
608
601
600
600
611
604
606
602
604
603
603
600
600
594
598
596
598
599
590
592
590
594
595
590
599
596
602
597
597
601
595
599
596
591
593
599
590
593
598
597
591
598
599
609
604
602
599
590
589
591
590
590
599
603
594
598
597
602
589
597
599
601
598
601
599
597
600
591
601
602
595
601
595
598
605
594
602
604
599
605
601
607
603
609
607
607
610
604
615
615
611
612
607
615
607
611
614
604
609
603
597
603
598
598
601
607
603
601
606
597
604
599
595
602
606
605
607
605
595
594
593
602
596
598
595
600
603
596
597
597
595
597
597
596
597
599
591
602
596
600
