501
502
499
503
498
502
498
501
502
498
500
500
502
500
500
493
500
502
498
501
495
501
500
502
499
502
496
499
502
502
499
500
498
500
499
499
501
498
495
498
497
499
500
500
500
497
500
501
501
500
498
498
497
502
500
499
497
498
498
502
499
497
496
500
502
502
498
502
498
500
497
499
501
497
499
499
501
500
500
502
501
501
500
501
501
501
499
501
500
499
501
501
503
498
501
499
501
499
499
500
498
499
503
494
499
501
503
499
502
500
499
502
502
501
502
502
503
500
497
501
504
498
502
501
498
499
499
498
497
500
495
499
500
497
502
499
495
499
497
498
498
498
499
500
497
495
501
500
501
499
500
501
502
498
502
501
503
499
496
498
502
502
499
498
502
501
500
498
500
498
500
502
503
500
497
502
500
500
502
503
502
498
503
501
498
497
500
500
498
498
499
499
499
493
497
501
495
500
500
497
500
496
501
497
496
496
499
498
498
501
497
499
499
497
499
500
497
497
498
500
498
500
501
500
497
502
501
498
496
496
502
499
502
499
500
501
499
501
503
502
502
498
501
497
500
501
498
499
500
500
502
499
500
