1112
1108
1116
1111
1109
1109
1121
1110
1110
1112
1113
1117
1111
1114
1114
1113
1115
1114
1121
1110
1111
1109
1111
1114
1118
1117
1114
1116
1123
1118
1120
1117
1123
1107
1114
1114
1120
1118
1120
1115
1124
1117
1120
1115
1117
1117
1112
1115
1117
1118
1119
1117
1119
1120
1111
1112
1115
1112
1113
1117
1123
1112
1124
1119
1112
1113
1110
1109
1112
1111
1115
1115
1110
1103
1110
1112
1117
1114
1113
1116
1115
1103
1105
1106
1103
1107
1111
1119
1112
1110
1114
1119
1114
1116
1108
1107
1106
1119
1122
1116
1118
1118
1116
1115
1110
1110
1103
1113
1117
1122
1120
1121
1116
1118
1118
1121
1112
1119
1111
1118
1114
1116
1117
1118
1110
1111
1115
1109
1114
1122
1116
1118
1114
1119
1114
1116
1117
1120
1121
1116
1119
1118
1120
1118
1117
1117
1117
1107
1105
1113
1108
1103
1120
1107
1111
1114
1115
1116
1111
1114
1116
1117
1113
1114
1112
1111
1118
1117
1116
1124
1116
1113
1120
1120
1117
1112
1117
1113
1113
1107
1122
1115
1112
1116
1116
1111
1110
1110
1109
1110
1105
1117
1120
1113
1115
1116
1109
1109
1111
1113
1113
1112
1113
1099
1109
1106
1110
1111
1109
1116
1117
1114
1118
1117
1119
1118
1120
1116
1122
1125
1125
1113
1116
1116
1112
1111
1116
1116
1119
1119
1111
1109
1106
1118
1118
1116
1117
1120
1116
1119
1122
1117
1120
1124
1120
1118
1118
1125
1118
1122
1124
1116
1122
1119
1121
1118
1111
1115
1120
1119
1113
1114
1124
1129
1119
1119
1117
1121
1117
1124
1127
1121
1123
1124
1120
1124
1119
1129
1126
1121
1124
1127
1122
1131
1120
1124
1120
1123
1126
1123
1122
1125
1116
1133
1132
1132
1129
1121
1128
1121
1120
1125
1132
1131
1131
1133
1136
1124
1128
1126
1123
1129
1125
1120
1124
1123
1117
1121
1122
1123
1123
1122
1125
1128
1115
1119
1122
1124
1117
1119
1115
1127
1122
1119
1121
1124
1116
1123
1117
1122
1112
1122
1125
1126
1122
1119
1122
1115
1117
1131
1132
1129
1128
1126
1129
1119
1120
1125
1127
1125
1124
1120
1122
1119
1125
1130
1124
1130
1133
1129
1127
1132
1131
1124
1127
1123
1123
1131
1131
1134
1135
1129
1125
1134
1127
1124
1130
1125
1129
1133
1129
1135
1130
1126
1122
1125
1131
1123
1126
1128
1130
