534
538
549
559
558
553
567
567
562
548
559
553
550
568
553
564
555
556
558
565
578
590
582
583
569
584
582
589
594
588
596
595
588
585
602
598
593
573
587
583
583
571
587
576
583
582
567
568
567
577
571
580
588
576
590
581
583
574
582
579
580
576
580
582
577
578
587
578
576
575
570
573
568
563
574
568
575
569
572
565
577
567
566
561
576
577
572
580
583
579
588
573
589
589
580
584
594
589
592
584
596
589
588
590
590
589
582
578
589
587
585
580
590
589
588
588
583
580
590
598
595
599
594
585
586
588
578
589
590
586
584
573
585
588
591
586
592
608
594
594
594
587
601
588
589
587
573
576
585
593
580
598
595
585
584
587
600
575
578
589
596
597
586
590
595
604
597
591
589
583
580
580
592
585
587
581
586
603
600
583
582
581
595
596
585
591
589
590
585
580
587
594
591
603
592
589
591
599
603
596
590
586
602
602
595
597
595
592
596
592
593
595
585
595
592
582
602
587
583
582
592
583
581
583
575
590
587
593
600
598
593
598
593
598
598
583
585
584
589
584
581
584
589
593
592
594
592
591
595
595
589
578
574
585
587
584
582
582
578
590
572
586
588
580
586
587
575
586
575
574
574
582
575
585
599
589
600
607
591
595
592
590
590
587
584
593
593
578
582
572
593
589
583
590
591
588
595
587
592
594
591
596
604
590
602
598
597
593
583
593
584
583
572
591
580
585
598
598
594
595
601
602
603
598
593
598
601
594
602
597
609
593
595
590
595
595
593
602
589
603
603
589
603
594
613
594
593
600
601
592
596
606
591
600
592
593
605
603
598
595
593
599
592
594
602
604
594
588
607
595
589
593
580
594
598
583
589
590
588
590
583
585
581
587
595
584
593
589
583
596
597
601
597
606
594
584
587
590
594
596
589
588
593
594
594
596
589
600
593
596
590
593
596
587
586
583
590
595
601
584
591
588
589
581
603
582
595
581
573
598
593
588
588
588
591
596
592
589
582
583
595
589
603
595
598
594
590
587
595
584
602
594
578
587
600
602
591
590
597
589
597
592
601
583
579
600
598
595
582
590
595
582
587
590
590
602
599
586
591
589
594
584
587
582
595
585
582
573
584
588
583
595
594
598
587
589
592
596
590
590
596
596
593
593
592
598
588
607
597
590
597
595
602
583
594
593
595
599
611
597
599
593
596
585
593
593
610
593
602
607
604
593
600
593
586
588
590
598
582
587
600
587
585
584
599
589
586
573
573
590
599
589
576
586
586
591
585
573
588
597
580
597
588
591
592
590
592
589
591
593
596
597
589
586
592
589
594
590
611
605
583
596
595
598
600
607
588
599
598
599
595
606
591
610
606
599
591
590
587
589
607
600
605
594
588
589
595
587
599
602
592
604
610
593
600
602
597
593
598
599
584
596
597
597
592
593
605
603
591
594
593
591
592
602
602
603
598
606
604
593
596
602
610
597
596
605
600
596
602
589
594
596
597
592
591
596
605
595
597
598
597
609
606
607
599
585
595
591
612
612
609
596
