527
527
535
544
545
536
535
541
529
560
539
538
543
559
560
562
555
549
543
561
551
559
557
553
551
558
548
551
545
552
564
559
558
553
552
559
557
557
563
556
556
558
551
559
559
562
568
564
584
583
590
582
578
573
584
583
589
586
586
591
588
587
585
584
583
584
590
575
569
579
578
579
572
588
579
576
570
586
585
582
581
587
579
584
591
594
593
587
589
584
592
587
587
588
583
584
594
587
584
579
584
592
589
593
581
590
589
584
590
588
586
594
593
591
593
595
597
589
591
583
584
597
596
586
594
590
602
589
596
586
586
587
583
600
597
605
611
610
615
611
614
613
611
625
615
617
611
611
605
607
601
600
600
616
615
609
624
625
609
613
616
616
614
612
615
618
615
621
624
620
625
619
616
615
616
613
611
610
624
612
614
616
609
623
601
616
604
602
617
615
602
607
608
607
609
612
609
604
601
620
617
618
623
607
619
612
603
617
604
611
610
608
599
596
604
604
611
608
609
610
604
616
613
612
607
610
605
613
610
605
598
608
614
618
619
625
626
619
624
629
624
622
615
613
614
619
616
609
617
611
608
615
617
617
623
617
610
610
620
616
621
616
612
611
616
604
607
610
623
613
609
616
616
623
626
628
615
616
613
611
620
611
615
624
606
602
607
599
611
600
603
605
621
612
591
606
594
610
601
601
605
610
614
602
606
600
595
597
591
603
603
606
604
608
604
608
606
611
616
612
609
621
618
613
625
617
623
620
616
627
624
613
619
626
624
616
628
615
613
619
616
618
614
620
616
609
611
621
610
613
599
608
608
613
603
606
612
603
604
612
615
610
606
611
608
616
621
607
599
612
602
600
605
604
600
598
607
609
610
599
616
611
597
598
600
602
599
603
604
604
608
614
612
619
613
614
609
617
611
618
618
617
620
608
614
608
603
607
608
603
608
609
604
611
600
595
607
601
600
607
615
609
607
605
616
619
601
611
616
601
612
611
608
609
607
616
610
611
617
618
609
607
607
600
599
613
610
612
606
619
611
614
609
606
619
611
611
612
610
613
620
626
622
630
622
628
627
627
622
613
607
616
624
602
621
622
615
616
618
622
614
612
605
599
606
616
620
609
613
605
608
608
611
602
611
614
618
611
611
615
618
614
611
607
617
623
619
614
611
608
597
615
617
617
606
620
614
613
610
622
617
627
630
625
618
618
631
618
621
610
620
619
615
611
623
618
612
610
617
618
614
613
613
616
623
627
631
614
614
616
617
623
622
619
624
615
612
619
623
622
608
611
603
607
608
609
610
614
630
628
614
616
616
623
608
608
611
614
616
619
607
610
618
616
625
613
615
620
621
624
616
629
618
620
610
613
607
601
609
605
608
605
608
618
616
612
616
618
618
611
616
608
605
609
607
618
616
602
603
624
603
609
611
611
603
606
609
609
617
616
613
614
611
612
614
620
620
625
626
617
614
622
624
626
609
612
619
612
623
611
614
614
627
615
607
612
607
621
611
615
620
612
619
620
620
618
612
618
