535
523
527
535
540
545
562
568
576
578
580
585
581
576
569
599
606
609
607
605
606
608
607
615
620
626
634
624
626
621
632
625
634
639
634
631
627
629
621
611
623
626
627
627
629
621
629
619
619
651
647
655
650
653
647
644
648
665
655
659
645
641
646
656
667
655
648
655
652
648
644
654
645
654
653
651
650
644
649
650
654
644
651
650
656
649
646
651
650
652
639
650
648
645
642
646
644
633
648
640
633
633
638
637
657
647
653
645
648
646
650
645
653
653
661
658
648
644
646
649
648
659
655
660
659
663
660
664
663
656
661
659
661
659
661
673
659
662
660
664
663
659
657
661
655
647
654
657
654
656
651
650
656
647
652
653
660
648
651
651
666
663
660
654
654
667
665
651
652
643
648
648
660
658
668
658
661
655
669
665
662
654
663
651
648
650
651
649
653
651
645
649
651
655
647
660
666
661
663
653
663
657
656
662
650
660
659
645
646
648
661
672
651
654
662
660
672
668
667
664
674
673
669
660
663
649
662
652
655
656
672
672
682
663
672
665
661
666
659
659
661
657
664
661
663
669
666
674
665
665
655
672
672
667
675
673
666
671
672
669
675
667
678
670
664
672
688
679
686
672
680
665
676
671
675
675
665
664
654
675
676
671
677
673
673
671
669
669
668
665
664
662
662
660
666
664
665
668
662
659
662
657
660
655
655
665
657
661
657
654
667
664
663
657
662
657
660
657
664
662
663
664
660
663
663
656
663
666
666
666
658
671
664
662
665
664
667
662
668
664
672
674
672
677
682
672
675
661
668
663
658
679
670
665
669
680
673
679
674
682
672
681
673
675
682
677
680
668
665
662
669
658
662
669
674
678
675
665
670
671
668
666
675
661
673
675
667
669
666
666
670
665
676
670
664
667
662
663
662
665
656
664
666
652
660
657
669
663
656
666
664
658
654
663
657
662
662
654
663
651
658
661
663
664
661
661
652
660
657
654
664
661
646
649
658
661
659
661
654
665
667
665
666
654
666
666
663
675
667
660
658
661
669
673
666
660
665
660
654
662
665
660
663
657
664
661
669
655
669
667
670
672
668
667
670
677
667
674
671
664
668
683
675
670
664
673
674
670
666
680
679
675
672
667
672
681
676
661
671
670
669
663
664
661
658
661
662
662
658
673
663
674
680
667
676
676
668
679
672
679
674
676
675
666
675
672
680
673
679
680
676
688
686
689
686
675
681
675
682
681
692
682
680
677
678
689
678
681
672
685
688
681
681
678
680
684
679
677
672
670
685
678
675
679
681
687
683
674
679
682
683
680
677
686
678
680
685
678
675
675
676
681
667
693
680
682
672
683
682
683
677
684
681
679
671
670
680
683
666
666
673
676
681
686
670
676
675
682
690
686
683
693
690
697
687
690
690
684
689
695
686
684
687
682
691
686
673
686
679
682
696
690
672
671
684
680
671
674
678
683
675
672
673
673
680
675
682
