524
523
526
527
538
542
548
550
543
540
550
541
543
534
559
563
556
564
555
552
551
552
565
565
582
580
573
577
572
589
594
591
594
590
578
595
595
585
589
606
596
612
611
614
614
611
623
625
630
623
625
628
627
616
618
617
627
621
619
628
627
626
628
637
629
624
622
615
620
628
623
627
622
622
620
630
622
611
614
620
615
621
616
616
617
622
616
621
623
615
616
625
617
618
610
616
625
621
613
628
627
623
620
618
620
614
615
613
613
607
609
611
610
613
621
623
624
630
625
627
626
633
626
627
629
624
623
624
630
616
611
602
621
610
630
616
627
626
641
638
632
643
657
651
654
657
654
645
647
657
654
652
650
648
656
647
646
637
641
651
658
665
657
658
644
633
645
641
640
634
646
640
654
651
650
650
649
659
658
658
647
658
656
649
645
649
643
642
637
646
655
637
652
651
653
656
646
651
652
658
649
656
653
649
651
652
662
657
656
654
657
658
658
663
650
661
664
660
656
658
662
653
657
664
663
658
665
661
659
659
652
650
656
661
657
658
655
657
659
651
657
655
658
664
671
672
672
665
664
662
662
661
664
652
658
657
652
651
665
661
655
658
661
663
662
656
653
661
658
653
655
657
655
641
653
652
663
661
662
654
653
660
654
661
663
657
661
663
653
660
668
655
651
657
666
662
666
660
664
659
659
669
657
653
648
664
660
652
660
662
663
668
660
660
653
653
666
665
667
652
649
655
658
656
658
656
665
654
650
660
660
662
652
656
655
661
657
668
659
654
656
661
655
663
660
667
666
656
655
663
658
657
663
658
660
651
662
659
659
658
652
665
654
655
654
653
658
660
666
654
659
654
661
651
645
658
658
649
661
663
677
672
670
667
667
669
655
665
674
667
661
662
648
668
653
663
662
671
672
663
668
671
657
665
657
658
665
664
662
672
664
663
656
676
674
673
673
676
673
667
654
654
660
662
654
646
649
652
656
662
652
652
655
658
661
657
657
659
668
664
663
661
656
663
660
653
654
657
658
647
662
654
655
656
663
655
654
658
656
652
657
652
645
653
649
655
659
655
666
662
668
661
664
655
659
674
677
681
677
681
677
674
673
681
675
687
679
681
667
671
661
665
666
682
681
677
672
672
672
675
681
673
677
667
684
680
676
676
687
690
684
686
687
692
675
684
681
677
683
682
679
684
685
685
683
690
676
681
685
679
663
683
676
685
680
674
683
670
678
682
680
681
678
664
676
679
673
671
677
675
672
684
679
681
679
670
669
678
667
680
669
668
673
675
668
673
677
676
679
686
667
680
675
686
676
683
681
685
686
676
676
678
684
685
684
679
679
678
681
678
684
682
682
686
685
677
694
686
687
674
682
680
669
678
679
676
669
673
672
674
676
677
681
680
675
683
674
674
677
680
677
670
683
682
678
690
684
681
682
676
681
678
682
672
674
673
682
680
681
678
688
687
683
690
678
680
688
674
676
679
