524
528
548
547
549
542
540
537
549
549
557
562
572
566
568
559
542
561
557
550
557
552
558
556
564
571
576
562
565
558
564
573
570
566
565
565
564
570
574
576
578
577
573
561
565
581
576
587
578
573
571
567
578
576
580
582
580
585
580
571
569
577
580
579
584
573
570
581
573
581
578
572
567
582
572
584
582
591
582
590
580
582
579
577
576
581
586
576
564
569
563
578
581
566
586
571
575
583
580
581
584
585
583
581
583
576
559
580
573
582
585
576
574
584
581
584
578
584
568
571
571
569
583
583
587
582
589
589
581
593
586
591
598
594
584
590
596
588
589
588
583
572
581
586
582
586
584
575
587
580
575
583
569
581
578
584
576
579
571
580
587
587
581
581
580
561
569
567
575
581
580
586
574
570
571
573
581
573
576
584
579
576
581
570
585
581
577
566
576
589
575
576
582
591
585
572
576
570
577
581
583
577
581
584
584
578
581
588
584
590
585
574
582
573
577
573
570
578
590
580
576
583
584
593
583
584
586
590
578
575
602
589
580
578
582
572
580
575
575
583
566
574
574
573
576
581
576
585
582
585
575
597
582
585
579
578
578
575
566
567
581
573
575
573
569
566
566
569
574
576
580
583
581
575
593
583
582
581
596
598
577
588
573
575
576
582
581
575
584
589
590
587
580
570
591
587
593
602
583
596
584
587
580
584
582
589
585
592
587
594
590
590
591
587
576
583
578
589
586
585
586
584
586
572
588
600
600
593
612
608
612
616
608
606
610
616
617
614
620
612
609
606
612
612
611
611
602
610
613
619
608
609
601
606
603
603
606
616
615
608
603
605
594
616
603
606
610
610
612
617
615
609
609
615
618
616
627
615
618
624
622
609
610
619
614
615
607
605
613
613
600
609
613
604
607
603
612
607
604
604
605
610
608
606
610
610
613
596
604
604
610
606
605
604
602
605
604
606
613
615
601
604
611
609
603
604
610
608
609
604
612
594
605
601
605
605
596
597
601
592
588
591
596
606
604
604
599
595
598
611
599
594
585
594
594
600
607
603
609
593
600
590
598
588
590
599
591
579
584
598
597
609
593
599
599
598
606
617
597
609
605
614
594
608
595
596
602
607
603
599
602
597
595
595
593
601
609
606
602
610
604
600
613
596
599
607
600
603
599
603
606
604
602
593
592
607
603
601
601
605
593
600
595
593
598
600
612
614
598
604
604
599
608
609
613
624
614
612
613
613
609
616
615
606
611
616
610
607
603
598
603
612
609
611
615
621
627
624
622
618
622
618
614
617
619
632
631
621
613
622
611
605
620
608
621
629
614
614
624
624
617
610
607
617
626
617
624
628
626
623
620
619
617
608
618
613
621
616
610
611
610
614
613
619
614
620
615
616
606
603
603
607
613
620
620
604
594
615
611
621
616
614
626
618
612
603
622
615
620
609
609
604
611
606
615
609
611
610
609
605
605
619
609
620
617
606
603
615
629
632
629
628
631
619
620
621
629
618
616
618
601
627
607
611
607
619
611
614
615
617
614
603
604
611
618
603
614
619
624
633
