539
537
541
542
541
540
539
553
543
542
551
545
549
544
560
562
553
553
558
594
607
610
619
609
612
607
614
608
627
601
603
605
618
621
621
625
619
598
598
614
611
606
608
599
597
608
612
610
612
605
610
616
612
611
614
612
611
607
618
617
637
623
619
628
624
620
611
619
622
615
613
614
616
631
621
627
629
628
617
625
622
623
620
609
612
616
616
617
605
610
612
613
616
611
607
608
631
635
633
636
642
629
631
625
620
623
625
634
628
632
638
646
635
639
648
634
633
634
639
642
647
644
640
642
650
636
644
640
646
645
651
638
636
634
654
653
635
645
646
632
642
640
636
632
643
645
648
646
644
647
663
664
657
660
657
649
660
648
653
649
647
657
651
654
661
661
666
657
666
661
659
658
651
659
650
647
651
648
652
660
648
650
656
655
660
666
658
658
655
654
647
650
648
652
649
645
640
638
638
638
645
655
643
642
650
649
661
655
661
660
647
643
644
648
648
653
652
650
651
663
649
658
657
664
655
646
656
649
650
640
652
653
656
652
646
659
657
653
646
653
656
643
650
647
644
642
648
654
653
655
654
643
654
645
645
628
637
630
645
644
633
643
643
647
649
648
652
645
641
646
649
649
648
658
647
645
649
647
646
653
643
644
662
665
655
649
660
657
656
649
640
647
650
637
637
640
639
641
640
645
651
645
650
645
650
644
644
635
649
653
643
654
652
645
650
652
648
654
660
647
647
641
635
640
645
652
650
645
650
643
640
640
638
643
649
643
644
643
647
643
646
651
656
655
659
650
661
659
660
655
656
647
652
647
644
638
646
639
652
643
639
635
653
647
648
655
643
643
650
649
647
629
637
634
639
644
640
652
644
652
652
650
642
650
648
652
662
653
664
670
672
661
651
655
661
668
673
690
686
686
680
688
676
672
674
669
669
666
654
669
664
669
657
659
658
670
674
680
665
670
667
677
674
677
663
669
658
676
667
660
662
669
677
674
667
662
662
670
675
674
672
664
662
674
664
672
669
688
670
672
679
677
672
680
668
673
664
675
665
663
676
681
681
674
669
662
666
663
675
675
676
676
666
665
680
667
658
649
666
666
663
665
670
683
667
668
665
665
663
663
665
663
664
662
661
673
667
667
657
665
665
653
658
665
665
669
673
668
673
677
665
664
665
674
672
678
680
668
670
679
690
685
693
681
681
683
682
681
697
678
680
682
684
689
689
689
687
685
688
684
677
687
682
683
685
682
686
682
687
684
678
689
699
697
692
695
694
693
697
689
681
685
686
686
687
687
688
692
684
693
688
680
680
677
686
685
688
681
693
690
694
702
703
685
689
691
689
697
693
695
691
692
687
683
689
694
699
693
688
691
693
692
694
684
685
691
691
688
676
681
677
670
689
685
694
690
691
690
691
695
695
695
690
689
688
691
693
687
701
695
690
688
685
695
697
688
690
686
692
689
695
698
704
688
693
690
691
687
688
690
690
688
687
686
684
