541
530
556
551
552
557
561
566
564
559
556
561
567
563
553
566
576
561
557
562
572
571
566
580
593
587
567
583
592
599
578
578
573
575
577
571
571
583
594
587
583
569
566
563
574
576
584
569
568
584
577
567
579
585
589
594
608
621
625
618
617
624
616
625
624
624
624
626
630
640
643
639
632
631
632
627
620
629
615
621
621
625
621
616
619
618
611
611
615
614
624
624
629
633
616
618
614
626
629
620
630
633
637
633
643
634
631
642
635
638
639
640
637
636
643
636
643
636
640
643
653
641
647
651
642
649
646
642
646
646
649
641
646
642
628
638
645
639
645
638
628
640
640
626
628
632
636
633
624
625
624
620
638
639
625
632
641
636
641
633
635
634
639
638
644
639
637
642
642
642
634
626
625
627
613
622
622
629
619
627
623
625
631
629
634
629
631
639
634
631
636
633
645
639
638
630
636
629
636
638
632
634
630
628
635
640
631
624
630
637
642
640
641
637
640
633
646
632
639
639
646
646
645
639
652
643
638
638
631
638
629
633
631
631
622
630
639
635
638
649
647
649
642
646
645
641
652
647
645
651
647
642
637
639
643
638
639
632
636
639
637
638
645
642
641
628
645
634
633
639
639
648
641
636
639
636
641
641
657
644
642
637
641
639
637
643
641
638
634
633
635
632
632
637
634
628
647
636
640
638
644
632
630
635
637
640
640
639
632
629
647
636
631
636
642
634
634
637
644
639
639
641
650
645
631
635
631
647
637
641
640
645
641
643
640
627
639
644
641
654
649
642
642
644
647
641
645
632
650
646
649
648
650
634
642
638
631
638
627
636
632
624
632
637
640
636
637
638
637
636
638
641
645
643
640
642
653
634
640
643
640
643
643
651
654
659
650
641
636
631
639
644
642
641
637
631
643
636
639
644
644
642
644
643
644
641
644
639
630
635
634
644
637
640
637
662
645
646
645
657
643
653
658
658
654
658
648
655
648
649
650
645
646
639
643
645
642
639
650
648
650
644
642
648
647
638
637
640
634
652
646
637
647
652
645
646
644
647
646
647
647
645
646
645
639
635
644
648
654
642
647
637
653
652
656
649
649
643
645
649
646
651
642
654
653
658
653
661
658
658
663
657
657
658
664
671
674
678
662
677
663
661
670
670
668
661
674
668
665
668
679
671
670
659
660
651
660
649
663
665
662
657
657
655
663
650
646
648
663
666
661
654
669
663
665
661
656
661
646
645
653
651
657
649
655
643
649
642
654
641
656
654
665
658
654
655
651
660
665
653
665
656
652
661
654
658
657
666
660
661
668
660
655
655
661
657
657
653
651
660
648
659
656
652
660
657
662
654
648
659
653
653
655
654
660
662
657
651
659
651
661
653
658
657
659
659
663
663
656
660
653
650
660
656
646
649
653
655
658
648
653
647
654
661
658
658
668
670
664
674
680
678
664
672
670
672
676
679
665
676
678
680
681
666
661
667
668
670
674
669
