525
530
539
532
548
539
546
552
561
561
565
570
564
562
567
563
575
587
587
597
597
597
593
584
586
581
588
588
596
588
594
595
593
593
594
599
604
596
584
590
583
587
582
589
587
587
594
583
595
600
601
588
586
605
597
613
608
598
591
605
602
582
579
578
574
585
572
591
585
587
585
588
591
592
609
603
590
582
599
599
601
597
590
589
594
601
603
602
603
604
598
599
603
603
610
607
601
611
609
614
617
625
624
611
611
609
611
612
612
606
618
607
610
611
622
618
619
629
619
632
625
638
630
629
641
626
637
639
637
632
635
643
640
648
645
643
641
639
638
636
640
634
633
637
646
649
643
650
645
643
638
633
634
625
640
655
661
661
667
648
654
664
663
646
656
650
648
648
662
655
653
656
656
655
663
660
670
658
652
654
657
651
662
657
660
667
662
661
665
657
660
654
663
656
658
644
646
660
656
660
659
663
662
670
670
662
657
662
673
662
665
658
678
672
668
662
655
661
656
668
659
668
659
662
653
656
653
661
651
652
660
662
656
660
658
668
664
662
661
658
650
658
654
652
655
650
660
669
665
669
672
658
665
667
671
668
664
672
664
663
664
670
665
667
661
677
668
665
666
667
659
659
670
661
664
658
674
661
662
669
670
667
663
669
669
666
673
667
666
664
663
656
664
670
659
665
656
661
669
660
656
660
667
670
667
669
672
664
671
675
671
663
667
662
659
671
667
668
659
665
662
665
663
661
662
671
662
668
677
672
673
668
680
687
682
675
670
657
678
673
671
670
673
675
679
687
680
676
684
674
680
675
666
670
672
673
668
668
670
678
678
672
682
674
663
662
657
668
665
674
666
666
671
672
679
682
673
676
668
676
673
672
662
658
667
657
669
675
671
677
662
674
679
675
677
674
677
680
669
678
667
670
666
679
678
673
685
674
677
677
680
673
666
677
669
673
670
674
681
661
664
665
666
674
670
672
675
684
678
674
678
678
675
671
666
667
672
677
677
662
669
672
669
679
674
673
681
665
673
672
673
674
678
682
681
675
679
676
678
674
675
664
668
680
674
685
678
678
673
678
671
672
673
669
684
675
668
670
672
675
667
665
669
674
673
678
670
680
681
671
677
671
676
664
679
674
672
677
670
668
666
672
674
673
671
671
678
677
680
681
673
677
688
680
678
684
671
669
665
678
673
666
670
675
673
673
670
669
668
666
683
684
678
674
680
669
679
677
682
673
667
680
677
669
676
678
676
676
676
673
676
668
683
672
684
677
671
669
676
665
662
667
664
664
664
676
683
679
678
684
689
672
678
679
675
689
688
682
676
672
669
674
672
678
679
680
670
672
675
676
679
690
682
676
669
684
674
677
682
680
677
674
688
676
680
683
672
678
672
674
678
675
684
687
676
673
678
679
693
686
678
678
685
683
678
682
687
679
678
680
673
670
676
678
684
674
680
670
676
672
686
677
685
