525
534
516
519
537
529
532
542
541
544
554
563
564
561
576
574
579
577
596
592
590
583
596
585
587
585
595
602
605
590
583
596
590
594
587
588
587
591
597
591
588
602
614
598
592
598
596
602
608
608
598
598
598
594
598
605
597
593
604
612
606
606
603
604
616
622
609
613
612
609
602
607
613
606
608
611
607
616
612
612
625
635
638
637
632
635
649
652
644
629
639
642
651
645
639
642
638
644
645
644
660
660
654
660
653
669
663
659
658
660
667
652
655
662
666
658
661
670
670
656
653
649
666
657
658
643
653
659
648
653
660
656
646
653
657
660
654
660
655
657
655
652
655
650
659
663
655
648
650
655
639
640
641
641
646
643
647
638
638
637
637
636
645
647
643
639
651
652
662
645
659
647
653
658
640
643
639
657
645
649
645
644
642
647
643
644
649
642
649
641
658
639
651
645
645
649
644
635
649
646
647
635
640
658
636
630
653
650
647
649
651
654
653
666
665
665
667
672
663
663
659
660
661
666
662
666
658
662
658
665
670
675
662
666
664
667
657
660
660
666
663
664
669
667
669
659
654
668
663
672
677
679
676
672
660
672
668
676
674
666
671
668
669
660
664
661
673
669
659
672
660
673
669
653
673
665
667
676
665
659
665
652
662
663
664
661
653
664
670
664
663
675
665
662
669
668
660
655
665
646
650
660
663
669
663
661
661
665
668
663
670
671
664
661
677
669
670
674
654
663
664
676
670
666
678
658
678
670
666
670
676
674
671
665
672
668
676
675
675
659
667
664
665
667
662
673
669
669
673
671
660
646
654
658
662
671
665
655
666
663
668
670
667
667
658
662
661
664
671
664
668
670
660
667
672
659
658
663
657
665
665
674
671
673
674
675
670
674
664
684
673
674
677
674
674
666
671
666
674
679
675
669
673
672
669
676
677
673
664
669
669
669
669
668
663
661
679
671
658
672
672
670
658
661
672
671
669
679
664
679
667
664
673
679
681
680
677
680
682
675
670
679
676
681
676
679
676
679
679
677
675
676
680
669
677
685
677
681
680
677
677
678
677
680
665
665
673
668
677
675
674
677
678
673
683
679
679
674
679
680
687
673
672
682
683
676
670
680
681
675
671
686
686
678
686
679
674
668
670
667
651
664
667
664
667
681
672
666
671
667
675
667
678
677
681
681
670
675
665
668
676
666
665
666
666
672
671
676
673
667
680
676
667
687
683
680
680
677
673
677
673
679
675
675
667
683
672
670
671
684
672
675
666
668
683
689
680
681
683
683
670
668
680
675
666
670
669
674
675
674
671
671
670
663
667
656
660
671
667
666
668
668
666
675
668
657
666
679
672
673
663
670
668
665
670
670
665
665
666
679
671
664
677
673
683
675
669
674
676
673
676
658
661
661
671
673
673
682
668
675
667
670
677
670
674
681
684
673
670
669
675
681
671
670
674
676
678
668
663
679
676
681
676
687
689
687
692
688
684
681
674
680
671
672
681
679
677
