526
533
537
530
534
533
532
532
550
542
537
540
543
542
542
543
548
556
547
549
550
551
560
551
554
560
563
549
547
550
551
540
531
537
539
542
532
544
546
538
557
546
546
554
554
563
552
559
555
560
556
553
567
551
563
559
560
562
555
570
566
558
572
556
567
566
566
564
564
560
566
567
561
550
561
552
564
557
564
565
566
561
566
563
562
566
574
566
575
575
574
592
589
590
587
579
581
587
593
590
588
596
592
591
592
592
595
582
584
594
577
592
589
586
583
581
593
591
581
584
587
596
590
592
594
598
597
600
599
609
617
620
627
627
623
631
627
631
630
625
631
627
632
645
627
631
639
630
631
627
621
625
628
622
621
623
617
623
614
618
612
620
617
619
605
623
619
623
623
621
615
634
618
613
617
622
616
624
634
625
624
627
624
628
631
626
634
623
621
614
621
620
616
611
622
633
634
626
629
636
628
638
633
629
627
627
623
626
620
618
623
617
619
606
620
602
609
610
603
610
599
614
620
626
629
616
616
617
613
611
615
619
623
609
610
603
607
607
605
616
613
608
598
596
608
607
602
609
605
601
603
615
595
605
608
598
606
608
612
622
625
629
628
621
627
627
625
629
625
630
621
617
619
618
613
618
623
627
635
630
623
619
629
608
620
614
623
614
625
623
607
618
624
610
625
624
623
627
625
623
614
624
613
624
623
617
626
619
618
621
625
619
621
625
623
635
627
626
618
622
619
612
616
621
614
622
612
619
626
624
625
623
636
626
624
623
623
624
627
618
635
626
634
621
628
631
619
624
619
611
627
611
618
622
623
628
616
621
617
614
618
629
613
627
614
620
617
628
624
615
615
620
611
608
602
609
622
611
617
610
619
618
611
614
607
615
622
616
618
617
618
613
615
615
620
619
622
624
630
622
619
624
618
615
612
611
625
623
619
625
623
620
627
630
605
624
620
619
614
611
613
624
628
623
626
634
634
632
629
628
634
632
627
623
627
620
621
622
626
618
610
623
621
630
633
619
630
618
627
626
615
626
619
624
626
624
609
623
614
617
613
607
610
626
622
635
622
619
624
617
623
626
623
632
624
619
630
614
623
620
618
631
631
616
619
624
633
636
632
648
633
642
634
638
638
624
625
622
636
624
628
621
621
619
617
627
625
628
631
634
629
636
621
634
629
631
636
635
631
619
617
614
617
622
615
603
631
616
620
621
621
624
624
619
617
617
618
620
629
627
628
630
629
621
632
633
638
639
642
634
645
643
643
634
632
633
624
636
622
617
613
621
618
618
623
621
622
624
626
618
619
629
627
617
620
625
613
615
615
614
617
616
620
631
638
625
618
618
629
628
631
625
626
625
635
631
645
650
646
637
636
636
624
632
631
630
632
622
626
633
626
621
621
613
609
620
620
618
623
611
615
616
613
617
621
622
629
626
613
619
608
617
634
621
627
619
629
627
633
633
626
623
621
623
625
632
633
637
625
624
627
621
614
635
631
633
617
