531
541
557
557
562
570
571
569
565
575
572
576
579
582
589
587
588
596
572
575
579
586
593
603
586
590
589
599
598
595
594
600
606
593
594
587
584
595
594
589
590
588
587
600
592
593
600
603
595
591
594
609
609
614
610
608
608
601
608
595
602
605
610
606
604
601
608
605
608
593
609
606
592
590
601
605
591
605
595
605
599
599
610
607
609
594
594
585
592
584
584
587
588
594
594
575
584
585
585
585
591
594
588
592
588
594
591
598
605
599
587
598
604
600
591
599
603
595
604
618
610
613
599
618
620
606
609
604
608
601
598
600
607
598
592
605
603
609
608
598
607
604
606
597
599
605
597
600
606
602
610
610
598
599
603
603
612
600
610
617
602
604
601
616
615
621
611
616
611
613
612
617
613
599
605
607
604
595
599
603
600
605
606
608
605
597
601
603
587
597
598
598
593
601
600
596
592
600
601
603
610
609
585
604
598
612
600
596
602
594
606
603
604
605
596
598
603
598
599
597
589
594
603
595
597
611
597
594
597
579
601
606
597
606
604
605
601
593
599
608
592
609
591
606
612
618
608
611
611
615
608
603
609
598
598
604
590
597
595
596
606
604
605
602
592
601
604
594
599
596
610
601
609
606
588
604
597
601
603
597
605
596
595
598
595
605
595
603
608
608
601
609
609
613
595
589
601
601
601
600
602
599
609
603
609
598
608
604
603
593
589
600
600
597
602
587
600
598
601
603
596
600
601
601
609
613
605
605
611
603
608
618
607
610
599
598
598
601
605
618
597
598
605
610
603
612
612
611
616
608
613
618
608
608
608
599
589
601
605
615
597
611
600
604
605
603
610
608
600
595
594
595
593
603
608
600
605
604
603
605
620
627
625
627
605
608
614
612
602
610
615
615
601
613
614
627
619
617
615
623
610
617
620
619
615
616
599
615
611
612
603
610
610
612
602
605
601
606
605
608
606
608
607
610
602
601
600
599
602
597
599
612
609
607
609
593
613
612
614
615
605
606
606
599
601
604
608
610
607
614
606
604
609
605
614
613
610
612
607
604
601
613
602
603
611
604
595
594
615
608
610
611
608
607
610
619
617
615
611
606
612
604
599
608
614
625
611
607
610
621
619
607
602
606
618
612
596
612
604
607
613
606
613
624
611
605
606
611
616
613
604
609
612
606
619
610
617
617
618
626
621
627
615
614
611
619
627
624
607
616
617
619
618
612
615
626
618
604
610
607
614
619
628
614
619
614
609
617
615
601
610
610
617
607
602
598
606
603
592
610
613
600
610
608
605
611
613
605
602
610
606
606
607
609
610
602
599
608
618
617
612
608
608
617
602
613
604
607
599
600
595
612
605
616
619
622
618
618
615
614
613
621
612
606
613
602
624
605
602
608
607
610
611
606
603
604
600
606
601
613
608
612
612
616
617
613
614
616
609
612
617
612
614
618
618
612
623
617
615
619
613
611
616
611
622
622
623
624
621
621
621
613
601
607
608
606
618
613
619
606
611
605
603
601
611
615
601
593
595
604
599
601
617
601
601
598
596
612
612
611
