527
542
528
552
545
559
556
551
569
565
549
552
552
559
556
562
563
571
556
561
555
553
556
555
549
572
573
560
568
563
553
553
553
570
571
561
561
564
556
561
560
570
575
564
574
554
560
564
567
569
562
572
567
573
568
555
575
579
573
568
563
572
567
576
572
571
576
573
567
572
568
567
574
569
577
573
566
569
564
567
570
569
558
568
579
581
585
575
580
576
567
575
572
563
565
577
565
563
565
581
575
573
575
576
572
578
579
571
575
576
574
579
576
580
583
580
571
567
563
567
575
571
577
575
570
579
582
584
580
586
584
567
576
586
575
572
582
576
572
581
578
577
581
575
571
579
566
577
582
581
583
589
602
584
585
594
592
594
574
583
583
583
579
597
589
572
579
586
577
577
567
579
582
584
573
583
591
579
586
576
577
590
572
576
588
598
603
598
592
601
605
590
598
597
597
594
598
596
601
609
621
619
621
616
623
616
612
611
616
611
616
619
626
611
618
622
618
614
626
621
611
614
617
620
614
614
620
605
633
630
625
631
628
631
627
623
616
627
637
646
636
641
651
628
629
638
630
632
622
617
625
631
622
617
612
617
632
627
631
625
634
628
627
631
632
631
634
638
631
629
625
628
624
631
632
636
634
635
632
628
625
625
629
630
637
635
631
625
620
631
625
627
629
626
623
619
623
626
633
629
629
633
636
631
630
621
625
621
618
625
620
629
625
631
638
639
642
642
628
616
606
621
637
635
635
636
644
634
632
625
627
614
624
633
620
625
620
628
635
634
634
625
618
637
637
624
640
623
620
632
637
643
636
640
629
617
622
623
623
623
616
615
625
628
617
622
620
633
641
623
631
629
635
627
631
629
632
632
626
625
639
628
628
629
635
633
638
639
640
633
647
635
631
627
629
634
629
633
633
626
627
625
629
625
633
634
631
631
634
643
630
635
628
636
629
634
623
630
646
645
630
629
631
632
641
630
634
637
632
639
635
630
634
647
642
636
633
646
648
644
643
639
639
638
647
648
639
640
644
642
644
638
646
657
655
644
643
653
640
648
651
639
647
647
636
646
649
641
637
645
646
641
639
633
640
640
639
644
640
632
636
640
643
636
643
637
645
628
631
631
635
630
640
639
647
644
635
635
632
633
645
634
653
647
646
641
644
633
636
645
640
631
642
645
644
642
637
642
639
643
638
644
641
649
648
649
645
638
643
649
654
637
639
629
643
633
636
629
639
632
635
630
631
639
637
657
639
639
640
649
651
645
650
635
635
643
648
629
643
640
647
645
644
646
655
653
657
660
654
654
659
667
666
662
656
663
664
657
651
653
655
661
655
648
650
649
655
645
649
640
658
651
652
651
650
640
651
641
650
648
647
670
658
660
658
646
647
652
651
653
646
645
647
655
643
640
651
643
651
649
654
655
655
653
650
651
654
653
653
670
658
666
662
659
642
644
650
647
644
661
644
646
639
637
650
661
662
647
653
643
647
647
639
639
640
639
647
