520
524
525
544
545
552
559
568
551
552
558
556
568
561
562
564
568
565
567
572
566
567
566
564
571
575
571
576
569
565
561
573
569
582
569
585
572
569
572
562
571
566
572
576
570
570
571
568
559
570
572
570
575
568
570
571
573
585
577
592
591
579
569
572
584
564
576
581
579
587
576
580
583
588
582
577
579
582
592
594
592
586
598
594
599
584
591
593
586
598
596
586
596
603
598
610
615
607
614
613
602
603
601
592
590
583
592
594
591
595
593
587
594
593
593
593
599
593
599
594
592
599
589
605
603
599
598
600
606
600
603
597
596
602
594
610
599
602
592
592
581
594
601
591
600
600
605
607
594
592
601
597
600
603
600
596
594
608
611
599
616
614
613
603
606
600
608
607
621
618
620
615
616
616
625
631
626
626
614
628
625
628
632
636
634
636
628
625
633
629
634
622
619
616
612
628
621
624
619
628
628
614
625
635
645
626
633
629
617
609
623
597
617
610
616
619
620
623
637
627
616
616
628
630
619
628
630
628
624
635
626
620
613
627
627
620
615
618
628
618
630
628
634
630
624
637
629
625
629
625
629
630
633
635
643
642
643
632
627
625
613
621
630
619
624
628
627
625
625
627
625
629
632
619
617
625
623
627
634
626
622
625
633
627
633
642
628
635
620
623
625
617
615
611
619
623
631
635
630
631
633
616
619
627
618
629
616
618
623
630
637
627
621
628
624
618
627
632
623
617
618
622
635
631
623
625
628
627
614
613
612
618
617
619
618
609
610
605
614
612
620
603
623
621
622
618
619
612
612
621
620
618
617
617
620
602
618
608
609
611
618
625
620
621
626
622
622
631
625
631
627
619
611
624
615
625
618
631
632
633
631
636
625
631
618
627
620
607
624
627
627
619
623
637
637
641
643
632
627
634
627
631
634
635
636
622
624
630
623
629
630
628
632
637
637
640
639
621
631
628
626
631
631
639
634
627
625
640
631
635
623
633
624
615
626
627
621
622
622
611
621
622
621
617
621
627
625
621
618
628
622
624
633
631
626
624
626
629
630
629
630
624
632
635
636
636
643
633
643
628
642
636
625
634
619
624
627
615
622
619
618
627
627
623
617
620
616
615
606
614
599
607
621
614
606
619
622
626
611
610
612
621
613
609
608
609
611
618
620
622
623
612
618
624
615
634
626
633
625
629
625
632
621
622
630
628
621
623
611
625
633
645
623
629
640
631
629
638
632
631
631
632
630
635
624
622
624
629
638
628
640
638
650
644
632
642
637
626
635
637
631
634
636
620
630
627
636
627
649
632
634
631
629
609
624
630
622
632
619
637
635
623
639
635
632
635
638
636
633
648
637
639
639
634
648
638
652
641
634
629
632
621
631
630
624
623
625
623
620
624
637
627
626
641
629
635
636
633
632
634
640
623
631
632
636
625
633
636
636
629
629
624
623
636
630
630
631
633
641
635
630
630
635
637
633
639
641
636
635
639
619
625
623
625
630
637
630
626
