518
526
522
536
529
554
558
556
559
545
553
554
555
554
540
550
555
557
552
543
551
564
550
555
558
559
560
560
553
556
538
556
561
559
567
561
553
562
553
564
556
564
556
567
569
581
574
580
570
575
568
571
556
560
568
569
562
561
547
548
546
532
538
547
557
560
562
562
578
568
565
561
568
567
563
557
574
575
578
579
581
589
600
604
577
599
597
579
597
589
593
587
588
607
595
596
613
602
613
602
597
610
598
597
588
580
589
591
594
591
592
590
599
598
599
611
615
617
617
609
603
614
605
604
617
616
608
604
604
598
610
608
605
612
608
599
604
603
613
607
609
604
599
604
604
601
601
610
599
605
594
601
594
598
602
599
596
588
596
597
606
593
604
595
595
592
596
590
588
585
597
586
592
595
591
594
593
605
581
589
606
597
599
596
604
601
599
609
607
601
608
616
608
604
609
605
606
598
607
608
583
593
614
608
600
603
617
617
621
618
604
619
608
612
604
624
612
603
596
608
616
607
607
608
606
616
605
605
603
604
603
599
600
597
594
594
614
602
607
604
599
607
612
613
620
620
615
628
620
618
626
625
625
629
630
631
638
623
629
623
623
630
633
629
637
636
637
623
624
624
633
632
641
627
637
637
639
634
635
631
628
643
637
634
640
628
642
648
637
641
634
631
630
634
631
627
627
635
625
632
630
626
629
630
627
631
632
625
630
638
628
624
624
631
636
619
618
616
621
619
607
622
624
620
625
623
629
638
630
626
636
627
625
629
630
629
633
628
624
637
632
622
627
624
628
628
623
617
627
626
624
633
628
637
630
632
620
618
619
618
616
625
615
626
620
628
619
613
612
613
619
623
627
620
614
627
626
614
620
617
622
617
622
625
626
617
614
622
629
617
625
632
627
621
619
629
637
631
626
637
628
632
633
632
624
632
639
627
627
623
624
619
618
626
618
621
614
613
627
619
629
630
631
628
629
632
619
619
619
616
615
625
623
623
626
623
620
620
622
626
626
615
617
624
632
624
634
635
622
620
612
625
620
633
632
625
624
620
618
625
626
630
624
616
622
625
631
615
610
627
616
619
615
618
611
611
618
624
612
621
618
621
619
626
621
626
617
617
629
623
627
621
631
624
626
618
621
632
628
629
629
623
626
617
624
632
621
620
625
625
625
625
636
614
623
619
625
616
629
630
617
627
620
621
619
626
620
621
615
624
616
623
630
623
615
617
619
620
619
620
613
613
607
625
621
616
619
617
624
623
626
622
622
630
621
628
628
617
632
624
625
623
627
620
623
619
634
617
615
612
626
617
609
607
615
621
622
616
622
619
609
620
617
611
620
623
624
627
624
619
626
616
630
631
625
625
621
619
628
629
623
619
614
614
619
612
625
616
624
618
620
621
625
620
613
618
642
622
621
624
622
635
622
622
622
629
626
627
626
618
618
613
621
620
618
628
626
624
631
620
617
618
621
616
630
631
629
623
634
634
632
624
624
