531
534
532
527
533
543
559
548
562
563
563
572
579
582
582
577
580
576
578
578
588
574
574
572
576
601
596
585
595
595
594
597
594
601
603
604
603
599
596
605
601
596
601
608
592
589
594
599
597
587
601
586
596
592
594
593
587
588
587
591
591
587
603
593
587
599
590
591
585
596
595
598
602
600
602
599
596
594
589
594
589
582
583
583
580
581
587
588
580
598
596
602
602
591
581
580
586
586
590
587
577
583
578
582
583
578
596
592
586
578
597
592
599
604
590
603
593
606
612
615
625
624
626
614
615
619
619
617
612
619
630
613
613
624
620
626
612
622
629
627
608
607
617
623
618
617
619
623
616
623
622
625
624
612
617
618
620
622
621
614
636
620
622
635
622
631
641
633
628
626
627
630
630
637
638
638
626
623
617
631
620
633
626
624
630
620
628
630
621
631
623
629
626
616
630
635
622
630
619
630
623
636
640
636
637
625
623
627
631
640
638
643
629
652
642
633
645
633
629
626
630
640
640
639
631
624
649
634
636
640
637
635
635
641
630
642
633
638
636
629
638
637
628
637
647
645
624
634
641
641
633
628
634
640
637
642
637
629
633
640
630
636
626
634
629
630
641
636
648
639
636
635
630
631
631
626
650
651
648
643
636
638
642
642
651
641
646
627
645
637
632
628
636
633
638
633
648
630
640
636
643
640
637
641
628
630
639
629
636
631
632
636
639
631
642
627
642
638
627
625
637
633
638
642
639
634
635
644
645
645
640
643
642
643
641
647
638
638
634
637
633
634
634
630
643
637
638
646
648
643
644
634
636
631
630
639
637
634
655
652
650
649
639
639
648
639
653
657
638
638
633
644
642
638
649
658
649
648
643
636
636
635
636
641
642
642
651
640
642
642
644
651
636
644
658
639
641
643
638
635
643
627
637
634
636
635
640
633
626
631
627
625
633
625
634
628
640
634
631
632
636
631
635
632
634
648
638
631
638
632
644
633
646
635
648
639
648
644
646
655
639
648
653
640
642
635
632
634
645
650
647
640
647
643
650
639
646
644
640
647
641
644
650
650
643
645
640
651
649
637
640
640
635
656
643
651
646
646
643
651
645
646
656
644
648
646
651
643
649
629
636
649
641
647
656
643
652
653
638
644
639
645
646
639
630
641
641
639
640
640
650
648
648
645
652
634
644
637
650
650
645
642
643
654
648
645
642
645
639
645
643
642
644
637
648
651
654
649
638
638
639
638
633
639
641
643
636
641
648
646
646
644
646
645
635
640
643
646
654
638
645
652
643
645
648
647
648
651
651
653
653
653
653
655
647
655
631
635
637
639
630
641
647
650
635
646
633
638
643
641
638
640
632
653
644
642
633
639
647
642
643
637
646
634
634
640
641
638
640
650
650
635
643
646
643
644
641
641
637
650
646
655
634
643
641
644
643
638
647
636
642
635
638
623
623
632
628
628
626
