525
533
540
558
553
543
542
556
560
562
560
558
567
558
566
547
546
545
557
564
563
565
566
568
573
575
575
572
568
579
571
578
573
585
580
590
576
575
575
587
586
585
588
589
579
594
586
586
592
580
597
587
589
592
590
595
592
593
616
613
600
600
606
610
602
613
609
605
588
585
602
605
609
612
617
609
609
612
615
626
623
614
616
626
612
616
616
624
639
637
624
617
624
633
626
630
617
609
611
615
623
620
617
621
620
619
621
618
624
621
618
617
619
626
622
612
622
616
613
607
611
604
610
600
596
612
605
608
602
604
618
610
617
621
616
613
610
603
611
623
621
618
628
623
626
617
613
626
624
632
623
622
617
612
627
619
620
620
615
620
618
605
623
619
630
619
625
615
631
621
620
623
617
624
619
620
632
615
622
615
617
640
628
631
622
629
633
639
641
642
629
635
624
628
632
624
625
620
636
629
631
628
633
622
643
637
618
624
626
618
624
630
623
624
634
624
633
631
623
634
637
638
642
628
634
635
638
634
632
631
637
637
628
641
627
631
624
615
631
635
631
632
642
628
640
628
639
639
637
641
648
630
632
627
640
635
647
628
632
638
635
645
647
638
632
643
634
633
634
638
644
643
630
631
650
631
635
629
630
639
643
637
648
642
635
646
632
637
638
633
636
639
638
638
647
652
649
633
637
659
645
649
658
657
664
655
661
661
669
650
648
653
650
647
656
652
657
657
659
666
652
647
642
647
645
644
641
641
636
640
644
632
645
656
661
653
653
651
661
654
654
659
661
668
661
656
665
663
659
658
658
664
653
661
653
655
646
646
648
645
648
654
657
655
645
646
648
649
647
653
668
676
675
679
674
673
687
675
677
680
670
674
666
663
674
679
669
678
662
669
665
666
665
674
683
677
667
677
672
676
671
677
680
668
669
673
667
678
669
673
672
678
671
671
667
659
660
665
662
662
671
682
676
672
665
669
676
678
674
674
683
675
672
671
673
669
676
670
674
684
673
672
671
677
673
681
674
682
681
677
669
656
660
662
662
670
671
671
676
673
664
664
667
661
665
675
674
673
668
673
671
673
669
671
660
674
679
671
679
683
682
682
673
685
676
675
684
688
686
685
685
695
677
690
681
683
694
688
683
690
677
684
689
681
685
682
684
683
681
680
680
686
681
683
689
682
689
682
686
680
682
681
688
681
690
686
687
677
680
676
685
686
676
687
682
684
680
684
681
677
683
691
687
681
682
685
679
670
677
688
680
674
677
669
685
678
685
684
676
686
672
683
672
692
684
698
686
697
684
684
686
680
684
688
688
689
689
680
674
670
669
676
684
675
674
686
679
676
679
673
681
679
678
678
681
680
671
671
681
686
678
680
683
670
669
669
668
670
678
677
681
685
682
683
682
687
675
674
681
689
667
671
670
671
689
674
686
684
677
680
679
673
671
667
669
686
672
678
679
678
671
679
692
679
680
689
685
683
677
