531
531
535
542
553
553
550
555
552
556
563
557
547
556
557
560
560
569
562
569
576
569
577
565
580
573
572
568
564
575
570
578
573
574
577
578
582
575
582
586
587
589
584
582
574
583
585
584
595
603
606
611
593
601
584
581
577
575
567
572
581
579
580
589
594
594
590
598
610
606
595
588
582
585
598
582
585
588
580
587
578
598
595
586
608
599
594
590
586
592
597
595
601
605
613
592
588
602
596
592
598
595
596
589
594
602
606
590
596
604
593
598
589
589
588
592
588
593
604
595
587
598
608
591
592
607
606
595
597
604
581
609
598
590
584
585
587
583
594
592
578
595
595
593
590
590
576
573
600
596
598
602
595
605
605
604
607
593
591
595
600
597
602
599
599
598
596
593
595
597
579
594
589
597
593
588
600
588
604
599
604
588
613
612
609
601
599
601
606
598
614
601
605
602
602
614
607
606
603
604
609
611
622
619
611
615
621
610
607
614
608
600
608
612
618
606
608
604
603
593
598
601
603
596
617
605
606
619
607
608
620
611
603
609
597
605
600
606
614
605
607
604
611
607
596
615
625
617
620
620
621
612
616
620
617
618
626
625
619
621
623
624
628
632
624
637
624
632
627
633
631
621
621
635
633
632
637
633
635
629
625
628
627
620
620
632
642
632
629
636
635
623
636
636
632
621
623
622
611
629
633
620
624
623
626
625
630
620
625
633
630
639
621
630
624
616
609
629
621
627
626
630
625
620
620
621
627
629
638
628
623
615
617
626
616
620
624
631
621
618
639
626
626
636
636
626
638
633
621
633
637
641
636
632
637
639
642
642
649
643
632
647
633
643
632
645
632
638
623
634
631
624
633
623
620
623
622
624
643
624
636
631
635
623
625
627
621
635
641
620
619
623
629
623
626
621
628
622
629
633
613
628
635
633
633
626
623
622
625
630
635
631
632
625
621
628
633
635
635
623
620
633
630
627
631
628
634
636
623
632
625
642
640
638
634
632
629
642
631
627
638
635
616
622
626
630
634
630
625
633
628
627
629
625
625
619
640
619
628
622
636
622
624
618
631
621
620
625
621
629
625
620
623
609
618
625
630
631
615
618
617
623
619
619
629
620
625
634
627
631
622
630
621
625
626
631
621
628
625
631
620
629
610
623
635
627
629
639
624
630
626
631
629
633
637
623
616
614
615
625
614
629
618
614
626
624
623
618
605
606
604
614
608
604
620
619
609
616
616
616
613
622
630
621
629
625
632
629
630
626
633
619
612
613
610
612
628
629
619
630
629
623
639
625
623
629
629
623
630
615
628
626
626
615
621
613
629
619
612
620
605
607
615
612
617
623
616
623
620
624
625
623
622
610
616
619
619
629
616
614
608
610
621
615
619
611
614
616
627
617
628
628
630
620
631
631
624
615
606
628
621
623
616
615
614
623
612
628
624
627
625
618
634
628
628
627
630
620
623
631
623
627
627
626
621
621
