523
542
529
537
553
549
558
566
560
572
566
560
562
573
559
568
574
582
577
564
564
566
561
552
554
553
564
563
556
561
566
564
566
569
567
573
584
579
588
577
580
579
574
575
581
587
568
574
566
577
576
580
585
563
571
573
582
573
573
573
566
567
568
556
569
567
570
573
570
570
566
570
566
569
576
563
573
578
571
572
563
566
565
563
573
570
580
571
570
572
568
572
576
579
577
573
574
576
577
576
584
577
562
577
571
570
577
580
577
575
584
580
587
586
573
576
577
568
570
576
586
577
573
565
570
584
576
586
574
573
586
585
577
577
569
572
582
596
586
590
591
581
582
587
576
578
583
594
594
591
588
604
595
592
592
593
599
598
590
602
589
592
604
595
576
583
581
583
593
585
591
578
596
584
591
582
595
577
583
584
575
589
580
571
573
587
581
581
589
591
585
592
589
574
570
586
581
577
567
566
569
574
569
582
566
573
573
580
580
592
585
587
571
586
581
577
578
577
581
588
578
578
580
584
581
582
586
601
584
588
597
584
579
591
580
585
588
588
587
589
584
596
587
585
597
591
574
596
598
604
602
599
594
584
595
601
589
590
593
593
589
584
593
597
595
583
601
599
596
593
589
592
582
588
588
576
583
596
589
587
594
587
591
580
582
583
582
597
582
591
576
576
584
582
584
586
598
595
600
595
598
599
596
594
586
594
597
601
601
606
599
598
599
601
599
602
595
607
607
603
606
598
604
594
578
590
606
596
588
589
593
596
587
598
602
602
593
595
593
600
592
595
602
606
606
600
611
599
603
605
602
598
603
605
599
599
600
595
595
607
596
597
591
593
598
584
600
598
588
593
589
590
587
596
590
604
601
599
603
601
604
603
599
595
595
595
600
604
598
604
602
595
605
602
594
594
590
584
594
591
604
597
586
599
601
595
603
591
592
587
583
580
606
597
598
593
585
599
600
603
594
590
600
595
601
604
608
597
608
615
623
622
603
593
603
602
609
613
599
604
601
598
595
599
592
599
611
599
611
617
610
613
614
602
611
599
602
606
607
605
609
606
611
612
603
606
595
604
606
601
619
607
607
591
601
586
610
616
610
614
598
609
606
602
597
606
616
608
605
598
584
592
594
599
605
588
591
599
598
593
605
596
581
601
601
601
600
600
608
598
601
594
609
595
596
600
594
599
594
597
589
585
604
608
605
613
597
610
600
604
594
605
608
599
597
606
600
612
597
612
599
598
605
606
604
604
613
615
619
605
608
604
609
604
601
608
611
614
612
590
606
606
612
618
608
609
612
607
597
603
598
596
600
605
597
612
605
601
606
612
603
602
603
599
586
602
598
584
595
610
603
593
603
591
597
601
600
604
611
615
604
597
610
598
603
610
611
615
619
611
613
610
610
613
604
616
610
612
605
622
607
606
601
594
602
594
596
591
607
597
605
601
607
607
604
609
602
600
612
607
616
614
614
621
608
604
603
595
583
594
590
582
588
585
604
