548
540
546
550
555
567
571
596
595
576
588
596
589
595
603
601
600
612
609
613
631
632
637
630
635
639
641
651
645
639
643
633
640
645
634
626
626
635
623
629
635
640
643
632
630
632
640
631
631
629
627
636
641
643
638
635
639
640
639
638
635
631
625
630
632
635
643
636
642
651
642
644
636
635
642
629
640
638
637
636
634
640
638
637
630
629
636
634
640
627
632
635
639
639
634
634
638
620
611
626
635
634
637
628
623
619
614
622
622
627
623
622
628
627
628
621
636
639
639
641
634
641
643
638
627
629
628
639
628
634
634
635
633
628
629
634
636
641
635
652
639
629
628
638
636
622
626
636
636
636
641
631
623
629
631
638
638
635
639
636
628
628
637
626
633
640
636
631
635
619
620
631
630
624
615
632
626
625
620
618
630
634
627
633
630
637
640
648
644
639
633
638
633
642
644
646
645
639
643
640
637
636
635
640
646
639
641
637
641
635
640
639
653
647
638
642
647
641
643
642
649
643
632
637
617
632
627
636
628
627
641
637
633
640
639
627
636
626
622
636
630
635
634
629
633
642
629
636
633
636
630
624
620
640
638
626
636
633
628
634
638
629
631
622
627
628
623
628
629
629
637
628
632
633
633
642
633
632
635
632
627
621
641
624
632
629
633
634
637
626
630
633
633
632
637
642
639
644
638
638
635
654
639
651
635
643
627
639
635
634
646
650
647
643
640
645
641
641
635
641
638
631
644
639
632
640
643
645
637
631
633
633
639
633
634
633
639
635
636
638
635
627
641
641
638
639
628
645
628
632
645
642
638
644
630
627
626
629
638
630
627
631
636
631
637
636
632
635
629
634
633
641
633
644
644
647
634
630
632
630
628
639
636
639
637
643
631
635
627
634
637
635
637
627
641
642
641
648
638
638
644
646
649
632
642
643
637
643
644
638
636
624
639
632
632
635
636
644
638
642
637
636
650
640
654
652
643
651
647
645
643
652
651
649
646
643
637
649
645
649
644
649
644
647
653
647
640
638
639
644
643
635
637
634
632
639
640
634
633
631
631
633
642
642
645
644
635
641
631
641
637
643
638
644
641
643
647
650
647
643
632
637
643
638
643
640
644
639
643
650
646
646
651
651
652
642
639
637
635
637
648
645
644
645
647
649
643
626
638
631
651
634
646
649
646
643
643
640
647
648
640
634
649
636
639
644
640
637
640
627
638
638
637
634
635
644
636
643
641
642
637
636
633
625
628
643
637
633
640
635
639
638
652
639
633
632
631
632
631
628
631
633
629
638
637
640
641
644
633
641
647
647
639
642
643
639
647
643
643
658
651
644
646
651
646
647
646
644
646
633
634
636
640
641
635
635
641
645
646
643
643
642
639
643
642
639
644
638
654
642
644
645
637
641
635
634
652
637
641
637
636
629
626
635
643
632
640
636
638
636
647
647
636
645
644
641
632
638
637
635
647
645
653
645
641
643
637
649
644
646
639
653
655
645
639
638
653
649
644
628
