522
524
526
543
544
545
550
550
559
546
543
535
553
544
545
547
547
571
597
597
607
603
607
602
604
596
597
604
600
612
609
593
600
604
613
606
605
609
619
617
603
606
605
604
609
616
605
609
615
615
616
606
614
619
618
623
624
617
626
629
625
615
633
622
634
638
650
643
653
643
639
652
652
646
646
633
638
640
636
642
650
640
634
634
641
634
645
640
633
644
630
632
634
635
635
635
628
623
621
632
621
625
644
640
620
640
640
637
626
632
631
634
624
627
643
647
642
654
653
647
648
649
641
644
648
643
640
639
638
639
643
649
653
641
644
644
637
644
641
654
655
641
643
650
646
650
649
652
652
646
652
659
648
644
643
638
663
654
654
654
664
658
659
667
659
658
669
657
656
650
658
656
655
655
651
654
656
665
661
659
657
654
661
661
658
644
654
669
661
656
661
657
659
665
659
663
675
655
661
665
653
654
653
663
650
655
661
643
652
653
658
658
660
663
664
653
673
665
661
672
675
682
680
675
679
679
682
675
684
688
678
671
682
673
676
674
678
667
670
674
672
671
677
684
682
684
690
681
672
691
686
681
680
683
681
678
678
680
683
686
676
679
678
686
687
684
687
683
693
685
678
678
675
674
688
687
684
674
682
680
681
678
679
674
681
686
669
673
680
681
681
685
685
686
672
680
675
679
674
679
678
677
681
677
681
698
687
684
678
678
682
686
678
681
674
663
669
679
682
686
679
679
670
667
673
675
679
678
681
673
672
671
676
670
679
683
687
672
685
676
676
680
677
685
677
685
687
673
682
689
679
681
688
690
675
673
684
673
671
678
679
676
684
679
676
672
670
676
684
682
685
681
675
662
674
679
671
675
679
675
679
675
679
670
668
678
681
683
677
683
675
676
675
680
683
685
679
683
684
679
682
683
690
693
689
693
690
688
685
691
690
670
684
677
685
686
691
687
683
675
663
677
681
684
681
678
676
672
658
685
666
678
691
678
682
671
680
677
684
680
671
674
675
670
663
666
661
672
668
677
674
679
663
665
682
665
664
678
666
672
672
666
676
671
684
673
675
674
671
675
677
673
671
674
677
681
684
684
682
674
678
665
682
677
669
681
675
675
666
671
672
679
667
653
660
670
670
670
674
675
665
668
671
668
668
670
668
678
670
677
673
661
672
677
670
668
675
659
667
667
674
665
659
674
679
687
677
673
670
665
661
663
673
667
668
669
684
679
671
669
678
674
678
670
669
664
665
669
663
672
672
668
678
671
669
663
671
663
670
664
665
656
670
670
661
676
665
672
675
668
670
661
661
669
669
669
671
679
668
670
668
667
678
674
678
675
675
669
669
669
671
666
666
672
671
681
681
680
668
667
673
667
670
671
660
671
672
671
666
670
673
673
673
674
670
668
672
667
670
678
679
677
674
675
679
679
677
684
679
680
672
683
685
684
675
680
676
666
673
677
673
677
673
673
671
675
671
672
679
