502
496
496
502
502
499
502
502
502
499
500
501
499
504
497
500
502
499
500
500
504
500
501
502
502
497
504
499
500
501
499
499
499
499
502
501
502
498
502
502
499
495
501
503
502
496
500
501
499
501
495
497
499
499
501
500
503
503
498
497
502
501
497
501
498
500
498
498
498
500
497
500
500
501
501
502
501
499
500
499
503
499
499
495
500
504
500
501
499
495
497
500
501
499
497
499
499
503
501
499
500
500
497
502
495
501
498
501
497
499
502
499
500
502
498
497
497
496
501
500
494
497
497
498
497
496
501
496
500
499
496
499
501
501
499
498
501
500
497
493
499
498
499
498
494
501
502
501
497
501
500
497
497
500
501
499
500
499
498
500
499
501
497
500
501
503
501
501
500
500
501
499
499
499
496
501
497
500
502
497
492
501
499
499
499
500
495
502
501
499
501
502
500
502
499
498
500
501
501
501
500
501
500
503
497
497
496
500
499
496
495
499
496
502
499
499
500
498
499
494
501
502
499
500
497
502
499
499
495
498
500
500
502
501
500
499
500
497
501
499
499
501
500
501
499
499
498
499
500
498
496
498
501
