668
669
672
677
675
680
678
672
680
672
683
672
672
679
679
682
685
685
685
682
681
678
692
694
691
685
682
678
682
689
689
686
689
686
691
684
692
689
695
689
687
700
689
700
699
694
701
699
696
699
694
690
694
694
702
703
695
695
704
695
700
686
692
701
702
694
693
693
697
694
693
688
692
691
690
687
688
684
692
690
691
691
690
693
691
679
693
691
688
687
683
692
692
693
691
690
691
689
692
689
685
685
690
692
691
688
693
686
696
687
689
686
696
694
695
688
689
692
692
694
701
695
698
701
697
692
696
699
693
691
688
690
693
692
698
693
695
690
697
691
694
693
693
698
689
689
693
690
693
694
701
699
696
699
701
703
689
699
697
696
690
692
693
693
695
694
692
692
692
685
700
691
697
698
698
690
692
695
692
694
694
693
693
706
703
692
694
690
687
687
694
687
690
689
691
698
692
693
689
694
694
698
696
690
691
681
687
685
690
690
694
693
697
702
699
694
696
697
697
695
687
696
693
691
684
687
689
699
686
689
