669
671
669
669
670
668
674
678
677
674
676
678
678
670
674
679
682
679
679
676
677
675
675
675
674
676
678
678
671
673
675
671
674
671
673
676
668
676
682
676
677
678
677
674
678
681
677
673
676
672
677
668
675
677
682
675
682
690
692
694
689
693
690
685
694
692
683
693
691
691
686
681
682
687
691
678
683
687
681
682
683
682
692
687
686
689
685
686
684
687
685
681
679
687
688
689
689
685
693
693
693
694
694
690
689
688
693
696
699
699
692
690
694
697
697
698
704
705
710
700
704
702
700
695
701
705
699
695
707
697
692
699
692
693
696
700
698
698
703
697
696
693
694
695
694
698
692
689
681
690
690
692
695
694
692
688
689
691
689
686
687
684
688
681
689
691
696
691
692
683
690
687
692
694
690
691
686
687
687
691
690
692
687
688
689
686
687
697
691
685
691
688
692
691
694
691
684
685
684
689
682
684
689
689
685
683
680
684
679
685
685
686
689
687
694
688
691
689
698
695
696
694
695
