668
676
679
679
681
683
683
677
677
678
686
685
677
684
683
690
687
688
686
696
695
695
684
689
684
680
686
691
688
690
691
685
680
686
686
679
681
683
689
688
690
695
695
689
690
690
691
697
689
688
690
688
681
686
689
694
687
685
692
687
690
688
685
681
689
687
685
688
686
683
685
679
692
688
681
687
694
687
682
682
686
688
681
676
674
682
677
675
677
685
681
671
681
682
685
678
684
682
680
684
672
683
682
681
683
674
681
683
683
681
682
678
686
684
681
689
690
680
674
691
687
690
679
691
693
692
687
688
686
681
687
687
692
686
686
687
691
687
694
682
689
697
691
689
693
689
686
690
687
684
688
690
682
684
691
690
691
693
691
700
695
695
692
697
698
693
686
700
689
691
689
684
683
682
681
682
681
676
681
683
687
681
684
686
695
687
687
695
691
691
690
686
686
695
696
682
687
693
692
688
686
687
689
689
686
689
692
698
696
697
695
694
689
691
695
699
696
696
704
699
699
694
694
693
691
704
693
690
689
692
693
701
699
698
695
696
691
691
691
695
