669
673
668
675
676
679
681
682
684
679
681
687
682
685
689
689
694
685
695
689
687
690
692
687
683
680
684
685
690
693
693
696
695
693
692
692
700
692
691
689
695
697
702
690
683
687
690
689
688
691
684
688
693
696
694
686
695
688
694
692
694
689
692
688
693
692
694
690
695
690
695
687
694
692
691
691
692
692
693
694
694
692
697
686
696
702
693
691
697
698
700
699
685
692
689
692
687
694
689
694
690
691
690
688
687
686
693
686
681
684
691
684
686
682
688
684
694
683
692
698
691
698
694
691
696
693
692
687
697
691
685
691
685
689
682
696
697
696
699
703
698
707
699
701
696
696
693
699
701
693
691
694
690
683
680
685
685
686
683
687
683
689
692
686
686
689
685
694
694
682
689
687
689
687
681
685
675
683
686
685
680
691
693
692
688
689
692
695
688
688
690
690
686
688
688
681
685
677
682
686
688
679
690
688
689
684
680
682
690
686
683
687
691
695
693
686
696
696
697
691
688
681
686
693
688
687
692
692
695
690
695
686
687
