673
676
676
673
678
677
680
677
679
683
676
677
678
672
673
685
681
676
673
676
674
674
675
677
674
674
679
677
679
679
680
682
674
685
680
677
685
684
684
686
683
682
678
677
670
670
677
678
679
675
679
673
676
677
682
689
681
677
684
679
680
673
677
686
682
678
679
680
682
689
680
679
685
676
677
668
671
673
674
684
680
681
689
683
679
685
679
685
680
688
684
685
685
681
681
683
680
681
681
681
686
685
687
681
678
685
686
685
695
687
687
686
685
689
685
687
690
690
690
689
691
688
691
688
684
692
693
691
687
690
691
692
691
692
698
699
692
689
691
689
689
695
696
692
704
698
699
695
695
698
691
685
691
693
690
695
693
692
689
690
690
689
688
688
688
686
691
685
694
692
696
694
696
690
690
695
695
697
692
701
694
693
686
693
696
693
698
700
699
700
702
700
698
700
702
698
694
705
693
697
696
705
702
693
706
690
690
689
693
694
697
699
692
695
696
693
693
685
688
694
695
698
696
698
695
687
691
693
683
696
692
694
