673
676
684
679
680
681
686
680
684
683
688
682
674
688
686
679
677
680
686
673
682
682
681
683
681
689
689
688
684
685
682
678
684
687
677
681
679
674
684
680
683
677
685
684
681
682
685
685
682
685
679
688
680
688
682
688
695
687
698
689
696
693
694
699
699
694
700
705
710
705
711
710
705
701
698
705
694
709
702
697
698
690
702
710
701
705
696
703
692
695
699
703
699
699
691
692
697
699
697
699
703
700
694
701
699
696
698
701
697
702
708
703
699
700
705
708
708
702
712
699
707
700
706
700
704
706
703
703
706
698
696
695
690
696
694
699
698
699
707
702
697
708
704
697
698
701
698
699
705
702
703
694
693
691
702
706
705
706
711
700
697
707
700
707
705
708
700
691
692
698
698
703
699
697
697
697
690
700
688
699
697
698
694
700
695
702
707
700
703
695
699
702
700
691
695
696
692
695
691
696
687
692
693
701
695
696
693
698
696
702
695
698
697
703
697
697
696
701
705
701
697
702
698
694
701
693
704
697
