670
666
671
674
682
684
675
682
680
674
674
677
681
678
677
678
674
675
678
677
676
680
672
680
675
684
681
687
681
679
682
676
675
677
687
676
670
673
678
678
678
675
683
685
677
682
683
681
682
682
679
683
684
675
676
682
684
679
684
676
685
676
680
680
688
687
684
684
682
688
689
684
683
683
691
679
690
690
685
690
677
680
680
678
684
680
689
684
686
683
679
683
680
677
681
677
681
678
681
684
681
682
688
689
684
693
686
680
688
693
694
694
688
692
692
688
692
690
694
683
680
689
698
700
690
696
695
694
690
687
687
695
680
691
690
697
690
701
698
695
688
700
696
696
692
699
692
690
693
698
697
695
703
692
700
702
696
699
696
702
696
705
698
700
699
706
699
704
704
697
697
694
696
690
684
695
696
704
696
700
695
689
691
690
691
692
693
690
689
686
690
690
690
690
685
690
688
683
689
691
691
687
688
692
699
693
690
693
683
684
685
699
700
698
692
696
696
690
695
689
689
696
693
697
686
680
685
685
686
689
684
681
681
688
694
