672
674
675
676
685
690
697
699
697
692
694
700
696
691
696
687
691
695
696
696
693
693
690
691
684
688
691
696
691
692
690
685
690
689
686
686
692
687
695
693
690
690
685
684
680
686
685
682
685
690
692
691
694
693
689
697
693
689
688
684
691
692
687
686
691
683
691
690
695
690
690
688
686
680
690
688
688
690
688
691
692
693
695
686
693
691
690
692
692
698
692
692
694
695
695
695
686
690
698
693
682
678
687
687
682
689
685
687
686
691
690
699
696
702
701
704
695
698
694
686
697
696
697
696
695
696
695
694
697
693
694
699
694
697
697
691
693
693
697
693
688
688
682
691
686
690
687
700
696
692
697
692
701
698
698
696
699
699
688
700
697
691
696
700
684
688
700
692
698
688
691
706
705
704
695
694
705
699
694
686
695
693
695
692
690
685
687
689
691
690
691
690
688
688
684
689
683
683
682
688
685
687
688
686
686
683
689
694
691
694
685
686
680
683
691
698
688
696
690
695
680
