675
673
673
677
678
673
673
677
672
679
675
678
674
679
677
679
679
680
679
681
680
675
677
674
679
679
682
680
684
682
679
684
684
675
679
679
679
678
678
677
671
672
674
676
675
672
676
678
673
674
678
670
673
675
672
673
680
675
674
674
677
680
677
677
677
674
677
673
675
673
679
678
674
673
672
676
674
673
673
674
677
673
674
673
676
681
677
682
678
676
679
678
676
679
676
678
680
683
680
679
681
678
684
682
679
681
677
676
683
679
684
686
682
686
686
680
684
682
681
687
681
681
678
679
684
685
683
682
677
684
682
677
680
682
679
680
681
682
682
680
683
678
676
680
676
676
680
677
679
679
678
682
675
684
680
680
679
682
676
678
674
678
676
680
675
677
674
674
676
678
680
680
677
676
677
679
677
679
676
671
677
680
678
677
679
676
678
674
677
675
677
674
678
678
676
677
679
679
678
678
676
677
678
671
680
668
673
680
672
676
675
673
674
676
672
677
675
675
679
678
679
681
677
679
684
677
681
678
677
680
683
680
680
682
683
679
678
684
678
683
684
684
681
675
678
678
682
674
682
676
682
681
682
682
683
685
685
680
680
683
678
681
682
683
676
679
683
680
681
680
680
677
679
678
679
683
680
681
680
686
682
680
680
685
687
678
682
680
678
677
680
673
678
675
680
674
682
680
675
680
680
682
679
683
682
681
683
679
684
682
682
682
683
680
682
680
679
685
682
674
673
677
684
681
683
681
686
683
686
687
687
685
686
683
680
680
685
681
684
689
683
684
683
686
688
679
682
687
680
689
689
691
684
683
690
688
693
688
691
687
687
683
689
687
685
683
683
685
684
684
681
687
682
683
679
686
681
686
680
683
683
686
682
688
684
681
684
685
688
684
675
685
685
679
681
680
677
682
673
681
683
684
682
683
685
680
681
684
683
685
682
680
681
686
677
685
686
687
685
687
686
685
687
682
681
677
684
684
685
678
681
681
681
679
681
684
679
679
682
682
681
681
675
684
678
682
686
680
683
678
687
680
684
678
676
675
676
679
683
683
682
686
684
684
685
686
683
681
682
680
680
683
680
684
678
680
679
676
677
681
672
675
670
676
677
678
681
672
680
679
687
676
677
678
677
683
686
683
674
683
683
680
677
679
677
685
682
675
680
681
686
683
682
679
686
683
683
685
688
686
684
678
685
680
684
685
686
685
684
681
687
687
688
687
692
683
688
686
688
688
690
689
685
684
686
687
686
684
694
695
685
691
685
690
686
687
688
687
687
686
685
686
685
685
685
683
684
683
683
683
682
684
681
689
690
688
685
686
683
685
684
681
678
683
686
682
684
681
683
678
683
679
678
677
680
681
678
680
684
683
683
684
685
682
688
685
682
680
685
676
682
685
682
678
683
678
681
677
672
677
677
673
672
674
668
676
677
680
677
681
678
680
681
686
676
677
680
682
681
678
681
683
682
680
676
681
676
681
680
680
680
678
681
678
686
680
683
683
682
684
684
684
684
678
680
681
682
675
682
685
684
682
676
678
685
687
683
683
684
686
685
686
681
683
687
689
687
688
689
685
690
688
688
686
692
694
690
688
686
684
685
675
679
685
685
679
686
686
682
681
680
681
680
682
678
678
680
683
