683
677
677
684
689
685
683
688
691
692
694
685
681
685
689
697
692
692
682
687
693
693
695
693
691
690
688
689
686
694
693
691
694
694
690
690
694
690
694
679
681
684
692
690
689
696
688
693
691
685
683
680
685
690
689
688
702
695
697
691
686
696
691
685
688
688
691
696
695
697
696
695
690
691
678
678
692
689
695
688
682
687
691
686
680
684
687
684
685
687
694
688
690
685
682
692
689
688
688
689
678
679
684
684
691
685
690
690
693
691
695
699
694
697
691
694
690
697
694
689
692
694
696
697
696
692
692
690
691
689
693
693
696
694
699
700
695
700
696
691
691
699
691
693
695
701
686
697
699
697
691
703
698
702
698
698
689
694
694
695
691
700
698
698
699
699
694
695
697
699
702
703
704
699
697
690
697
700
694
699
690
702
706
707
710
700
695
705
700
698
703
704
702
704
698
699
702
704
702
694
694
688
703
693
695
695
699
687
693
691
697
701
694
694
703
697
701
698
691
693
699
693
697
686
696
688
685
