683
686
680
680
677
671
684
683
683
678
678
679
678
674
686
683
683
674
680
671
674
685
694
678
685
689
692
682
687
686
677
682
686
682
691
678
681
681
681
680
670
674
677
681
681
674
676
682
686
690
684
675
677
678
687
692
679
680
680
682
677
689
687
686
679
684
692
694
688
697
687
684
681
679
680
685
688
686
680
687
685
682
686
687
673
683
685
674
673
669
673
671
679
678
670
680
681
675
678
679
682
682
679
686
679
680
684
679
681
686
685
684
687
690
693
685
691
683
679
682
679
676
683
679
689
678
675
677
667
671
676
675
681
682
683
685
683
679
684
689
687
687
689
697
691
693
690
680
687
690
693
696
692
695
688
692
697
699
694
698
696
696
690
695
696
696
685
684
694
687
693
692
705
689
702
698
697
703
700
692
696
696
692
691
698
701
694
693
687
692
692
692
688
689
695
684
690
688
685
686
686
694
694
694
697
696
698
699
696
702
697
698
705
700
693
686
683
681
685
688
697
693
690
689
694
690
692
691
692
686
693
692
684
682
689
690
694
691
695
