517
517
516
519
521
519
518
519
519
516
519
516
513
517
515
515
519
519
521
518
523
518
522
523
520
525
519
518
518
521
521
522
520
522
522
515
518
519
524
518
524
519
524
523
522
520
520
522
522
522
523
522
516
522
522
523
524
524
527
525
524
523
525
523
522
526
524
523
523
525
523
525
523
523
523
522
523
524
519
524
521
524
520
526
522
528
525
527
524
526
524
524
519
526
524
530
523
526
529
524
521
523
525
529
530
528
525
525
529
525
521
524
522
525
525
523
522
527
521
522
520
524
523
522
523
526
525
517
520
523
523
522
528
525
523
522
525
520
525
524
520
521
523
523
521
522
519
521
517
521
521
521
518
520
523
521
525
521
514
522
518
520
521
523
521
522
522
523
525
526
524
526
520
527
522
523
521
525
526
525
526
527
527
524
527
524
526
527
523
525
528
526
528
526
531
525
527
524
525
520
528
527
524
524
532
525
526
526
528
528
529
525
525
528
524
519
526
525
535
530
533
526
530
534
529
531
528
525
531
532
530
531
531
534
531
531
528
532
533
529
530
529
532
533
533
533
531
531
531
531
527
522
526
