1096
1096
1092
1091
1085
1092
1082
1091
1082
1083
1090
1098
1093
1096
1095
1094
1100
1098
1099
1087
1091
1090
1094
1093
1096
1101
1095
1097
1099
1102
1103
1104
1102
1097
1095
1102
1100
1099
1098
1103
1093
1094
1092
1095
1105
1099
1095
1094
1095
1101
1100
1101
1095
1102
1088
1096
1102
1094
1102
1098
1089
1100
1096
1098
1093
1097
1098
1095
1094
1088
1089
1094
1102
1099
1103
1094
1101
1095
1093
1094
1090
1096
1092
1090
1089
1097
1101
1097
1091
1100
1098
1099
1101
1096
1095
1103
1104
1109
1106
1096
1096
1102
1094
1095
1098
1104
1097
1095
1099
1101
1099
1099
1095
1096
1094
1093
1096
1094
1101
1103
1099
1099
1097
1101
1093
1096
1099
1095
1089
1090
1096
1101
1102
1098
1107
1105
1103
1102
1104
1095
1093
1102
1102
1101
1098
1108
1105
1097
1104
1100
1100
1101
1097
1098
1099
1100
1103
1106
1099
1109
1104
1109
1109
1107
1103
1108
1111
1108
1108
1108
1103
1111
1108
1110
1100
1106
1107
1108
1099
1107
1109
1107
1114
1098
1113
1112
1119
1115
1118
1111
1120
1117
1118
1114
1120
1122
1129
1116
1133
1122
1123
1124
1119
1120
1118
1126
1121
1114
1119
1116
1113
1118
1124
1117
1121
1118
1121
1123
1119
1125
1123
1121
1121
1112
1120
1128
1115
1116
1119
1112
1115
1114
1110
1120
1120
1114
1110
1115
1112
1122
1113
1121
1113
1112
1118
1121
1116
1114
1120
1113
1120
1118
1124
1120
1119
1115
1115
1119
1114
1124
1119
1114
1107
1117
1118
1117
1115
1118
1118
1116
1123
1122
1119
1117
1123
1126
1118
1120
1126
1130
1114
1127
1130
1117
1113
1118
1114
1114
1119
1113
1121
1124
1115
1118
1125
1115
1116
1117
1114
1122
1119
1110
1120
1120
1123
1113
1116
1115
1113
1121
1124
1116
1118
1118
1118
1112
1126
1114
1116
1114
1121
1119
1122
1109
1113
1115
1113
1111
1114
1121
1117
1119
1118
1115
1127
1117
1110
1111
1112
1117
1121
1115
1119
1114
1124
1120
1123
1116
1112
1129
1114
1119
1117
1118
1119
1118
1122
1122
1120
1117
1128
1119
