887
890
887
882
892
888
895
903
895
897
892
897
894
896
895
899
895
902
896
904
897
897
899
898
895
903
909
897
899
889
899
896
897
897
898
896
898
893
897
896
889
892
891
900
889
885
891
894
887
899
894
897
897
897
894
895
895
895
892
897
896
892
889
888
885
888
889
882
895
901
898
904
895
896
896
910
899
903
898
904
903
909
906
901
903
908
905
897
896
890
900
911
907
911
907
905
910
906
895
896
905
908
905
910
903
904
909
902
904
901
903
907
903
904
907
903
900
899
904
900
902
896
901
897
897
902
903
908
902
899
903
897
897
903
905
902
900
906
902
898
889
907
899
896
903
900
896
898
892
898
900
898
892
898
890
904
895
898
894
887
889
896
899
899
895
897
889
896
894
891
898
884
888
890
886
886
884
886
891
881
893
894
890
887
890
894
884
886
893
892
889
891
888
894
889
886
886
886
892
900
898
905
899
908
905
906
907
902
906
909
899
908
907
912
917
903
907
916
919
916
918
920
918
922
912
925
913
913
920
917
915
918
922
929
929
924
925
933
926
925
925
925
928
927
928
932
928
931
923
928
926
933
924
929
929
920
920
917
927
923
927
929
923
925
930
928
923
922
925
929
922
927
924
926
928
925
923
920
921
926
921
929
927
922
921
924
929
935
939
933
919
914
918
921
929
922
921
924
922
921
922
924
924
922
923
928
923
935
939
924
925
924
921
922
920
926
930
934
931
925
926
928
917
922
923
922
923
920
925
918
920
927
928
924
929
928
931
934
933
931
928
928
933
918
927
924
922
931
926
924
930
929
925
924
929
922
917
930
930
928
921
923
926
926
922
931
925
936
931
933
927
925
931
929
928
926
922
923
919
930
919
929
929
929
931
925
927
922
923
933
930
927
928
934
927
922
926
926
921
917
925
919
924
920
916
928
922
918
937
936
935
928
934
929
930
931
939
928
933
929
933
933
935
