891
885
887
895
892
892
891
901
893
893
893
888
893
885
895
896
890
891
888
884
890
882
884
892
891
888
887
888
896
894
895
893
898
891
888
897
894
896
897
900
896
902
894
902
907
895
900
903
911
901
905
905
906
894
906
910
916
905
908
913
913
912
923
919
923
917
926
918
924
916
919
916
913
912
921
918
921
921
913
919
924
911
920
922
920
919
925
920
925
921
919
920
920
921
921
925
929
924
926
920
917
929
920
927
918
917
926
924
928
927
917
921
920
920
919
918
923
924
922
919
918
914
915
923
916
920
916
923
921
916
915
919
918
914
926
927
919
914
920
924
916
923
930
926
922
926
918
925
926
916
920
927
926
923
920
920
920
931
933
921
933
928
934
925
934
936
932
941
932
946
946
936
932
928
929
937
940
944
949
947
946
944
944
948
943
939
938
939
938
943
943
936
948
942
943
938
940
945
934
937
938
930
935
939
940
939
943
937
944
945
940
936
944
943
948
947
946
938
946
949
953
943
942
940
948
949
940
935
943
938
935
940
948
937
943
941
942
934
934
940
950
942
945
950
945
952
959
947
958
934
941
939
943
933
941
938
949
948
940
946
951
951
952
951
962
951
951
944
946
953
951
953
956
949
946
953
949
953
953
956
949
950
952
954
958
960
957
957
952
948
954
949
944
948
945
944
952
952
950
951
951
944
948
946
932
933
937
939
944
943
943
945
951
943
950
949
950
944
947
948
935
941
947
945
942
944
945
948
939
946
952
944
953
947
945
947
947
944
957
949
949
945
942
949
953
958
948
947
950
959
948
948
949
948
957
951
962
957
951
962
953
953
950
957
950
960
965
963
961
959
970
972
979
965
969
973
969
966
961
971
965
973
965
969
