889
893
882
894
885
891
889
887
891
890
890
892
894
891
893
898
884
892
892
902
894
901
899
896
901
901
895
893
883
888
891
896
888
883
897
894
897
897
908
908
900
902
894
897
892
890
899
894
891
887
892
894
890
890
896
898
898
896
899
905
894
898
898
906
910
903
908
908
908
910
907
906
900
900
897
903
901
893
893
898
901
900
894
901
907
905
909
908
898
905
907
898
906
911
910
908
911
908
906
904
911
903
911
912
909
910
910
913
915
915
912
912
910
914
907
923
924
923
918
923
928
934
923
927
937
928
929
928
928
929
928
921
931
920
928
932
925
925
930
937
931
934
930
926
929
927
931
929
932
933
925
935
925
929
922
932
925
918
924
916
924
926
921
928
924
929
922
931
924
926
926
925
924
931
924
932
929
931
930
942
927
927
923
929
928
925
927
917
932
928
929
931
922
917
931
932
934
936
931
929
933
924
922
921
929
932
919
937
929
928
935
929
922
923
929
930
928
931
931
936
939
936
940
938
938
936
927
932
931
936
941
934
936
939
941
946
937
940
936
931
940
932
935
934
935
932
942
940
939
943
944
934
945
942
946
954
943
947
948
950
936
947
944
952
952
956
951
951
951
938
952
951
954
949
954
946
944
946
952
949
953
958
953
959
961
962
949
949
954
954
959
952
959
959
953
951
954
953
949
956
959
957
956
963
957
958
960
956
959
959
965
962
951
954
962
957
961
959
962
957
958
951
961
961
956
960
962
961
961
962
952
958
959
958
958
960
959
963
954
956
960
953
957
952
952
956
947
959
959
957
959
959
961
961
946
960
950
958
956
963
964
964
962
961
958
963
964
955
950
956
951
957
962
957
954
956
961
951
954
954
956
957
952
961
958
957
956
954
954
956
967
956
963
965
959
959
963
957
961
953
946
954
957
967
953
963
957
968
962
962
968
966
967
961
956
967
964
957
966
967
963
969
972
970
965
971
969
973
969
974
970
968
969
980
