887
884
889
894
897
896
899
903
905
900
897
897
898
896
898
894
899
896
890
889
899
895
891
888
902
902
888
898
904
901
898
896
895
895
895
892
887
894
888
896
896
898
898
893
895
899
900
895
901
901
903
910
906
907
901
903
904
901
909
909
908
899
907
899
906
902
902
911
906
903
906
909
905
910
912
909
915
910
910
911
912
911
906
903
909
910
912
902
906
902
906
907
912
914
911
912
913
916
919
921
919
920
915
924
922
916
917
916
917
916
921
914
914
917
910
919
926
925
920
918
921
915
924
924
925
917
930
924
925
919
925
922
917
919
925
916
924
920
912
911
921
924
919
923
919
915
922
920
919
920
917
921
918
924
905
914
915
929
926
926
923
919
930
921
929
930
927
925
926
928
921
925
927
914
925
925
920
922
919
920
916
922
924
923
926
924
927
922
921
925
926
927
925
918
921
914
912
909
911
908
915
915
918
912
920
923
913
921
914
911
920
920
926
926
925
918
920
921
922
922
925
920
920
927
923
921
924
922
923
925
920
922
922
921
922
923
915
916
919
918
916
914
920
920
919
918
923
929
922
926
921
918
916
918
914
921
913
922
922
919
917
929
919
925
925
927
925
927
931
935
928
922
926
934
931
933
929
933
936
941
927
932
939
929
927
932
935
932
924
923
927
928
925
927
927
925
930
922
933
928
929
931
926
930
931
931
933
931
930
932
935
925
933
937
933
933
937
937
938
937
934
938
938
943
935
933
940
945
938
941
943
944
946
944
941
950
946
950
952
947
956
950
957
949
954
958
963
957
957
959
958
963
961
966
953
960
962
961
963
959
957
953
957
961
959
963
962
