882
886
889
892
898
896
900
901
894
900
893
893
885
890
893
900
897
895
900
896
887
885
899
893
886
896
895
896
899
899
887
887
888
890
887
887
891
891
889
894
890
906
903
898
899
903
892
899
903
891
895
890
894
887
889
889
893
888
892
892
891
889
891
890
890
887
887
886
882
895
892
884
885
891
885
890
884
887
885
886
891
888
891
885
890
891
886
885
895
891
887
891
887
892
890
899
892
901
896
895
893
899
896
889
896
892
892
899
888
902
891
902
897
900
898
894
891
893
887
900
892
901
904
900
895
897
896
902
887
890
890
891
891
897
907
904
899
899
908
901
902
902
899
903
903
905
910
901
895
895
895
898
908
899
909
902
896
891
904
894
899
896
891
890
888
899
892
891
892
891
895
894
897
900
900
898
900
902
901
897
902
902
903
899
907
908
914
915
911
916
914
919
929
929
925
918
917
914
916
915
912
915
911
915
906
913
912
910
920
912
914
918
911
924
927
920
925
920
925
921
924
922
917
915
924
915
908
917
908
909
918
908
920
912
903
919
910
914
921
915
917
922
915
919
918
922
915
916
910
919
910
920
908
916
914
916
912
921
923
917
913
920
918
927
913
918
917
918
919
911
916
916
914
923
929
924
920
910
922
924
918
925
922
919
917
924
923
927
922
924
935
930
938
932
930
926
935
933
929
927
942
942
935
932
925
925
926
927
929
929
932
938
936
930
926
926
928
921
922
924
923
932
932
925
931
937
937
927
928
929
928
931
932
924
929
930
930
932
926
921
921
925
928
935
928
927
925
926
929
929
921
919
924
925
916
926
924
926
931
927
923
920
929
925
919
914
931
929
936
929
934
939
935
938
936
942
940
934
941
942
941
942
950
946
945
940
948
945
945
940
943
941
939
958
954
948
944
959
954
947
952
