884
887
895
893
890
895
900
899
898
906
902
901
905
908
902
904
903
889
904
900
912
907
910
902
897
900
909
901
905
911
912
905
904
916
911
913
910
914
911
910
912
906
912
919
908
917
911
912
913
911
917
911
913
920
918
912
923
928
924
924
926
916
931
925
929
930
924
928
920
925
923
933
933
922
925
928
919
923
926
924
926
932
936
930
919
932
929
938
924
925
926
925
923
925
926
933
934
925
928
925
923
932
932
925
924
930
930
924
929
923
927
926
930
926
920
927
912
923
912
921
919
922
918
924
922
920
918
919
923
929
932
931
936
937
935
932
928
922
931
935
935
935
942
934
936
938
936
928
933
930
933
935
930
935
937
923
934
945
930
934
931
932
927
928
929
930
931
938
928
926
933
922
930
922
923
939
929
924
929
927
914
924
920
922
929
927
934
931
939
943
946
943
941
941
943
942
944
945
937
944
943
944
941
942
944
944
942
939
939
945
934
933
935
936
938
925
940
939
939
937
936
931
937
938
929
930
936
929
926
929
937
941
931
938
935
934
939
949
941
946
944
944
939
939
940
941
941
945
940
939
941
939
943
940
936
939
945
935
935
937
940
937
932
937
935
937
945
941
945
950
950
954
947
948
941
941
940
943
939
938
934
941
943
942
937
937
939
934
933
927
932
943
935
930
936
934
944
944
938
940
934
943
943
944
947
950
938
945
948
941
938
944
939
935
947
949
946
947
939
944
936
937
942
942
937
942
934
933
932
941
933
937
941
943
946
939
943
943
943
941
948
947
941
949
942
938
939
945
936
933
940
941
938
939
937
936
937
944
936
936
936
939
938
944
938
940
940
948
950
944
948
944
944
950
951
954
948
956
954
950
947
