891
889
886
887
886
886
885
888
891
885
893
892
891
887
890
890
896
893
895
889
896
885
893
890
894
892
885
884
894
892
891
894
898
896
901
893
897
882
891
898
900
903
890
888
895
888
900
892
891
892
903
901
899
897
899
898
898
901
901
896
901
899
904
906
902
906
903
902
907
911
903
909
900
915
908
912
905
913
916
919
915
919
911
915
919
916
922
918
922
922
929
934
920
918
920
921
920
920
928
923
916
931
931
930
937
930
930
926
931
931
938
931
938
930
932
932
941
931
931
934
935
941
936
936
938
938
934
934
934
934
935
928
936
939
933
925
932
928
932
934
934
934
936
938
942
932
937
945
942
950
951
951
944
950
951
953
957
956
947
955
948
950
953
949
945
947
940
945
946
942
952
948
952
943
943
949
945
949
943
940
942
949
951
949
945
949
948
947
952
952
947
960
956
955
952
958
948
950
952
957
950
952
958
959
946
956
954
955
960
955
953
957
957
956
963
967
962
953
955
963
955
968
954
960
953
951
952
949
956
947
950
956
953
956
946
952
954
955
958
958
950
956
954
951
947
948
950
956
949
956
958
952
955
951
950
954
953
951
954
955
955
961
960
956
954
952
953
960
955
956
957
962
959
959
952
958
959
963
948
954
960
957
954
955
957
956
951
950
954
956
949
951
948
951
954
959
952
962
958
961
961
961
964
964
970
971
968
964
959
965
961
964
966
962
967
965
964
982
968
965
975
984
978
974
968
979
979
979
976
978
974
969
972
971
973
978
968
970
967
971
976
969
967
975
970
968
977
974
962
958
959
963
962
969
973
966
970
967
972
971
969
972
972
969
972
976
974
979
974
971
977
976
971
968
969
974
974
977
973
969
978
969
965
963
966
975
974
965
965
974
972
967
970
967
975
973
973
966
962
975
967
975
969
968
956
964
964
967
966
967
964
971
972
969
968
971
972
972
968
968
961
963
962
957
962
962
966
962
969
963
967
957
957
