890
890
890
890
898
897
894
894
897
897
903
903
896
900
906
899
901
900
907
904
902
911
905
910
904
903
902
900
896
896
899
899
898
899
900
899
890
899
905
901
903
897
899
894
894
897
899
895
903
895
900
902
907
909
895
902
909
907
905
910
909
904
910
908
910
914
912
917
901
908
911
910
908
909
909
899
906
911
908
898
902
895
907
906
908
908
908
905
905
909
912
913
919
912
908
903
913
914
905
905
906
908
906
913
899
911
901
910
900
902
902
901
897
905
911
906
903
898
898
908
900
903
913
908
908
907
911
911
896
907
911
907
914
910
907
905
907
909
913
915
915
914
909
909
917
912
919
911
924
921
912
908
909
902
910
913
913
910
903
899
900
906
907
900
898
905
906
903
904
895
897
907
910
917
907
908
911
908
915
911
919
910
911
920
917
918
911
917
905
906
908
911
909
913
914
911
911
921
913
907
912
914
913
923
917
919
921
916
912
918
917
908
910
911
907
916
913
909
914
905
912
909
915
915
915
913
921
913
906
906
914
916
912
914
917
913
911
912
913
914
914
911
915
913
909
912
915
911
917
918
910
911
909
917
913
915
912
912
915
916
907
913
908
914
909
909
903
907
907
902
905
906
907
907
915
920
911
919
912
909
910
916
917
925
924
921
911
927
919
917
908
909
917
905
914
909
908
906
908
908
901
903
905
915
913
915
911
915
916
921
917
907
907
919
921
920
919
923
928
929
931
922
924
928
932
925
935
941
941
925
930
922
931
918
926
929
921
933
932
925
934
938
934
934
930
926
928
932
929
931
929
941
934
935
938
939
939
936
938
936
938
938
929
930
937
929
936
937
926
936
934
938
937
936
930
931
937
929
936
936
929
931
926
925
929
932
