881
884
888
883
883
882
895
886
899
893
905
894
900
891
895
896
900
895
903
901
899
895
904
890
901
904
903
904
904
901
901
899
906
907
913
905
897
905
906
911
905
908
912
903
906
906
909
905
903
906
912
904
907
903
902
905
907
908
905
907
901
906
895
893
900
901
895
904
895
903
900
896
897
904
908
912
919
908
911
913
912
920
916
922
921
915
920
912
914
906
919
924
926
924
921
918
923
924
922
930
923
923
931
933
928
930
937
933
939
934
929
941
943
932
932
940
934
932
946
934
939
944
937
938
939
937
945
933
939
931
934
934
929
925
928
932
933
929
931
935
929
932
925
935
935
931
930
926
928
928
929
922
929
929
927
929
923
925
919
917
923
920
927
926
921
924
929
927
921
925
923
918
930
924
930
923
916
922
926
921
917
921
920
916
923
921
921
918
920
920
933
925
923
917
924
940
932
927
937
936
940
941
935
931
927
943
945
947
940
947
943
949
955
952
948
948
958
956
956
955
951
955
954
954
950
949
944
931
942
937
943
949
949
959
944
949
950
950
940
944
947
945
948
952
948
947
954
949
944
957
953
953
951
959
952
952
959
966
961
967
972
969
962
964
965
962
967
964
963
961
967
955
958
948
953
949
954
954
947
949
948
954
946
945
956
948
946
948
952
947
949
944
946
952
945
942
953
958
957
954
959
953
951
954
952
958
945
954
957
953
946
962
957
959
951
958
952
954
955
953
948
949
944
947
944
944
957
952
954
955
948
948
954
952
954
949
955
951
954
957
953
952
958
954
964
957
959
964
962
963
959
954
954
959
958
959
952
952
947
945
956
955
957
955
954
956
955
953
953
950
949
958
963
955
958
951
948
952
957
954
954
955
957
964
963
955
960
959
959
954
956
960
949
965
956
960
958
961
955
954
956
951
950
954
947
950
949
958
952
952
957
961
962
953
954
956
953
954
960
955
954
958
959
955
961
956
957
958
959
961
954
944
951
952
953
946
953
954
952
949
948
946
955
952
949
944
951
953
954
962
954
950
950
