883
897
891
889
885
876
887
887
891
887
885
886
888
895
891
888
887
895
891
896
892
903
895
903
898
896
900
901
908
903
903
902
899
902
908
910
922
909
907
907
916
909
907
910
915
908
910
912
904
913
914
910
904
900
908
910
906
903
906
909
910
908
906
904
905
903
898
908
907
910
902
906
912
913
922
905
918
910
910
910
912
921
908
917
912
914
911
909
915
912
911
919
918
915
908
912
914
912
914
911
902
899
904
912
910
917
905
912
907
912
909
907
916
916
906
908
901
907
922
914
913
923
911
909
905
906
905
917
909
921
920
922
916
920
923
916
909
912
920
919
913
907
913
913
904
910
911
912
911
912
914
913
914
918
910
914
909
909
904
901
907
919
915
923
910
910
908
913
910
911
911
909
900
904
904
900
902
902
907
903
916
910
916
903
911
918
917
915
918
915
903
914
913
916
919
911
903
910
905
906
907
907
910
906
913
913
916
916
918
908
911
905
908
903
910
903
911
906
905
907
908
914
918
915
921
924
912
910
918
918
930
923
920
917
918
925
921
929
929
929
926
928
918
929
930
929
929
927
927
929
930
926
925
933
922
925
930
932
925
919
930
917
933
923
922
922
929
941
930
928
926
924
921
928
926
930
934
930
927
938
940
932
933
940
934
938
933
927
934
926
931
929
928
932
932
937
935
928
931
927
928
928
935
940
943
930
932
933
935
933
936
937
933
943
944
947
935
941
938
940
946
940
942
940
945
948
951
941
941
954
947
946
950
954
942
944
939
949
934
948
953
949
954
952
941
942
949
952
953
949
949
940
948
952
943
952
946
947
948
948
959
951
952
946
944
946
946
944
948
947
951
951
956
952
942
953
956
952
