888
886
881
879
886
897
896
902
900
908
901
903
904
898
901
899
908
903
904
903
906
903
902
896
908
907
916
913
914
919
913
925
933
926
929
921
923
924
929
926
926
924
920
924
918
923
928
922
929
931
920
920
926
922
922
926
922
920
928
929
923
931
931
926
931
929
929
934
928
930
931
923
931
929
929
926
917
932
931
932
926
932
934
922
929
928
924
930
921
922
918
922
925
922
937
934
941
935
925
929
936
935
933
939
943
932
936
936
937
937
927
928
932
939
933
942
940
940
935
928
940
930
928
934
935
931
931
934
927
935
941
930
933
949
941
938
935
935
937
939
940
931
930
935
921
934
933
933
939
942
935
933
941
928
937
931
929
934
929
937
939
936
940
932
937
938
934
930
934
936
931
933
937
937
938
930
930
936
940
939
937
945
944
942
938
937
931
934
934
929
938
940
942
941
937
943
945
938
943
941
938
944
934
942
927
939
942
932
941
940
938
936
938
927
929
935
932
940
937
944
936
945
942
938
942
941
938
944
951
948
949
949
943
947
949
941
946
946
942
942
940
940
936
936
941
930
934
941
941
939
945
939
932
938
939
943
939
940
936
947
946
948
947
949
944
948
959
952
960
961
952
952
952
954
941
941
945
950
947
950
951
947
950
957
953
958
957
948
942
949
950
961
949
951
951
958
956
962
963
956
954
959
958
953
965
957
956
966
967
964
965
972
972
969
961
955
964
961
959
960
957
953
962
951
966
959
963
974
968
968
965
964
963
961
957
956
961
956
961
956
965
963
962
968
969
961
964
966
962
962
971
966
975
973
964
969
969
963
965
970
968
973
963
960
960
964
972
970
