884
880
889
894
896
886
894
892
888
895
895
894
895
897
893
898
901
901
896
895
898
893
895
896
890
889
889
890
895
893
892
888
897
898
907
905
902
902
899
896
903
895
894
896
896
896
896
893
897
890
894
894
897
901
900
903
903
899
897
898
899
891
899
903
902
900
894
896
897
899
891
893
900
897
894
894
900
897
889
905
894
894
890
892
893
891
901
892
891
894
899
899
906
896
899
910
912
913
914
909
907
918
916
910
917
911
908
903
902
908
915
911
909
914
910
907
916
919
913
919
919
918
923
917
922
916
911
915
916
913
913
915
912
903
910
916
910
918
914
909
910
909
907
906
913
910
899
908
904
912
911
913
905
902
907
911
908
907
913
913
915
915
916
909
914
918
912
916
919
919
911
916
910
913
907
900
901
905
912
904
902
917
909
914
907
917
924
918
919
914
916
917
917
919
918
914
916
917
918
926
912
922
916
919
919
922
927
922
917
912
916
916
917
915
916
911
916
915
918
914
916
909
915
916
909
908
915
908
914
909
913
907
904
902
911
910
896
904
911
912
907
905
910
908
901
904
897
901
889
908
906
909
910
901
901
909
909
907
910
902
916
907
905
907
911
912
912
908
907
910
911
906
914
909
910
910
911
910
908
903
902
904
902
907
911
909
903
908
910
914
900
908
904
905
905
904
902
898
902
903
908
909
909
908
902
902
908
915
918
911
912
913
916
904
915
922
924
913
905
908
914
915
917
916
918
914
917
914
918
909
916
910
911
920
910
907
903
909
909
906
911
913
908
907
910
907
918
922
915
912
913
916
915
915
913
912
919
923
920
921
926
927
924
920
919
922
923
925
927
928
925
919
923
923
921
921
923
928
932
925
925
928
927
926
925
930
925
927
929
935
928
936
934
935
932
936
934
943
945
935
930
931
941
936
938
939
