900
893
894
900
905
903
906
899
906
902
903
901
907
904
908
905
909
901
907
903
912
908
906
910
917
913
906
909
909
910
911
905
913
916
918
915
916
912
912
908
905
904
914
913
914
913
907
906
909
910
908
903
911
909
909
907
905
905
915
908
918
922
913
921
917
914
921
915
919
910
913
912
910
913
908
908
906
904
900
907
907
907
908
913
917
914
917
918
922
924
917
923
910
914
917
913
915
919
919
922
919
922
919
911
925
916
920
918
917
913
926
921
916
921
927
920
915
927
924
923
919
918
918
914
925
921
914
922
914
922
917
916
919
922
924
921
918
920
914
919
926
922
927
927
927
925
918
916
920
917
906
911
923
918
921
918
913
913
914
919
914
909
914
914
922
915
918
923
916
910
912
913
918
912
909
910
914
912
918
914
916
915
921
927
926
925
923
927
915
920
918
921
925
922
921
920
925
928
931
936
931
922
929
937
929
931
931
932
937
934
934
931
928
925
935
937
935
935
941
936
934
935
939
940
934
934
940
942
937
934
936
938
933
946
939
929
936
934
933
937
937
932
933
929
924
934
928
925
927
937
936
937
937
929
935
934
935
937
940
940
943
929
937
938
938
938
935
932
932
930
941
935
933
933
941
933
927
930
936
930
934
937
925
938
937
933
935
934
940
938
941
934
938
941
936
936
944
939
933
939
943
932
940
938
931
928
935
926
919
923
924
925
926
925
932
928
932
932
938
928
935
927
929
932
928
924
928
934
928
926
936
927
932
932
927
935
928
930
927
936
933
929
931
937
935
939
939
939
940
940
950
946
943
937
943
944
949
942
950
942
950
939
937
935
944
938
945
943
950
940
943
939
949
943
952
954
952
954
944
954
951
950
945
946
948
946
953
948
950
941
942
939
941
933
952
946
