892
892
892
887
881
890
890
890
891
887
890
889
890
894
883
885
884
888
891
889
899
899
893
890
894
904
906
903
907
912
909
910
905
899
905
903
906
908
908
910
914
912
914
910
911
912
910
911
914
921
917
921
920
920
923
929
926
927
927
924
921
920
925
921
932
941
933
935
939
930
932
931
931
945
944
932
936
944
941
940
952
950
943
939
941
939
941
942
946
945
949
936
947
947
951
945
938
945
946
949
944
944
948
945
943
942
937
942
942
938
935
949
945
943
942
945
944
941
946
938
940
938
937
943
941
938
945
940
940
943
949
940
938
936
934
933
935
937
939
936
938
935
941
941
936
932
939
936
935
935
938
937
937
931
930
937
932
938
933
932
937
928
927
933
936
935
939
936
942
939
946
936
940
935
934
941
939
939
938
936
939
941
943
939
950
946
951
954
938
941
943
948
938
951
951
948
942
943
946
942
944
936
937
932
944
942
936
935
936
937
940
941
942
931
940
936
938
939
941
943
947
944
939
943
942
941
944
950
955
949
952
950
950
951
946
952
953
947
948
940
954
948
950
953
950
947
956
948
942
950
952
947
949
948
954
950
961
957
956
954
951
952
950
953
955
956
962
954
952
954
953
947
952
956
952
950
947
953
959
962
962
966
959
963
968
966
963
974
974
975
972
978
979
965
969
970
978
977
975
976
983
980
974
973
972
968
962
965
967
962
964
961
964
958
958
963
956
972
969
971
968
964
966
965
968
968
966
973
972
980
971
969
967
968
973
963
970
969
966
960
963
968
966
970
974
975
969
971
974
973
970
970
974
975
974
979
981
973
964
977
973
971
972
975
977
979
980
982
976
978
978
976
971
973
971
957
963
977
965
965
976
971
978
978
980
980
979
972
981
983
974
978
977
978
974
976
973
974
972
978
973
975
978
971
977
980
978
968
966
969
974
975
971
977
981
981
988
977
978
977
987
984
981
979
986
986
988
980
975
983
979
978
977
975
986
976
977
985
980
976
983
982
975
972
979
978
983
989
990
981
985
987
