890
881
891
896
896
900
907
899
893
898
903
900
905
909
920
912
914
909
909
922
916
918
911
916
919
916
915
919
916
920
915
924
918
920
924
927
924
923
925
926
931
939
936
931
929
935
930
934
934
930
938
937
941
931
928
932
929
923
926
935
927
927
924
924
930
918
916
925
934
927
930
933
935
932
928
938
939
938
935
942
930
929
930
931
925
923
926
931
934
932
938
938
940
938
927
931
932
930
942
947
936
938
940
941
940
932
939
942
937
924
933
926
929
934
943
931
934
937
939
936
931
936
936
932
926
931
935
935
946
942
944
939
943
937
937
934
926
937
936
939
938
938
938
936
940
935
939
936
925
928
932
930
931
929
942
935
938
941
929
938
947
942
941
937
935
941
944
942
942
954
956
945
950
947
946
941
948
942
953
954
948
948
944
949
937
939
943
939
942
928
939
942
938
944
938
941
942
941
946
949
948
945
952
942
948
955
947
943
938
937
934
940
938
941
940
945
939
939
937
933
938
940
942
931
925
925
941
938
940
937
927
936
933
938
936
940
935
939
937
944
947
940
936
939
939
939
942
945
946
946
952
945
942
953
951
950
942
949
942
941
941
946
945
948
943
948
940
946
941
946
947
953
954
949
953
954
949
953
955
941
955
948
935
947
950
949
941
945
949
951
954
946
941
947
945
943
942
947
944
946
949
948
949
944
949
948
946
932
941
950
943
953
949
951
952
944
943
946
947
948
943
941
944
941
945
943
944
945
943
949
942
950
951
948
950
944
945
946
950
941
948
940
939
939
945
940
955
951
939
946
951
949
946
948
948
943
943
952
948
943
944
949
950
952
948
949
947
946
944
943
944
933
953
950
947
954
954
956
957
959
946
948
938
958
943
952
955
958
965
957
958
959
960
968
966
970
959
959
953
960
958
963
972
953
958
964
959
