891
886
893
894
886
888
883
891
897
890
895
892
886
885
890
898
898
891
891
886
896
896
889
890
888
887
886
896
897
888
892
899
903
904
906
909
895
896
897
906
901
913
905
906
904
902
905
904
909
909
908
907
913
910
901
901
901
902
901
898
898
899
900
906
909
907
907
912
910
904
909
907
904
925
912
915
909
905
906
916
905
915
911
916
914
906
912
915
907
914
912
918
918
914
909
914
913
917
914
923
920
916
921
920
921
914
917
912
908
924
927
910
916
921
923
928
920
931
925
932
936
934
930
934
934
936
936
936
933
939
930
931
929
935
936
931
932
938
943
933
937
941
939
948
935
936
943
945
946
939
940
945
940
943
943
946
946
944
942
942
948
952
940
946
948
956
955
948
943
946
948
942
950
953
955
952
949
954
954
950
952
951
945
946
947
943
938
945
940
939
943
941
947
936
940
938
941
940
951
953
947
941
954
943
945
949
941
941
954
951
948
954
952
967
958
954
954
953
944
952
952
945
948
939
954
945
941
948
952
951
946
951
952
954
957
961
961
959
960
969
970
962
956
964
953
962
964
960
960
956
962
964
965
959
965
967
965
963
955
959
955
962
961
959
942
961
956
958
961
956
962
958
947
955
956
948
950
956
960
956
961
965
958
955
959
965
965
962
956
957
953
948
954
953
955
958
960
957
965
955
956
959
957
967
960
958
958
958
956
953
959
955
952
957
965
963
960
965
969
962
965
969
959
964
966
956
961
966
968
971
969
964
966
961
959
966
964
968
968
969
959
954
963
959
959
954
957
954
952
960
954
957
957
955
958
956
963
957
950
953
959
954
956
958
957
954
954
951
956
946
951
953
951
956
958
958
960
958
960
952
960
