893
892
890
888
897
898
895
897
897
889
894
902
901
900
896
898
892
895
899
897
889
898
893
897
894
898
896
902
899
900
898
891
892
900
896
897
893
899
900
905
894
897
897
909
894
884
889
886
893
891
896
896
899
901
896
893
900
896
905
891
895
892
891
904
900
901
906
911
907
901
902
900
905
909
905
907
915
904
906
911
915
910
911
896
905
904
905
908
914
911
918
912
916
915
916
914
918
908
909
909
911
906
908
912
916
914
917
914
916
915
922
909
919
914
918
924
917
914
915
916
921
919
919
920
919
918
918
915
915
918
918
911
912
907
910
914
913
911
911
909
911
919
909
913
915
906
912
912
909
913
911
918
921
916
918
915
923
916
913
915
924
922
911
918
918
908
917
909
907
918
907
914
918
918
924
919
920
924
918
920
916
920
920
916
922
924
921
925
918
919
920
921
917
919
916
913
916
917
911
922
925
920
924
921
917
920
929
931
934
927
938
927
936
934
925
936
929
931
936
927
929
931
932
932
927
931
934
929
928
925
932
928
928
931
937
928
944
929
928
939
927
930
932
935
935
935
932
939
941
940
941
932
936
936
946
938
932
934
932
933
935
934
933
925
925
933
948
933
934
944
936
930
927
939
933
945
942
938
935
935
931
933
929
931
930
937
932
935
933
935
923
929
922
927
927
923
929
925
933
933
928
934
935
933
933
927
934
934
929
934
939
938
928
937
943
936
942
933
937
934
943
933
934
935
934
931
934
935
943
935
939
935
927
937
944
929
935
929
935
936
940
926
933
929
922
928
931
926
935
936
942
937
935
935
939
931
934
930
929
940
939
937
937
933
927
931
936
938
931
939
