892
886
883
890
892
884
889
894
891
894
900
887
895
884
882
886
886
886
894
888
885
881
885
893
885
883
897
892
899
902
905
899
894
901
898
897
889
899
894
896
894
894
890
898
897
892
902
899
901
899
897
903
893
893
893
892
894
902
896
904
897
903
900
912
903
901
905
900
906
900
909
909
901
898
900
897
897
890
896
892
890
902
908
907
907
899
899
900
904
908
904
901
900
902
904
901
907
903
900
900
897
894
908
909
895
899
895
897
897
902
898
905
903
902
893
892
896
904
899
889
892
898
894
893
896
905
896
892
891
898
897
890
897
890
904
907
900
903
902
907
901
904
911
907
906
900
903
905
908
909
904
905
905
906
908
905
908
903
906
906
905
900
904
907
906
904
909
901
904
895
899
905
902
907
901
901
905
911
911
911
906
906
912
913
914
911
919
907
913
915
922
925
920
918
920
910
916
911
914
913
919
910
914
911
915
908
913
906
909
904
893
902
906
907
909
910
911
910
910
915
912
913
917
924
918
926
919
918
921
923
921
910
919
928
928
923
919
922
923
930
918
916
917
925
919
926
922
925
929
932
929
929
927
925
924
916
924
912
919
923
919
922
928
922
922
924
937
934
932
931
928
927
931
936
922
933
931
928
939
935
932
934
937
930
933
935
947
926
933
936
932
941
939
931
936
943
941
951
943
943
948
949
948
945
936
945
949
949
943
937
945
943
942
944
955
951
952
952
953
946
959
955
956
953
954
953
953
940
947
958
953
951
951
948
946
948
957
949
951
943
951
935
949
945
940
943
945
946
936
937
945
939
943
934
940
946
941
937
939
940
935
941
952
943
938
940
949
950
957
946
946
948
954
948
947
947
944
947
944
944
937
943
936
946
942
938
942
944
949
929
947
943
947
943
945
952
948
956
954
953
955
947
953
952
948
956
947
953
946
956
957
947
956
959
953
966
953
964
958
966
944
949
956
943
956
955
958
950
952
955
952
949
945
951
949
949
944
948
949
952
