885
883
892
894
889
895
898
905
900
896
909
903
908
912
903
907
909
905
905
902
900
899
907
898
907
906
906
902
910
907
916
916
910
915
905
917
902
917
909
906
908
912
916
904
912
911
911
911
914
906
903
902
911
910
911
908
898
906
907
910
914
912
908
907
909
909
912
914
918
913
904
915
911
916
916
920
915
917
921
927
927
924
920
907
906
916
912
919
914
919
916
916
914
913
916
918
916
920
916
918
918
915
924
918
917
917
917
912
918
916
920
919
925
926
927
921
928
932
923
923
925
928
931
915
914
908
919
921
916
920
922
916
921
925
923
920
912
921
925
929
928
928
926
931
937
935
937
925
927
923
919
927
918
921
919
921
928
927
930
931
923
923
930
919
924
933
932
922
920
932
922
926
934
928
921
924
921
916
916
921
928
931
920
936
931
931
931
931
936
928
935
933
928
927
931
931
937
937
945
942
942
941
942
942
931
932
939
932
933
932
931
933
932
935
936
936
935
939
938
943
934
944
946
936
934
935
943
941
939
950
942
936
944
939
938
945
951
946
947
950
948
943
938
938
944
949
940
946
945
944
938
946
938
940
943
944
947
938
943
946
938
943
939
944
940
949
946
943
951
949
943
949
950
949
949
938
933
941
933
942
940
935
934
933
928
926
929
929
935
933
940
943
941
942
934
931
938
935
932
930
938
940
933
925
936
939
939
945
937
939
945
945
941
944
935
935
941
931
934
929
938
930
933
936
935
930
942
936
939
938
940
942
937
931
933
938
938
937
942
935
943
933
942
942
940
945
943
942
941
948
943
942
944
942
949
950
945
952
952
956
955
961
959
958
956
960
961
963
963
971
965
972
972
974
965
964
967
958
963
964
962
