890
895
895
894
894
900
898
908
902
901
905
899
905
898
904
908
913
903
907
906
907
910
912
913
920
915
914
917
920
913
916
926
922
922
916
911
916
919
920
910
912
912
913
908
919
916
909
917
923
919
920
912
909
915
915
923
915
919
909
915
916
914
914
918
922
918
929
925
920
922
933
922
921
919
919
916
922
911
916
920
924
915
924
921
922
928
927
931
929
931
936
926
917
929
932
934
935
928
939
934
928
923
935
941
940
929
932
935
942
934
936
939
937
936
941
935
930
934
934
931
935
926
928
939
936
938
935
931
932
926
932
928
928
932
934
931
932
933
929
934
936
937
935
936
939
939
942
940
932
931
928
934
935
939
936
941
939
935
933
928
933
937
931
935
933
937
938
929
936
944
942
932
939
940
940
942
935
936
937
940
945
934
943
947
944
947
940
952
947
951
954
946
952
946
957
953
959
953
942
949
957
956
959
960
968
954
956
956
953
956
958
952
961
954
961
963
960
958
955
955
957
960
960
958
953
954
950
953
949
953
956
951
957
960
954
949
959
954
956
950
953
957
955
957
957
961
957
960
952
950
958
964
951
954
959
956
963
956
954
957
960
957
957
963
963
957
944
953
948
957
955
952
961
956
951
960
958
959
954
946
951
953
952
947
952
961
956
960
956
958
955
954
948
958
948
963
964
965
957
952
956
944
949
946
946
948
951
953
952
961
962
955
959
960
950
966
961
964
964
961
962
966
967
974
966
970
966
971
970
968
967
967
975
970
965
957
951
962
962
959
964
966
969
965
965
960
960
960
958
960
957
955
963
960
963
963
955
956
962
962
960
955
958
961
960
962
957
959
958
960
951
958
960
964
953
964
949
961
959
956
962
967
960
964
965
964
