665
669
666
663
667
665
669
674
673
670
668
668
669
674
674
676
673
673
672
672
668
670
672
670
674
679
673
674
672
670
664
676
673
662
675
675
673
674
673
679
665
669
676
667
672
674
672
679
677
675
669
674
672
674
671
670
669
675
672
669
675
671
669
666
670
672
669
672
673
672
669
671
670
666
673
672
670
667
676
671
663
670
662
673
675
671
673
672
672
668
668
662
673
671
672
670
673
671
674
673
667
672
668
673
672
666
666
675
670
672
670
669
670
669
674
671
674
674
672
672
671
674
677
679
670
675
672
672
676
671
670
671
677
671
672
672
675
674
674
669
666
667
670
676
674
669
671
681
684
669
681
675
673
679
672
665
672
672
675
673
676
669
674
671
669
668
671
672
671
669
665
666
672
673
673
673
677
676
670
674
674
675
674
678
678
677
678
673
674
674
676
676
675
681
670
665
676
677
673
683
676
679
680
676
675
675
677
682
678
678
680
673
676
677
672
678
670
680
680
681
676
679
678
683
681
679
678
673
679
673
681
670
677
671
682
678
679
682
675
673
673
679
677
673
