670
671
669
673
675
668
666
672
665
667
670
661
664
664
663
671
672
658
660
662
662
669
671
672
681
669
677
679
679
674
669
673
673
670
676
676
675
671
674
675
679
672
678
672
668
675
673
668
675
670
673
677
671
671
667
674
674
673
669
673
677
669
667
663
667
666
671
670
667
668
663
671
671
677
670
668
670
663
665
667
663
667
672
670
674
680
675
670
674
675
674
671
662
667
670
666
664
664
668
668
665
669
672
667
668
673
669
671
664
664
671
664
665
669
671
663
662
668
668
670
663
672
670
669
675
674
676
673
670
674
670
673
672
671
671
670
681
673
670
678
678
668
673
672
668
670
677
667
668
667
667
669
670
665
665
670
668
671
668
668
674
671
665
675
680
675
677
678
676
671
667
669
673
673
679
675
672
674
670
666
671
675
675
668
671
674
674
675
670
676
669
678
673
670
670
669
672
671
681
676
680
679
672
674
675
676
678
678
680
677
676
680
676
678
671
671
672
662
668
669
665
665
666
667
675
663
667
664
664
670
666
669
663
668
668
663
665
666
669
668
665
673
671
667
