667
665
676
668
673
671
674
676
674
676
673
664
670
669
671
671
676
665
666
675
676
677
665
669
666
671
670
675
668
675
677
672
675
672
672
669
668
671
667
663
668
662
677
675
669
676
674
676
677
676
675
677
677
678
679
670
673
684
674
674
675
676
676
679
672
678
679
674
679
677
679
676
678
684
673
677
678
675
681
678
679
677
678
677
679
677
677
683
678
675
674
669
673
673
672
672
671
676
673
676
669
671
677
671
674
672
674
670
664
677
679
673
673
671
670
671
673
674
674
674
675
676
677
676
682
677
685
679
685
679
683
677
677
682
677
673
679
678
675
675
673
668
672
668
669
670
671
671
667
677
677
670
673
671
665
670
669
672
673
676
674
670
677
674
667
674
669
675
669
670
669
672
670
671
672
670
668
671
667
670
674
675
675
672
672
669
672
673
669
667
672
675
670
670
678
671
674
673
673
667
673
671
676
678
675
670
668
666
668
667
660
671
676
673
670
670
662
668
670
672
670
675
669
670
671
669
669
673
673
672
665
668
673
668
665
674
675
676
682
675
673
673
676
672
669
664
675
676
668
670
671
667
672
669
675
670
676
677
675
668
671
672
662
665
