664
669
669
667
670
670
669
666
663
660
674
661
670
668
670
682
676
681
677
679
673
678
678
677
680
674
672
679
677
675
677
670
672
669
664
660
668
667
669
665
671
663
668
669
672
666
668
675
671
674
670
666
667
669
668
669
667
666
659
667
670
671
668
666
670
668
670
679
670
672
677
671
679
678
677
671
668
672
673
674
676
675
675
672
671
675
678
675
667
675
672
671
669
672
673
667
666
674
671
671
665
671
676
667
673
679
665
672
672
672
672
670
672
668
674
677
672
674
674
667
667
666
669
673
675
674
673
682
680
681
669
678
674
671
678
681
672
681
673
674
676
675
681
679
678
669
671
679
679
683
680
681
680
678
672
678
678
683
680
675
676
673
669
675
672
669
675
667
670
668
671
676
669
678
671
670
676
664
672
675
670
671
669
673
668
674
673
668
663
677
679
674
672
677
676
674
679
669
673
671
674
672
674
672
669
672
667
672
672
670
676
675
673
675
677
678
670
679
675
679
671
682
672
672
675
671
674
679
674
678
678
671
672
677
675
673
675
675
674
672
