666
669
667
671
678
662
675
673
663
676
671
670
667
665
675
674
683
681
678
672
678
677
669
672
671
677
674
669
669
669
670
668
673
676
673
673
662
670
675
667
676
671
668
672
674
671
661
666
666
671
677
674
679
669
669
671
674
672
665
677
669
674
670
675
670
671
676
674
674
677
672
673
677
675
678
677
674
667
675
670
671
674
674
669
667
667
673
679
674
668
668
671
670
670
670
669
672
675
668
666
669
669
675
679
684
679
669
670
670
671
674
677
676
673
670
666
669
662
669
672
668
670
669
672
669
675
671
674
674
673
668
676
672
677
669
677
674
676
678
670
668
662
674
673
670
673
676
680
678
671
674
667
667
669
668
668
667
667
660
666
669
672
673
676
672
677
670
674
675
668
666
668
664
667
663
670
669
667
671
673
669
670
671
663
669
665
667
664
668
669
670
664
671
675
676
672
671
675
669
668
664
669
667
668
673
668
667
665
669
669
666
669
674
682
674
671
677
679
679
675
674
675
671
677
674
673
677
677
683
681
678
676
677
675
672
674
675
675
685
677
679
678
681
677
682
681
684
