996
996
995
986
995
1000
991
984
996
992
993
989
985
985
990
991
996
985
992
998
998
989
990
993
989
994
988
992
990
992
996
997
996
992
992
997
990
1000
991
996
997
991
995
991
990
996
989
988
994
986
999
995
999
996
993
992
995
986
990
994
996
992
992
994
988
987
987
990
989
1002
994
993
997
999
1002
998
998
993
991
998
988
981
991
993
991
1004
996
989
995
988
991
995
991
997
1001
1001
994
1002
993
995
992
991
993
992
1000
991
988
989
990
999
989
986
993
993
997
995
1001
994
1004
1002
1000
1004
994
993
992
993
998
1000
1005
999
995
994
1001
1000
996
985
1003
995
1003
999
1002
1002
1006
1006
1007
1013
1009
1015
1010
1011
1016
1008
1004
1008
1009
1013
1016
1019
1014
1018
1017
1014
1019
1016
1012
988
1014
1012
1012
1009
1001
1006
1007
1012
1011
1015
1016
1014
1011
1006
1012
1014
1005
1007
1019
1010
1017
1014
1008
1019
1018
1019
1015
1020
1017
1014
1017
1005
1012
1016
1003
1007
1014
1015
1006
1016
1010
1008
1004
1002
1020
1017
1020
1023
1016
1019
1021
1023
1020
1024
1017
1014
1019
1010
1019
1018
1013
1011
1015
1011
1003
1018
1014
1014
1017
1015
1015
1018
1020
1011
1011
1011
1002
1015
1009
1006
1008
1013
1004
1010
1008
1009
1007
1006
1008
1009
1009
1010
1004
1001
1015
1004
1001
1001
1007
1009
1002
1007
1007
1007
1009
1012
1021
1013
1018
1016
1015
1014
1016
1014
1010
1018
1016
1016
1009
1013
1009
1020
1016
1023
1019
1022
1019
1014
1009
1019
1018
1019
1021
1024
1014
1017
1022
1017
1018
1006
1010
1028
1011
1021
1016
1022
1019
1017
1024
1019
1017
1016
1012
1018
1013
1012
1022
1014
1020
1007
1016
1015
1019
1016
1017
1017
1012
1022
1017
1009
1021
1017
1014
1014
1023
1023
1022
1020
1025
1007
1011
1007
1016
1010
1010
1016
1007
1015
1010
1013
1013
1011
1016
1008
1011
1011
1004
1008
1004
1013
1016
1005
1009
1011
1010
1005
1004
1008
1008
1004
1007
1011
1001
1008
1003
1004
1010
1009
1008
1008
1004
1006
1008
1005
1017
1015
1007
1003
998
1001
1005
1004
1003
1003
999
998
1001
1003
1003
999
1006
1008
1009
1003
1003
1004
1002
1010
1005
1008
1000
1006
1005
1004
1001
1007
1004
1006
1007
1002
1002
1005
1007
1008
1003
1010
999
1007
1004
1004
1005
1010
1002
1004
1002
1008
1002
1008
1006
1004
1001
996
1003
1001
1001
1007
1003
1006
1001
1003
1002
1012
1005
1012
1003
1002
1006
1010
1001
999
999
1002
1004
1014
1012
1022
1022
1018
1017
1020
1015
1016
1016
1021
1010
1023
1020
1010
1014
1013
1010
1016
1014
1018
1018
1016
1017
1016
1008
1016
1016
1016
1015
1020
1007
1017
1012
1016
1016
1011
1012
1015
1017
1014
1018
1012
1014
1014
1018
1021
1010
1007
1012
1008
1016
1022
1012
1010
1011
1018
1019
1016
1020
1020
1020
1025
1012
1018
1016
1016
1015
1013
999
1020
1021
1021
1022
1010
1022
1017
1023
1019
1015
1017
1019
1015
1015
1021
1012
1010
1015
1010
1012
1019
1012
1012
1013
1012
1018
1008
1012
1015
1016
1019
1015
1024
1015
1025
1026
1020
1013
1022
1010
1021
1028
1016
1011
1028
1024
1024
1020
1017
1015
1030
1024
1015
1021
1024
1024
1020
1017
1012
1018
1011
1011
1009
1017
1012
1014
1026
1014
1024
1019
1024
1021
1013
1017
1015
1012
1010
1011
1019
1018
1019
1016
1024
1027
1022
1020
1016
1010
1023
1014
1017
1020
1016
1010
1022
1014
1014
1003
1011
1016
1014
1022
1024
1023
1017
1014
1013
1014
1015
1008
1014
1014
1012
1003
1010
1009
1003
1001
1005
1003
1005
1009
1014
1014
1009
1014
1015
1009
1010
1022
1018
1011
1021
1010
1023
1022
1027
1022
1026
1016
1022
1013
1026
1027
1019
1020
1016
1018
1012
1014
1016
1020
1018
1018
1017
1017
1019
1014
1015
1021
1020
1020
1018
1017
1014
1016
1019
1021
1026
1026
1015
1013
1010
1021
1019
1019
1017
1012
1013
1017
1024
1026
1012
1018
1025
1022
1027
1028
1032
1020
1024
1024
1019
1020
1022
1023
1018
1016
1021
1016
1017
1021
1007
1011
1017
1018
1015
1022
1014
1013
1012
1019
1017
1014
1028
1028
1021
1019
1026
1022
1022
1025
1024
1031
1029
1032
1023
1029
1026
1025
1031
1025
1027
1029
1028
1029
1028
1020
1030
1034
1032
1029
1035
1035
1025
1022
1034
1030
1031
1034
1037
1040
1022
1029
1030
1038
1036
1042
1038
1035
1031
1038
1036
1037
1047
1036
1038
1036
1037
1040
1045
1034
1035
1039
1041
1039
1039
1046
1042
1030
1041
1035
1034
1039
1045
1038
1040
1043
1040
1037
1034
1049
1032
1039
1029
1028
1037
1036
1034
1038
1034
1026
1029
1023
1011
1022
1026
1023
1021
1023
1030
1027
1029
1025
1036
1034
1030
1033
1032
1038
1038
1022
1020
1033
1033
1034
1030
1029
1027
1025
1025
1028
1028
1027
1023
1030
1031
1029
1035
1030
1035
1027
1025
1029
1025
1025
1028
1033
1030
1029
1035
1031
1035
1041
1032
1033
1039
1026
1033
1035
1035
1027
1029
1032
1022
1025
1030
1022
1028
1025
1036
1038
1034
1031
1038
1030
1035
1032
1036
1039
1036
1036
1038
1039
1031
1027
1034
1030
1028
1036
1042
1039
1037
1026
1031
1033
1031
1037
1041
1032
1035
1031
1035
1037
1036
1041
1033
1040
1041
1045
1037
1046
1035
1049
1042
1048
1053
1041
1039
1044
1044
1046
1050
1035
1028
1043
1041
1028
1039
1040
1044
1042
1045
1040
1043
1041
1045
1039
1036
1039
1034
1034
1043
1039
1038
1043
1044
1045
1045
1046
1038
1041
1042
1043
1047
1045
1046
1044
1054
1047
1050
1049
1049
1042
1037
1038
1040
1042
1042
1036
1051
1043
1045
1043
1037
1042
1041
1042
1039
1038
1039
1042
1036
1036
1036
1045
1040
1045
1049
1037
1043
1033
1034
1033
1036
1039
1035
1047
1033
1030
1038
1043
1045
1044
1037
1042
1041
1037
1034
1036
1042
1038
1035
1039
1042
1036
1042
1034
1042
1039
1034
1035
1039
1038
1043
1038
1034
1036
1036
1037
1043
1040
1031
1038
1037
1030
1044
1040
1040
1036
1045
1042
1033
1039
1045
1035
1042
1039
1036
1033
1033
1037
1045
1033
1035
1042
1037
1037
1040
1037
1031
1024
1029
1037
1034
1040
1039
1047
1032
1033
1038
1035
1037
1038
1029
1040
1024
1028
1029
1033
1031
1028
1031
1036
1043
1041
1030
1036
1029
1022
1032
1038
1033
1036
1038
1045
1042
1041
1041
1038
1045
1049
1042
1045
1048
1041
1039
1041
1046
1041
1037
1034
1037
1042
1032
1037
1038
1044
1036
1034
1041
1028
1037
1046
1041
1041
1030
1032
1039
1036
1042
1045
1036
1032
1043
1044
1039
1036
1040
1043
1036
1034
1032
1039
1030
1039
1040
1040
1052
1039
1035
1039
1042
1043
1048
1044
1045
1040
1043
1033
1037
1041
1038
1043
1037
1032
1040
1033
1029
1043
1039
1033
1045
1039
1036
1042
1036
1040
1039
1042
1050
1046
1046
1043
1042
1042
1042
1038
1044
1033
1038
1037
1040
1039
1033
1030
1035
1034
1040
1037
1038
1035
1037
1033
1038
1040
1038
1048
1043
1049
1042
1042
1039
1051
1046
1046
1047
1046
1049
1052
1040
1039
1051
1045
1044
1045
1041
1040
1046
1050
1045
1050
1048
1051
1053
1033
1042
1043
1042
1040
1044
1047
1043
1038
1046
1045
1043
1032
1033
1039
1040
1033
1036
1037
1032
1028
1041
1041
1047
1043
1043
1045
1043
1037
1050
1048
1036
1045
1038
1042
1045
1047
1048
1039
1044
1047
1048
1038
1043
1040
1048
1047
1047
1039
1043
1041
1038
1037
1032
1042
1046
1038
1036
1043
1046
1045
1037
1039
1041
1045
1043
1042
1046
1044
1041
1051
1051
1050
1046
1051
1046
1053
1055
1050
1051
1052
1050
1054
1048
1053
1040
1057
1052
1054
1049
1053
1053
1054
1041
1037
1048
1044
1040
1053
1043
1050
1052
1050
1049
1045
1046
1048
1046
1041
1045
1044
1051
1040
1050
1042
1043
1044
1035
1047
1040
1039
1047
1048
1049
1053
1050
1045
1042
1045
1044
1039
1038
1046
1050
1041
1048
1050
1053
1049
1050
1047
1047
1049
1042
1053
1047
1049
1048
1049
1052
1045
1056
1049
1058
1055
1041
1044
1043
1049
1044
1055
1051
1044
1051
1048
1049
1044
1043
1046
1042
1051
1052
1043
1051
1048
1054
1047
1057
1055
1050
1052
1051
1058
1055
1051
1060
1058
1048
1053
1050
1052
1043
1055
1053
1060
1057
1055
1054
1060
1056
1054
1050
1062
1052
1054
1057
1057
1057
1051
1058
1059
1060
1059
1056
1061
1068
1041
1056
1055
1053
1049
1051
1057
1059
1063
1063
1057
1051
1053
1050
1051
1055
1057
1052
1053
1051
1058
1052
1050
1047
1054
1041
1048
1053
1046
1055
1047
1057
1060
1060
1061
1052
1049
1047
1050
1047
1053
1059
1051
1052
1037
1052
1050
1054
1052
1052
1054
1058
1044
1047
1050
1045
1043
1050
1059
1045
1056
1048
1053
1056
1055
1046
1057
1051
1056
1048
1045
1048
1049
1057
1053
1050
1048
1044
1053
1048
1049
1051
1052
1049
1054
1055
1052
1055
1056
1058
1057
1050
1056
1054
1056
1051
1051
1059
1061
1062
1065
1059
1059
1056
1057
1052
1053
1040
1051
1050
1052
1055
1050
1054
1051
1052
1044
1042
1041
1046
1040
1043
1038
1044
1052
1048
1052
1046
1045
1049
1039
1046
1043
1045
1038
1039
1048
1048
1054
1053
1051
1063
1063
1057
1058
1050
1055
1057
1055
1058
1048
1056
1052
1047
1055
1046
1051
1054
1052
1042
1060
1051
1055
1058
1055
1060
1046
1055
1061
1058
1048
1059
1059
1049
1057
1055
1052
1054
1059
1057
1053
1059
1059
1062
1050
1055
1050
1050
1052
1056
1057
1061
1060
1053
1059
1054
1054
1049
1048
1051
1042
1043
1045
1045
1049
1049
1049
1050
1044
1051
1051
1049
1051
1054
1050
1048
1049
1049
1056
1048
1048
1046
1058
1051
1053
1051
1055
1059
1054
1051
1054
1043
1054
1052
1051
1050
1049
1053
1045
1039
1043
1035
1038
1048
1048
1043
1047
1031
1044
1043
1036
1040
1043
1042
1047
1039
1046
1047
1046
1051
1050
1052
1048
1052
1042
1049
1057
1053
1049
1046
1044
1046
1047
1045
1046
1042
1047
1045
1044
1032
1038
1049
1045
1044
1049
1043
1037
1032
1040
1041
1039
1037
1035
1039
1044
1050
1039
1034
1039
1034
1036
1036
1043
1042
1038
1038
1033
1049
1042
1034
1039
1044
1039
1045
1042
1042
1047
1044
1049
1049
1044
1046
1043
1044
1041
1042
1041
1042
1043
1048
1041
1039
1046
1038
1044
1046
1044
1041
1032
1045
1038
1041
1040
1040
1032
1035
1040
1033
1034
1042
1034
1028
1027
1030
1028
1032
1034
1032
1033
1030
1035
1033
1044
1038
1050
1041
1043
1050
1035
1041
1041
1045
1042
1041
1043
1049
1037
1040
1049
1049
1045
1046
1051
1047
1048
1045
1050
1050
1043
1043
1052
1041
1045
1049
1045
1048
1036
1042
1052
1046
1038
1046
1054
1051
1051
1050
1052
1054
1050
1049
1045
1051
1048
1054
1046
1054
1052
1049
1051
1039
1040
1050
1048
1046
1040
1051
1052
1043
1047
1044
1054
1057
1039
1035
1054
1048
1051
1056
1056
1049
1050
1044
1048
1047
1053
1049
1050
1050
1052
1061
1049
1056
1064
1052
1059
1067
1056
1054
1062
1056
1060
1055
1058
1055
1059
1051
1050
1060
1049
1046
1052
1048
1047
1062
1050
1049
1059
1067
1062
1049
1057
1062
1061
1055
1062
1057
1060
1056
1050
1053
1056
1056
1059
1056
1056
1058
1061
1048
1049
1048
1052
1055
1055
1056
1058
1053
1058
1050
1062
1052
1056
1054
1053
1055
1046
1055
1050
1057
1054
1049
1051
1053
1044
1041
1043
1047
1038
1042
1049
1035
1046
1048
1046
1049
1045
1051
1042
1055
1044
1052
1040
1046
1054
1044
1050
1049
1042
1051
1054
1046
1053
1049
1048
1054
1051
1055
1049
1056
1052
1051
1047
1045
1046
1041
1047
1054
1045
1048
1052
1049
1043
1053
1053
1057
1049
1053
1056
1045
1060
1066
1055
1049
1056
1049
1059
1057
1053
1057
1049
1056
1059
1046
1052
1055
1053
1049
1044
1048
1053
1050
1044
1052
1048
1053
1055
1054
1059
1056
1056
1055
1050
1055
1053
1046
1052
1059
1063
1060
1060
1053
1054
1058
1051
1061
1050
1045
1052
1058
1055
1051
1056
1055
1045
1060
1057
1061
1054
1058
1055
1058
1049
1054
1052
1061
1054
1052
1048
1052
1053
1049
1055
1046
1055
1048
1050
1050
1052
1048
1036
1043
1040
1043
1043
1048
1032
1044
1043
1037
1040
1044
1039
1042
1046
1036
1041
1040
1037
1041
1052
1048
1046
1050
1057
1049
1049
1045
1047
1052
1040
1046
1050
1046
1045
1053
1045
1030
1044
1044
1047
1050
1045
1037
1043
1042
1040
1042
1037
1041
1042
1042
1043
1035
1041
1043
1035
1038
1038
1044
1049
1046
1046
1045
1042
1052
1046
1047
1042
1041
1038
1046
1035
1041
1032
1039
1040
1038
1040
1038
1041
1043
1041
1051
1041
1042
1049
1041
1046
1045
1039
1040
1038
1043
1043
1036
1036
1044
1037
1042
1040
1051
1041
1041
1038
1040
1040
1043
1048
1041
1037
1040
1047
1046
1038
1038
1036
1040
1042
1043
1036
1042
1040
1042
1035
1041
1044
1048
1046
1042
1053
1054
1045
1045
1049
1054
1052
1049
1051
1045
1047
1045
1047
1041
1043
1049
1050
1046
1052
1046
1047
1048
1049
1051
1046
1051
1043
1047
1049
1051
1038
1054
1049
1054
1044
1042
1039
1045
1042
1041
1046
1041
1038
1042
1047
1049
1041
1039
1038
1042
1038
1041
1037
1033
1041
1038
1037
1035
1039
1040
1036
1046
1037
1043
1035
1042
1045
1046
1042
1042
1037
1037
1036
1038
1038
1046
1042
1046
1048
1046
1043
1044
1046
1040
1036
1040
1043
1040
1040
1044
1052
1035
1043
1049
1039
1047
1049
1041
1046
1049
1048
1038
1043
1047
1043
1050
1051
1047
1048
1044
1042
1035
1043
1046
1036
1039
1042
1041
1047
1042
1042
1044
1045
1043
1051
1049
1039
1041
1048
1050
1047
1041
1046
1048
1046
1046
1047
1045
1046
1046
1040
1038
1040
1046
1044
1039
1042
1041
1053
1046
1047
1046
1049
1045
1046
1057
1054
1051
1048
1059
1052
1057
1051
1052
1051
1053
1048
1051
1044
1048
1046
1050
1062
1055
1060
1052
1060
1053
1048
1058
1058
1059
1056
1052
1055
1053
1053
1050
1045
1049
1049
1049
1049
1042
1048
1047
1051
1044
1048
1047
1041
1039
1043
1057
1044
1041
1043
1042
1046
1043
1046
1045
1052
1044
1042
1042
1044
1051
1044
1050
1051
1044
1037
1040
1039
1040
1041
1035
1038
1036
1048
1046
1048
1046
1043
1046
1043
1035
1038
1039
1042
1041
1049
1049
1045
1045
1043
1044
1040
1045
1043
1046
1033
1045
1044
1047
1048
1045
1049
1046
1044
1049
1049
1040
1048
1052
1050
1052
1042
1045
1045
1046
1046
1047
1047
1041
1042
1048
1050
1042
1050
1046
1046
1045
1046
1047
1048
1049
1047
1047
1052
1054
1040
1043
1054
1036
1041
1043
1047
1054
1042
1043
1046
1054
1039
1048
1045
1043
1047
1051
1050
1049
1046
1045
1050
1055
1053
1051
1050
1055
1044
1057
1057
1052
1044
1045
1050
1042
1046
1051
1049
1055
1050
1048
1048
1045
1045
1051
1053
1042
1050
1052
1052
1052
1046
1048
1045
1047
1045
1045
1048
1048
1036
1044
1052
1053
1042
1034
1047
1045
1050
1047
1053
1047
1053
1042
1045
1047
1040
1048
1043
1047
1052
1044
1051
1047
1049
1045
1053
1056
1057
1048
1052
1048
1053
1055
1051
1049
1048
1043
1043
1051
1052
1048
1051
1052
1050
1060
1055
1048
1049
1053
1055
1049
1050
1049
1051
1055
1049
1047
1054
1042
1045
1050
1053
1042
1057
1053
1043
1054
1053
1053
1049
1051
1052
1047
1052
1060
1051
1049
1051
1050
1047
1047
1052
1053
1054
1045
1046
1052
1053
1047
1057
1053
1043
1047
1045
1034
1037
1032
1039
1035
1042
1044
1054
1044
1043
1049
1038
1043
1042
1044
1048
1042
1039
1037
1041
1047
1042
1042
1048
1048
1049
1049
1040
1041
1043
1048
1045
1045
1037
1030
1030
1046
1033
1040
1052
1044
1039
1047
1047
1054
1046
1042
1039
1046
1042
1040
1047
1037
1046
1039
1036
1035
1042
1041
1039
1028
1046
1036
1038
1037
1042
1038
1045
1048
1046
1041
1029
1040
1052
1044
1050
1045
1040
1042
1049
1041
1050
1050
1041
1047
1048
1049
1048
1050
1051
1044
1050
1048
1050
1048
1048
1052
1050
1040
1051
1053
1045
1050
1050
1051
1048
1043
1041
1047
1042
1042
1038
1040
1045
1034
1047
1044
1036
1041
1047
1036
1042
1040
1043
1048
1040
1040
1049
1051
1048
1043
1038
1045
1041
1048
1035
1044
1042
1048
1038
1046
1048
1039
1049
1043
1048
1046
1043
1048
1046
1047
1045
1041
1048
1041
1048
1045
1047
1053
1042
1052
1044
1045
1048
1043
1036
1039
1041
1047
1040
1040
1044
1035
1037
1040
1047
1038
1044
1050
1049
1046
1035
1041
1044
1042
1052
1042
1040
1043
1043
1044
1044
1050
1036
1039
1039
1040
1038
1043
1037
1046
1045
1046
1050
1050
1047
1039
1048
1054
1049
1048
1053
1056
1056
1050
1057
1050
1043
1046
1051
1046
1048
1043
1048
1033
1048
1047
1049
1038
1042
1049
1045
1047
1048
1047
1049
1048
1048
1048
1034
1044
1037
1042
1044
1037
1041
1042
1045
1046
1042
1047
1041
1037
1040
1049
1045
1049
1051
1043
1041
1046
1047
1053
1043
1042
1047
1046
1044
1050
1041
1037
1045
1049
1049
1045
1042
1038
1047
1045
1039
1039
1049
1044
1047
1039
1029
1036
1033
1044
1040
1041
1043
1046
1043
1042
1038
1045
1043
1041
1038
1030
1035
1046
1040
1044
1040
1039
1045
1044
1037
1041
1051
1043
1048
1046
1045
1039
1032
1041
1047
1043
1046
1043
1040
1042
1044
1040
1041
1037
1041
1045
1050
1036
1043
1043
1041
1047
1038
1042
1046
1047
1052
1049
1051
1052
1043
1049
1048
1054
1056
1048
1049
1043
1042
1046
1043
1044
1039
1042
1049
1045
1052
1057
1056
1041
1054
1053
1047
1046
1049
1034
1043
1048
1046
1050
1049
1053
1044
1047
1048
1042
1050
1042
1037
1048
1051
1050
1036
1042
1043
1044
1041
1046
1050
1041
1056
1050
1054
1043
1051
1048
1040
1038
1044
1045
1038
1047
1040
1043
1044
1050
1053
1040
1038
1035
1040
1037
1039
1043
1046
1047
1047
1043
1042
1043
1042
1038
1034
1043
1049
1044
1052
1046
1043
1050
1041
1048
1042
1047
1048
1047
1052
1048
1050
1038
1043
1046
1040
1045
1041
1044
1045
1049
1053
1050
1048
1042
1046
1043
1045
1042
1047
1045
1042
1046
1042
1040
1039
1046
1053
1049
1041
1045
1043
1046
1042
1042
1046
1041
1037
1036
1040
1037
1035
1029
1030
1040
1048
1038
1039
1033
1044
1047
1037
1036
1042
1034
1043
1035
1044
1047
1045
1046
1036
1046
1042
1046
1041
1036
1041
1041
1042
1043
1045
1038
1038
1037
1035
1045
1033
1043
1038
1038
1042
1035
1038
1037
1040
1032
1032
1035
1034
1032
1033
1036
1034
1037
1032
1037
1031
1025
1034
1036
1036
1036
1038
1032
1027
1044
1035
1042
1033
1034
1037
1039
1027
1031
1030
1035
1039
1046
1038
1032
1045
1043
1038
1043
1039
1040
1044
1039
1037
