997
1003
997
991
995
995
990
1000
998
995
1001
985
993
995
998
1009
1000
1002
990
988
1000
1004
1008
997
1010
1004
999
1006
1010
1000
998
1000
1008
1007
1005
1006
1009
1009
1007
1009
1009
1005
1007
1003
1013
1000
1003
1007
1008
1016
1011
1012
1015
1013
1012
1006
1012
1020
1009
1010
1016
1012
1014
1014
1019
1010
1014
1011
1020
1015
1017
1013
1011
1009
1015
1016
1019
1012
1013
1018
1012
1010
1002
1002
1013
1003
1007
1011
1020
1004
1005
1022
1012
1024
1025
1026
1019
1029
1023
1021
1025
1025
1029
1027
1028
1024
1036
1028
1021
1025
1027
1022
1016
1020
1026
1019
1022
1015
1024
1021
1019
1029
1027
1018
1018
1019
1018
1022
1032
1028
1032
1027
1028
1026
1026
1023
1037
1029
1019
1023
1024
1020
1025
1027
1021
1017
1023
1027
1024
1021
1019
1019
1027
1023
1019
1019
1018
1021
1018
1018
1018
1011
1014
1018
1016
1019
1020
1025
1028
1023
1018
1033
1019
1031
1022
1023
1030
1014
1024
1031
1035
1029
1025
1025
1032
1029
1029
1032
1019
1024
1031
1036
1033
1028
1024
1028
1027
1026
1032
1030
1030
1029
1029
1027
1026
1027
1030
1028
1029
1030
1028
1020
1026
1032
1031
1031
1028
1029
1036
1023
1034
1030
1039
1034
1032
1040
1038
1032
1036
1030
1030
1036
1021
1031
1035
1030
1033
1032
1032
1028
1034
1033
1040
1023
1037
1032
1040
1028
1024
1039
1037
1038
1040
1036
1031
1038
1031
1025
1034
1032
1034
1027
1024
1022
1034
1031
1033
1028
1037
1037
1037
1035
1037
1045
1036
1030
1031
1039
1031
1030
1029
1028
1029
1039
1026
1029
1031
1019
1016
1014
1024
1022
1033
1027
1030
1029
1030
1022
1028
1026
1025
1030
1029
1028
1023
1022
1024
1028
1027
1040
1029
1026
1038
1031
1030
1033
1035
1031
1039
1039
1037
1037
1034
1035
1037
1034
1035
1030
1046
1041
1039
1038
1033
1038
1034
1039
1034
1025
1039
1045
1034
1038
1039
1032
1036
1034
1037
1038
1042
1036
1028
1036
1031
1028
1039
1039
1043
1037
1039
1037
1044
1034
1036
1042
1037
1037
1040
1036
1032
1032
1034
1027
1030
1027
1025
1038
1037
1033
1041
1028
1038
1042
1040
1036
1045
1043
1039
1041
1034
1028
1030
1035
1028
1039
1029
1037
1032
1036
1033
1037
1030
1032
1036
1030
1031
1032
1036
1029
1029
1033
1037
1034
1037
1035
1032
1036
1024
1035
1034
1028
1025
1031
1034
1038
1034
1032
1030
1033
1035
1023
1038
1036
1041
1036
1039
1031
1033
1026
1031
1033
1031
1041
1032
1032
1032
1036
1035
1036
1034
1038
1026
1032
1035
1032
1027
1024
1029
1018
1024
1019
1026
1020
1027
1015
1021
1022
1024
1020
1030
1028
1024
1035
1026
1032
1029
1018
1028
1025
1023
1028
1018
1020
1021
1025
1025
1017
1021
1021
1024
1030
1021
1024
1024
1025
1025
1024
1026
1033
1028
1033
1030
1031
1027
1033
1031
1026
1024
1020
1023
1021
1020
1027
1028
1026
1027
1031
1026
1037
1031
1030
1030
1027
1034
1031
1028
1023
1017
1021
1018
1016
1019
1024
1030
1014
1028
1030
1028
1021
1031
1025
1032
1037
1032
1035
1032
1030
1031
1024
1030
1026
1025
1024
1029
1030
1035
1028
1036
1036
1030
1036
1030
1031
1035
1032
1036
1031
1028
1032
1024
1032
1031
1034
1027
1034
1030
1037
1029
1026
1037
1025
1025
1033
1032
1035
1031
1019
1020
1017
1021
1031
1026
1031
1025
1033
1029
1030
1019
1021
1027
1030
1028
1025
1027
1023
1025
1023
1024
1030
1022
1027
1034
1039
1041
1039
1034
1037
1036
1032
1032
1035
1032
1032
1030
1032
1031
1044
1032
1038
1033
1037
1025
1038
1039
1035
1034
1038
1040
1039
1039
1037
1032
1027
1034
1043
1041
1042
1034
1035
1038
1043
1029
1036
1041
1042
1038
1037
1036
1030
1035
1037
1042
1037
1041
1036
1037
1044
1037
1043
1041
1041
1040
1044
1031
1040
1036
1036
1037
1031
1037
1030
1042
1044
1036
1040
1031
1027
1035
1040
1040
1035
1040
1032
1026
1026
1026
1031
1034
1035
1036
1034
1032
1038
1033
1035
1038
1034
1042
1037
1029
1032
1031
1037
1035
1031
1044
1037
1033
1040
1037
1034
1037
1037
1035
1032
1036
1040
1033
1036
1033
1030
1031
1036
1032
1034
1033
1037
1034
1034
1032
1028
1025
1034
1037
1036
1030
1037
1037
1028
1029
1031
1036
1034
1034
1035
1041
1033
1037
1034
1031
1033
1035
1036
1034
1026
1043
1020
1027
1036
1034
1032
1039
1029
1031
1026
1033
1031
1025
1026
1025
1037
1026
1036
1029
1036
1029
1034
1037
1032
1043
1040
1041
1030
1028
1034
1032
1035
1036
1033
1031
1032
1037
1030
1041
1033
1036
1026
1032
1033
1039
1043
1036
1041
1037
1033
1037
1040
1042
1033
1039
1039
1040
1035
1035
1038
1043
1036
1032
1035
1044
1039
1043
1040
1037
1037
1038
1043
1038
1037
1034
1030
1036
1033
1029
1035
1033
1034
1038
1032
1026
1024
1021
1027
1032
1036
1036
1032
1035
1039
1040
1038
1032
1039
1042
1037
1034
1032
1042
1036
1048
1037
1046
1036
1050
1044
1042
1042
1046
1046
1042
1048
1035
1046
1045
1045
1050
1038
1039
1040
1040
1038
1032
1041
1040
1032
1043
1039
1029
1033
1036
1033
1042
1036
1039
1032
1037
1037
1035
1038
1036
1030
1037
1030
1038
1036
1032
1043
1038
1040
1036
1033
1034
1031
1043
1041
1042
1046
1045
1045
1043
1042
1044
1048
1049
1042
1043
1038
1038
1038
1033
1042
1037
1036
1029
1035
1031
1032
1037
1035
1036
1023
1037
1034
1026
1038
1036
1035
1038
1042
1045
1034
1036
1039
1037
1042
1037
1049
1051
1048
1043
1038
1027
1038
1039
1040
1039
1038
1044
1039
1039
1038
1033
1046
1045
1042
1040
1038
1044
1043
1044
1047
1049
1047
1044
1043
1038
1044
1046
1041
1043
1040
1041
1046
1032
1039
1041
1041
1040
1048
1049
1042
1045
1040
1043
1034
1042
1043
1037
1045
1042
1037
1044
1046
1051
1046
1045
1031
1041
1044
1040
1044
1044
1032
1045
1038
1032
1046
1036
1038
1040
1046
1047
1040
1043
1036
1034
1036
1034
1034
1031
1032
1035
1036
1042
1040
1041
1029
1039
1039
1045
1030
1034
1032
1030
1043
1034
1038
1041
1041
1040
1034
1042
1039
1045
1040
1044
1040
1041
1045
1037
1038
1042
1050
1038
1035
1044
1033
1041
1043
1035
1046
1050
1040
1033
1034
1041
1042
1040
1038
1047
1041
1043
1039
1040
1038
1045
1049
1041
1045
1047
1049
1041
1046
1044
1043
1048
1043
1049
1043
1041
1041
1045
1039
1045
1045
1048
1046
1043
1043
1045
1047
1045
1048
1052
1047
1044
1043
1040
1047
1047
1044
1043
1044
1041
1045
1040
1041
1041
1038
1045
1038
1042
1035
1038
1042
1039
1045
1042
1042
1040
1038
1040
1037
1043
1042
1040
1032
1042
1037
1034
1036
1036
1044
1044
1040
1043
1037
1036
1038
1044
1035
1039
1048
1038
1040
1041
1041
1033
1045
1042
1033
1042
1039
1041
1045
1044
1040
1047
1043
1040
1040
1042
1039
1039
1049
1041
1042
1040
1041
1042
1033
1045
1045
1035
1047
1039
1036
1036
1040
1039
1042
1041
1046
1034
1041
1042
1048
1045
1038
1046
1038
1035
1035
1039
1041
1038
1038
1038
1036
1042
1040
1037
1043
1038
1043
1044
1045
1047
1040
1042
1041
1041
1036
1040
1038
1031
1035
1030
1037
1047
1037
1047
1039
1049
1040
1038
1050
1039
1039
1041
1038
1037
1042
1039
1043
1045
1036
1037
1044
1039
1044
1044
1046
1046
1039
1036
1036
1033
1036
1044
1038
1038
1039
1033
1037
1030
1036
1034
1030
1034
1039
1046
1039
1039
1036
1038
1038
1041
1040
1035
1038
1042
1039
1038
1039
1037
1034
1038
1030
1035
1034
1030
1028
1035
1035
1037
1027
1031
1039
1043
1039
1035
1036
1033
1029
1032
1037
1037
1035
1031
1036
1041
1040
1035
1036
1028
1028
1035
1029
1033
1032
1032
1028
1031
1039
1023
1032
1038
1035
1045
1039
1040
1040
1040
1035
1043
1041
1038
1030
1042
1043
1045
1037
1044
1044
1046
1047
1041
1038
1035
1041
1042
1039
1038
1034
1038
1038
1031
1034
1031
1039
1023
1037
1039
1042
1038
1035
1040
1038
1032
1031
1036
1038
1041
1040
1039
1032
1040
1043
1040
1038
1034
1039
1034
1030
1032
1038
1029
1039
1042
1036
1038
1027
1034
1037
1031
1032
1034
1037
1036
1032
1036
1030
1023
1034
1034
1034
1028
1032
1032
1025
1034
1025
1030
1027
1029
1027
1026
1026
1030
1029
1035
1033
1031
1031
1025
1027
1034
1025
1034
1024
1031
1032
1036
1033
1024
1030
1032
1026
1026
1031
1017
1024
1030
1019
1019
1025
1022
1035
1028
1028
1033
1027
1029
1038
1037
1034
1024
1046
1034
1037
1039
1031
1035
1029
1026
1032
1041
1039
1036
1031
1030
1033
1031
1039
1034
1033
1031
1031
1027
1026
1029
1032
1024
1024
1031
1037
1032
1034
1034
1043
1038
1027
1034
1038
1043
1046
1043
1046
1039
1038
1031
1035
1045
1035
1038
1034
1032
1031
1035
1035
1037
1034
1037
1037
1040
1036
1048
1041
1037
1040
1039
1041
1047
1047
1042
1042
1045
1040
1038
1042
1041
1041
1040
1034
1037
1030
1041
1036
1038
1034
1037
1039
1035
1037
1035
1036
1039
1039
1039
1030
1033
1031
1032
1039
1032
1024
1033
1035
1034
1033
1031
1038
1025
1028
1031
1034
1030
1039
1038
1040
1044
1043
1035
1040
1043
1038
1044
1040
1039
1041
1034
1037
1036
1033
1047
1042
1044
1043
1045
1050
1039
1044
1043
1051
1042
1045
1036
1046
1044
1037
1037
1039
1039
1037
1040
1031
1041
1034
1041
1044
1041
1034
1033
1033
1030
1035
1030
1020
1031
1028
1026
1033
1021
1026
1037
1041
1028
1029
1041
1036
1035
1041
1043
1032
1036
1047
1027
1039
1039
1039
1039
1028
1039
1026
1036
1035
1030
1034
1045
1038
1026
1034
1024
1038
1042
1044
1041
1035
1030
1030
1036
1044
1038
1024
1036
1033
1036
1024
1026
1036
1034
1034
1038
1028
1032
1023
1036
1034
1036
1028
1036
1032
1036
1030
1037
1033
1031
1041
1038
1042
1042
1038
1040
1041
1047
1046
1033
1040
1043
1039
1039
1047
1039
1042
1035
1037
1031
1036
1033
1034
1033
1042
1035
1035
1037
1030
1033
1037
1030
1031
1046
1035
1040
1042
1033
1034
1043
1040
1040
1037
1039
1034
1033
1026
1030
1035
1037
1032
1034
1032
1036
1038
1034
1036
1036
1044
1037
1036
1040
1041
1038
1043
1029
1043
1042
1041
1044
1046
1048
1040
1038
1037
1044
1044
1036
1030
1034
1037
1043
1041
1042
1053
1049
1053
1044
1043
1051
1048
1036
1041
1040
1034
1038
1048
1048
1044
1045
1044
1042
1050
1038
1042
1035
1036
1034
1038
1038
1028
1038
1043
1037
1039
1034
1021
1032
1035
1033
1036
1039
1032
1037
1031
1040
1035
1036
1033
1033
1042
1035
1035
1043
1038
1036
1032
1037
1031
1031
1028
1027
1033
1037
1037
1027
1032
1028
1037
1039
1038
1035
1041
1041
1045
1042
1042
1040
1044
1032
1041
1041
1043
1038
1033
1034
1043
1036
1034
1037
1042
1042
1047
1037
1036
1039
1037
1041
1038
1040
1038
1028
1035
1037
1041
1032
1041
1040
1035
1026
1033
1037
1027
1038
1037
1031
1032
1031
1041
1042
1039
1033
1032
1031
1038
1037
1038
1033
1037
1031
1028
1029
1038
1028
1039
1038
1039
1037
1031
1028
1032
1043
1039
1033
1040
1043
1049
1038
1047
1049
1040
1043
1041
1044
1055
1044
1039
1042
1038
1048
1042
1042
1044
1043
1042
1044
1044
1042
1043
1043
1034
1040
1035
1036
1035
1022
1031
1029
1025
1027
1025
1033
1015
1024
1023
1029
1027
1028
1036
1028
1029
1023
1028
1030
1033
1035
1031
1041
1043
1024
1027
1031
1032
1032
1038
1035
1031
1032
1033
1043
1035
1036
1030
1036
1033
1029
1031
1026
1024
1026
1028
1024
1028
1029
1022
1025
1028
1036
1025
1030
1031
1030
1027
1034
1030
1037
1031
1031
1030
1033
1037
1035
1033
1033
1035
1033
1032
1028
1025
1039
1033
1028
1040
1035
1044
1029
1031
1039
1033
1038
1032
1028
1033
1031
1032
1039
1038
1037
1035
1040
1034
1034
1034
1039
1030
1041
1030
1040
1043
1036
1033
1039
1039
1037
1042
1044
1048
1039
1047
1039
1037
1037
1041
1034
1032
1036
1032
1036
1031
1034
1034
1028
1030
1021
1035
1020
1025
1028
1034
1034
1028
1032
1035
1032
1035
1037
1032
1032
1027
1033
1041
1028
1032
1034
1034
1032
1023
1027
1029
1028
1030
1027
1016
1021
1021
1022
1024
1020
1017
1021
1023
1026
1028
1019
1027
1028
1027
1023
1034
1033
1023
1026
1028
1033
1029
1028
1031
1035
1034
1032
1028
1033
1032
1036
1033
1029
1038
1027
1031
1032
1031
1033
1024
1024
1039
1026
1041
1042
1032
1030
1032
1033
1031
1037
1033
1040
1027
1041
1038
1047
1039
1043
1049
1029
1037
1028
1031
1017
1025
1028
1038
1034
1038
1035
1035
1035
1037
1043
1038
1031
1035
1034
1022
1034
1028
1035
1022
1031
1028
1039
1033
1036
1027
1032
1028
1029
1033
1038
1026
1026
1033
1036
1034
1034
1034
1038
1030
1037
1027
1036
1031
1034
1034
1030
1025
1034
1030
1026
1035
1039
1038
1044
1041
1036
1036
1037
1028
1028
1035
1036
1033
1037
1032
1035
1033
1036
1042
1036
1043
1039
1034
1024
1035
1034
1038
1031
1032
1036
1032
1026
1029
1040
1036
1040
1030
1041
1034
1041
1043
1034
1035
1038
1042
1032
1034
1028
1034
1040
1032
1027
1033
1028
1036
1032
1036
1031
1037
1027
1034
1029
1038
1034
1027
1036
1036
1043
1031
1036
1044
1032
1038
1044
1038
1033
1037
1031
1035
1038
1047
1039
1039
1039
1030
1037
1038
1032
1032
1027
1035
1029
1031
1034
1033
1044
1035
1026
1037
1036
1036
1032
1032
1035
1030
1029
1034
1027
1038
1033
1034
1034
1035
1041
1031
1032
1035
1041
1040
1042
1046
1038
1040
1044
1045
1046
1043
1044
1041
1046
1049
1043
1041
1048
1040
1040
1047
1043
1042
1040
1035
1029
1037
1044
1052
1044
1042
1035
1036
1047
1034
1039
1040
1043
1045
1041
1042
1041
1036
1040
1040
1031
1033
1037
1030
1032
1020
1026
1028
1041
1036
1037
1035
1042
1040
1036
1041
1043
1045
1049
1045
1037
1050
1049
1042
1040
1045
1046
1045
1044
1039
1038
1038
1032
1041
1045
1045
1044
1052
1047
1042
1032
1040
1047
1039
1042
1049
1045
1033
1035
1048
1049
1047
1047
1047
1043
1045
1038
1043
1046
1036
1043
1039
1035
1034
1031
1039
1044
1039
1039
1040
1041
1033
1042
1040
1036
1040
1032
1044
1041
1041
1039
1035
1032
1032
1040
1045
1039
1038
1041
1037
1041
1044
1036
1051
1049
1047
1040
1050
1046
1045
1041
1046
1043
1037
1039
1038
1027
1038
1043
1038
1039
1033
1023
1040
1041
1041
1041
1038
1038
1038
1036
1032
1039
1040
1039
1038
1041
1038
1026
1039
1035
1044
1040
1038
1042
1049
1044
1044
1042
1039
1036
1038
1035
1043
1033
1040
1038
1039
1040
1030
1037
1043
1042
1031
1039
1029
1032
1042
1040
1035
1047
1036
1037
1037
1046
1038
1042
1035
1035
1041
1037
1033
1041
1038
1037
1031
1045
1034
1027
1038
1035
1036
1031
1034
1033
1034
1029
1039
1044
1045
1039
1034
1037
1039
1031
1025
1036
1030
1039
1048
1051
1044
1050
1036
1043
1031
1035
1043
1048
1037
1040
1032
1046
1043
1035
1036
1033
1042
1041
1039
1036
1041
1040
1040
1039
1044
1035
1038
1044
1040
1045
1042
1041
1044
1037
1041
1038
1040
1039
1036
1039
1038
1039
1040
1040
1041
1052
1040
1044
1047
1039
1041
1041
1051
1043
1047
1046
1042
1044
1047
1044
1038
1043
1044
1042
1050
1051
1041
1036
1035
1037
1023
1033
1032
1033
1041
1038
1044
1037
1040
1037
1037
1043
1036
1039
1043
1041
1040
1039
1044
1041
1042
1046
1053
1053
1043
1052
1041
1045
1048
1040
1044
1047
1041
1050
1042
1047
1041
1040
1050
1047
1046
1037
1043
1040
1041
1045
1044
1047
1044
1047
1050
1052
1049
1044
1047
1045
1046
1052
1048
1049
1042
1048
1044
1037
1043
1046
1045
1039
1044
1047
1047
1051
1045
1054
1038
1045
1041
1047
1038
1040
1041
1047
1037
1037
1037
1044
1034
1031
1041
1035
1037
1041
1038
1039
1043
1046
1040
1039
1042
1046
1049
1042
1050
1046
1047
1049
1042
1038
1040
1046
1044
1053
1046
1040
1047
1045
1039
1039
1033
1044
1042
1040
1035
1032
1046
1043
1042
1045
1044
1043
1042
1039
1048
1042
1026
1040
1039
1033
1035
1039
1037
1034
1039
1036
1033
1039
1027
1032
1038
1030
1036
1040
1032
1037
1039
1040
1041
1031
1040
1044
1041
1040
1033
1036
1033
1029
1037
1037
1030
1032
1039
1039
1042
1037
1036
1035
1038
1045
1037
1032
1040
1037
1039
1042
1034
1034
1035
1036
1028
1039
1033
1032
1026
1037
1029
1033
1032
1047
1035
1042
1037
1039
1026
1035
1033
1037
1026
1027
1033
1028
1033
1039
1037
1029
1034
1028
1027
1039
1032
1036
1031
1039
1042
1037
1034
1039
1028
1031
1038
1040
1041
1029
1040
1041
1041
1038
1039
1039
1035
1034
1034
1030
1026
1036
1029
1031
1033
1035
1037
1038
1038
1032
1039
1027
1038
1035
1036
1030
1034
1030
1030
1025
1026
1032
1039
1018
1018
1030
1029
1033
1031
1038
1039
1025
1036
1037
1041
1045
1043
1041
1041
1036
1045
1045
1039
1036
1029
1041
1038
1033
1042
1035
1040
1036
1029
1035
1036
1045
1045
1041
1040
1043
1048
1043
1045
1045
1040
1037
1040
1042
1040
1040
1046
1043
1040
1047
1049
1040
1037
1039
1047
1038
1045
1042
1041
1041
1040
1043
1039
1030
1030
1036
1029
1031
1032
1033
1036
1038
1039
1036
1041
1042
1040
1038
1040
1034
1032
1046
1045
1040
1041
1041
1040
1040
1035
1049
1041
1048
1042
1040
1042
1036
1041
1044
1040
1039
1042
1037
1035
1032
1035
1038
1043
1037
1044
1034
1045
1042
1029
1038
1037
1041
1037
1026
1032
1040
1040
1045
1038
1040
1043
1035
1038
1042
1045
1040
1041
1036
1039
1037
1037
1038
1035
1036
1039
1039
1037
1034
1037
1036
1035
1039
1039
1038
1047
1046
1037
1033
1046
1040
1038
1043
1044
1039
1037
1044
1034
1040
1035
1034
1034
1032
1027
1042
1033
1034
1031
1041
1033
1031
1028
1036
1030
1029
1027
1029
1032
1030
1026
1028
1034
1030
1030
1029
1029
1034
1032
1026
1029
1026
1030
1040
1030
1034
1037
1037
1029
1030
1031
1035
1034
1036
1045
1037
1031
1035
1041
1036
1037
1036
1035
1025
1031
1027
1036
1041
1034
1033
1040
1036
1035
1037
1033
1035
1034
1038
1033
1033
1043
1038
1034
1026
1037
1028
1023
1034
1023
1028
1027
1023
1021
1016
1022
1035
1031
1031
1034
1028
1025
1029
1026
1039
1032
1036
1028
1030
1027
1038
1038
1032
1029
1025
1026
1034
1025
1029
1023
1030
1025
1033
1034
1040
1030
1038
1033
1030
1029
1028
1032
1028
1026
1022
1019
1020
1024
1023
1030
1031
1027
1032
1032
1025
1025
1029
1022
1029
1020
1029
1026
1031
1029
1029
1037
1031
1034
