995
1005
1001
1002
998
1001
999
1004
997
999
1000
994
1005
1007
999
996
1000
990
992
994
995
996
993
994
989
990
994
996
989
989
994
995
993
995
989
992
991
986
987
991
983
992
992
987
990
989
987
998
995
981
993
997
987
999
989
988
990
984
1001
996
1004
999
989
997
992
994
982
997
993
990
991
996
998
1002
993
1000
1001
996
996
1001
996
996
994
1003
999
1000
990
997
993
993
998
1001
1001
998
1007
998
996
1006
1004
993
1000
1001
999
1000
997
996
996
995
1003
1002
995
1000
994
1002
1000
1005
1004
998
997
1006
1004
1006
1002
1003
1009
1005
1008
1011
1014
1011
1004
1004
999
1006
1008
1013
1012
1002
1011
1000
1006
992
1005
1003
1006
1001
1005
995
997
996
1005
1007
1007
998
1003
1009
1009
1013
1004
1000
1009
1003
1011
1008
1009
1012
1013
1009
1015
1008
1017
1015
1012
1009
1013
1010
1007
997
1000
1005
1007
1005
1010
994
1005
1010
1014
1010
1000
1002
1008
1006
1004
997
998
999
1001
998
998
1000
996
1001
1007
991
997
1006
1002
1000
1003
1006
1009
1001
1007
1005
1005
1009
1004
1007
1015
1010
1011
1018
1010
1009
1017
1005
1013
1006
1013
1010
1016
1017
1016
1012
1010
1014
1019
1019
1012
1016
1018
1020
1013
1012
1021
1016
1017
1011
1018
1014
1014
1016
1014
1011
1019
1019
1012
1014
1014
1018
1020
1017
1008
1016
1007
1008
1013
1008
1006
1012
1016
1014
1008
1012
1016
1016
1016
1016
1001
1021
1013
1012
1011
1012
1008
1011
1011
1014
1010
1011
1011
1014
1009
1006
1008
998
1005
1008
1011
1007
1008
1010
1012
1007
1008
1000
1012
1016
1010
1010
1014
1002
1002
1002
997
1003
1001
1001
999
1017
1008
1013
1009
1006
1010
1007
1008
1009
1010
1018
1005
1011
1017
1015
1014
1015
1011
1010
1012
1012
1009
1015
1015
1012
1005
1011
1013
1007
1001
1006
1005
1006
1006
1008
1004
997
1004
1010
1006
1005
1009
1006
1011
1017
1019
1011
1011
1014
1011
1001
1015
1015
1013
1011
1018
1007
1016
1021
1023
1017
1022
1011
1017
1014
1005
1003
1011
998
1009
1014
1014
1017
1004
1009
1020
1014
1019
1014
1024
1014
1010
1014
1007
1013
1021
1011
1017
1010
1017
1016
1020
1017
1002
1007
1012
1013
1024
1021
1020
1009
1017
1015
1022
1016
1018
1016
1013
1025
1021
1014
1016
1020
1017
1014
1012
1011
1011
1011
1009
1002
1002
1011
1006
1008
1012
1007
1016
1008
1017
1009
1008
1012
1011
1006
1011
1011
1004
1004
1014
1008
1005
1013
1004
1013
1014
1016
1009
1027
1011
1014
1008
1011
1008
1005
1002
1010
999
998
1007
1007
1020
1014
998
1016
1007
1009
1011
1016
1010
1005
1010
1006
1005
1007
1012
1011
1010
1004
1006
1013
1007
1001
1010
1001
1008
1006
1007
1009
1010
1016
1006
1008
1011
1015
1019
1011
1019
1013
1012
1007
1006
1011
1005
1014
1014
1013
1019
1014
1001
1008
1006
1015
1004
1012
1002
1004
1003
1005
1008
1005
1008
1006
1009
1006
1002
1003
1003
997
1003
1015
993
1003
999
1007
1005
1004
1011
1009
1013
1010
1010
1004
999
1005
1002
1003
1011
1011
995
1005
1002
998
1012
1012
1005
1008
1006
1009
999
1008
1002
1003
1001
1008
1001
999
1006
1005
1009
999
1007
1001
1006
1010
1003
1001
997
1012
1002
1007
1005
1006
1006
1009
1006
1000
1007
1007
1001
1009
1008
1008
1010
1010
1002
1002
1007
997
1008
1007
1008
1004
1006
1010
1015
1008
1007
1006
1003
1008
1009
1013
1008
1003
1019
1017
1014
1013
1013
1016
1011
1012
1009
1004
1003
1016
1020
1016
1013
1014
1019
1022
1013
1021
1017
1018
1017
1006
1012
1012
1008
1014
1016
1014
1019
1020
1020
1015
1020
1018
1021
1020
1018
1017
1020
1019
1019
1024
1016
1021
1023
1020
1020
1020
1025
1023
1017
1019
1019
1019
1021
1022
1022
1016
1025
1025
1030
1020
1020
1023
1023
1022
1031
1017
1022
1022
1022
1027
1020
1027
1026
1028
1023
1017
1015
1022
1023
1031
1024
1021
1019
1016
1012
1023
1025
1025
1022
1019
1021
1017
1017
1027
1030
1024
1031
1028
1031
1028
1030
1037
1039
1029
1028
1032
1039
1033
1034
1032
1028
1037
1035
1032
1038
1028
1035
1039
1035
1034
1036
1025
1035
1030
1027
1028
1039
1028
1033
1035
1031
1029
1029
1042
1034
1044
1037
1032
1038
1032
1024
1027
1031
1034
1030
1028
1030
1024
1024
1024
1034
1032
1035
1042
1029
1025
1038
1033
1036
1035
1030
1026
1035
1041
1034
1034
1039
1043
1044
1030
1028
1023
1020
1030
1029
1027
1025
1027
1026
1024
1030
1027
1033
1032
1033
1036
1027
1028
1034
1029
1031
1042
1031
1036
1030
1028
1023
1029
1027
1028
1030
1026
1031
1025
1025
1027
1023
1030
1030
1034
1023
1035
1027
1036
1036
1025
1028
1034
1035
1039
1042
1039
1037
1037
1028
1035
1030
1029
1033
1035
1030
1033
1027
1032
1020
1021
1019
1032
1030
1031
1031
1038
1026
1026
1032
1027
1021
1026
1027
1025
1029
1031
1022
1018
1021
1032
1033
1035
1032
1032
1027
1031
1028
1029
1022
1025
1024
1037
1031
1030
1033
1031
1030
1032
1026
1026
1028
1029
1023
1032
1024
1029
1020
1022
1025
1014
1015
1021
1022
1020
1023
1025
1020
1027
1023
1020
1032
1041
1034
1029
1033
1033
1036
1033
1033
1023
1035
1036
1028
1021
1022
1025
1026
1031
1026
1019
1025
1021
1034
1028
1022
1024
1030
1034
1025
1024
1029
1028
1037
1029
1026
1025
1026
1037
1024
1023
1035
1034
1030
1037
1034
1027
1039
1034
1034
1033
1035
1034
1035
1030
1029
1032
1032
1036
1022
1028
1031
1029
1027
1024
1029
1033
1031
1030
1029
1031
1030
1034
1038
1040
1028
1020
1031
1040
1035
1036
1033
1029
1030
1036
1037
1039
1030
1036
1041
1036
1031
1039
1034
1038
1035
1033
1037
1035
1034
1039
1031
1029
1027
1028
1028
1030
1025
1029
1032
1033
1025
1028
1023
1025
1026
1022
1028
1030
1029
1032
1033
1025
1030
1028
1030
1022
1025
1030
1025
1030
1023
1030
1029
1024
1031
1028
1029
1024
1021
1028
1029
1017
1028
1029
1029
1029
1025
1026
1027
1025
1025
1024
1031
1031
1030
1029
1017
1028
1019
1017
1028
1022
1024
1018
1030
1031
1029
1025
1018
1014
1015
1017
1022
1024
1021
1012
1019
1015
1016
1022
1020
1015
1029
1028
1030
1030
1026
1023
1030
1028
1028
1020
1024
1033
1030
1037
1029
1033
1034
1032
1031
1032
1021
1035
1034
1032
1030
1029
1027
1023
1027
1022
1024
1025
1027
1026
1023
1024
1021
1023
1018
1022
1024
1023
1023
1026
1031
1028
1025
1034
1030
1032
1036
1030
1032
1027
1018
1029
1033
1040
1041
1036
1037
1036
1042
1040
1037
1039
1033
1043
1033
1035
1042
1043
1043
1048
1045
1046
1047
1036
1049
1042
1045
1045
1044
1036
1037
1041
1038
1037
1039
1050
1042
1048
1044
1044
1044
1043
1047
1049
1049
1053
1054
1048
1054
1050
1047
1048
1046
1043
1050
1050
1039
1038
1045
1055
1043
1042
1048
1039
1048
1040
1037
1045
1043
1042
1044
1042
1044
1045
1044
1043
1045
1044
1037
1050
1043
1046
1047
1044
1043
1043
1051
1048
1052
1048
1043
1051
1052
1050
1055
1056
1046
1054
1051
1048
1039
1046
1045
1050
1045
1043
1040
1045
1045
1035
1042
1039
1049
1045
1047
1047
1038
1044
1044
1042
1039
1051
1050
1053
1043
1053
1046
1055
1051
1050
1057
1053
1054
1051
1048
1051
1055
1050
1051
1052
1053
1052
1052
1053
1054
1054
1048
1046
1042
1046
1052
1050
1050
1060
1048
1054
1049
1040
1052
1050
1051
1048
1045
1037
1041
1046
1044
1048
1053
1046
1050
1049
1049
1053
1048
1042
1054
1048
1040
1043
1050
1047
1044
1044
1039
1049
1044
1041
1040
1041
1047
1040
1045
1033
1045
1043
1035
1038
1036
1038
1044
1034
1046
1036
1040
1041
1043
1042
1035
1030
1033
1031
1040
1032
1047
1045
1040
1042
1038
1051
1041
1046
1046
1047
1039
1032
1040
1038
1037
1049
1040
1044
1046
1044
1040
1040
1042
1034
1034
1041
1029
1041
1034
1043
1037
1041
1042
1037
1036
1044
1040
1042
1045
1046
1049
1047
1039
1040
1047
1051
1046
1047
1042
1042
1043
1044
1049
1049
1033
1042
1041
1038
1041
1043
1045
1039
1043
1041
1036
1036
1039
1037
1031
1033
1036
1034
1036
1040
1039
1041
1035
1040
1044
1042
1036
1044
1043
1041
1041
1041
1037
1045
1040
1044
1037
1039
1039
1046
1049
1046
1050
1046
1046
1044
1041
1037
1036
1043
1050
1051
1044
1045
1043
1043
1048
1043
1049
1048
1043
1046
1039
1040
1052
1055
1050
1044
1051
1040
1047
1057
1050
1049
1039
1038
1041
1039
1038
1036
1034
1043
1047
1044
1035
1035
1040
1041
1039
1032
1045
1035
1042
1043
1037
1030
1041
1031
1041
1039
1043
1041
1043
1040
1033
1047
1040
1051
1041
1046
1031
1034
1036
1040
1038
1047
1041
1037
1039
1037
1044
1048
1047
1037
1038
1040
1038
1041
1038
1031
1032
1035
1027
1033
1035
1044
1026
1029
1027
1021
1022
1022
1027
1031
1032
1024
1030
1027
1038
1031
1031
1025
1029
1028
1026
1033
1029
1030
1031
1030
1035
1037
1029
1028
1031
1032
1027
1028
1034
1025
1034
1028
1031
1031
1034
1033
1031
1036
1034
1038
1038
1030
1024
1032
1030
1031
1038
1040
1041
1032
1028
1038
1039
1044
1040
1037
1043
1039
1050
1047
1044
1043
1043
1035
1035
1046
1048
1044
1046
1037
1035
1039
1042
1042
1037
1041
1037
1035
1041
1034
1036
1035
1039
1031
1036
1036
1036
1031
1025
1025
1041
1042
1047
1047
1049
1045
1043
1040
1041
1041
1042
1042
1036
1041
1039
1042
1036
1037
1039
1041
1044
1043
1037
1036
1042
1034
1044
1040
1041
1044
1046
1043
1044
1043
1031
1042
1035
1036
1043
1042
1040
1035
1029
1039
1029
1026
1036
1033
1030
1038
1031
1038
1037
1035
1033
1039
1036
1046
1027
1031
1034
1035
1037
1035
1027
1034
1032
1038
1037
1037
1028
1040
1029
1035
1038
1039
1036
1036
1048
1049
1035
1032
1036
1041
1036
1038
1038
1040
1038
1031
1032
1031
1039
1042
1034
1044
1037
1035
1040
1044
1034
1039
1037
1037
1036
1038
1039
1035
1038
1049
1049
1050
1043
1042
1040
1040
1045
1033
1040
1031
1034
1025
1026
1028
1038
1037
1038
1038
1039
1038
1035
1037
1038
1037
1036
1034
1041
1036
1044
1038
1041
1040
1040
1046
1036
1043
1045
1043
1041
1035
1038
1032
1034
1038
1034
1036
1036
1038
1023
1027
1035
1037
1036
1033
1038
1038
1027
1036
1040
1036
1039
1036
1032
1042
1041
1034
1046
1035
1048
1033
1041
1038
1043
1032
1034
1031
1038
1044
1031
1043
1043
1035
1036
1040
1034
1038
1032
1037
1043
1038
1039
1032
1036
1037
1032
1036
1043
1036
1036
1033
1030
1036
1039
1036
1031
1035
1041
1034
1033
1033
1031
1037
1036
1030
1021
1027
1019
1033
1026
1033
1033
1033
1033
1038
1040
1039
1037
1029
1031
1039
1048
1031
1038
1036
1041
1027
1041
1039
1040
1045
1038
1043
1047
1043
1041
1039
1048
1050
1039
1041
1037
1033
1045
1042
1047
1039
1039
1039
1038
1042
1035
1042
1039
1035
1032
1041
1037
1038
1041
1040
1041
1043
1041
1041
1044
1041
1041
1045
1046
1042
1041
1045
1039
1041
1041
1044
1040
1045
1039
1041
1043
1041
1035
1037
1036
1042
1036
1035
1041
1049
1048
1042
1048
1040
1043
1050
1043
1041
1041
1033
1046
1045
1039
1034
1050
1050
1042
1045
1045
1037
1040
1039
1043
1045
1047
1045
1054
1052
1048
1047
1040
1052
1043
1051
1051
1050
1052
1047
1054
1048
1043
1042
1052
1047
1040
1039
1038
1043
1047
1041
1042
1045
1056
1044
1035
1042
1037
1043
1046
1039
1039
1039
1046
1044
1041
1046
1047
1043
1044
1041
1042
1041
1043
1038
1041
1040
1053
1048
1052
1038
1036
1035
1049
1047
1048
1042
1052
1041
1045
1043
1050
1045
1044
1048
1043
1040
1043
1045
1045
1039
1052
1041
1037
1045
1040
1044
1049
1051
1051
1039
1047
1048
1051
1045
1035
1042
1041
1043
1038
1048
1045
1031
1048
1048
1031
1039
1049
1045
1046
1041
1045
1046
1046
1040
1045
1046
1041
1040
1045
1037
1039
1036
1041
1026
1032
1043
1037
1024
1033
1033
1042
1037
1042
1041
1033
1035
1046
1035
1039
1034
1038
1036
1040
1028
1029
1029
1029
1034
1032
1033
1039
1031
1032
1033
1028
1032
1034
1029
1038
1039
1034
1039
1038
1039
1034
1032
1037
1037
1035
1031
1037
1044
1035
1036
1031
1036
1039
1039
1038
1038
1033
1034
1043
1035
1040
1032
1041
1036
1034
1034
1029
1042
1036
1044
1037
1033
1037
1042
1036
1029
1036
1036
1041
1041
1041
1039
1037
1036
1036
1029
1029
1030
1030
1038
1029
1029
1031
1032
1039
1035
1035
1031
1032
1028
1024
1030
1033
1035
1034
1034
1030
1033
1039
1042
1036
1042
1038
1036
1036
1039
1035
1037
1045
1040
1040
1043
1041
1042
1040
1037
1037
1034
1032
1041
1040
1041
1038
1047
1045
1049
1047
1045
1045
1048
1040
1046
1044
1042
1042
1037
1035
1044
1042
1040
1043
1049
1043
1044
1035
1044
1040
1035
1031
1030
1036
1034
1039
1044
1045
1038
1041
1044
1042
1052
1045
1038
1051
1040
1038
1045
1038
1042
1044
1048
1049
1043
1044
1044
1044
1034
1048
1039
1046
1047
1042
1038
1041
1044
1043
1035
1038
1045
1046
1042
1038
1039
1032
1040
1036
1042
1039
1036
1039
1038
1044
1038
1034
1042
1039
1045
1033
1034
1031
1035
1035
1033
1037
1040
1039
1032
1039
1038
1034
1032
1037
1041
1039
1038
1037
1046
1042
1043
1046
1047
1041
1039
1043
1030
1049
1038
1040
1040
1034
1035
1040
1034
1033
1039
1038
1035
1046
1040
1038
1048
1037
1036
1034
1030
1032
1037
1033
1032
1035
1034
1037
1038
1042
1049
1040
1038
1035
1033
1041
1039
1035
1039
1044
1037
1041
1040
1037
1034
1043
1047
1045
1046
1047
1042
1041
1040
1043
1051
1042
1049
1039
1038
1044
1038
1045
1043
1041
1049
1042
1048
1040
1043
1052
1038
1048
1042
1039
1040
1031
1051
1051
1040
1035
1038
1045
1043
1030
1042
1033
1038
1042
1041
1038
1041
1030
1039
1027
1035
1036
1031
1042
1037
1028
1034
1033
1032
1043
1042
1040
1036
1032
1041
1029
1037
1039
1040
1034
1032
1043
1038
1035
1036
1028
1034
1027
1034
1028
1035
1028
1040
1039
1042
1038
1042
1036
1035
1037
1034
1040
1033
1033
1030
1036
1031
1031
1035
1022
1030
1038
1029
1042
1028
1029
1030
1024
1030
1024
1029
1036
1034
1039
1027
1033
1030
1039
1032
1043
1040
1033
1033
1029
1033
1039
1034
1035
1039
1040
1032
1041
1029
1031
1035
1026
1031
1039
1040
1036
1036
1037
1043
1031
1034
1035
1027
1036
1031
1032
1031
1035
1034
1033
1035
1037
1041
1041
1028
1031
1039
1034
1035
1036
1033
1038
1038
1038
1034
1039
1041
1038
1033
1037
1042
1029
1041
1040
1033
1038
1042
1042
1042
1035
1049
1034
1036
1038
1033
1041
1044
1036
1042
1040
1039
1035
1041
1042
1040
1039
1040
1040
1039
1040
1039
1035
1034
1037
1027
1040
1028
1028
1044
1037
1033
1034
1034
1031
1027
1042
1033
1027
1031
1032
1034
1035
1037
1046
1034
1037
1035
1035
1038
1040
1035
1041
1040
1041
1046
1045
1037
1039
1039
1038
1044
1042
1040
1036
1034
1035
1043
1040
1027
1029
1028
1036
1033
1035
1040
1039
1037
1034
1034
1035
1036
1038
1031
1038
1042
1032
1034
1035
1035
1039
1040
1038
1034
1036
1042
1039
1041
1041
1032
1037
1045
1037
1035
1029
1034
1029
1036
1033
1034
1038
1032
1037
1023
1035
1033
1034
1035
1033
1029
1041
1034
1024
1032
1032
1037
1038
1033
1042
1041
1040
1038
1036
1042
1039
1041
1047
1043
1040
1046
1040
1045
1043
1044
1047
1050
1036
1049
1043
1039
1044
1049
1031
1030
1033
1037
1033
1035
1037
1042
1043
1036
1034
1041
1039
1035
1035
1035
1042
1032
1036
1031
1034
1041
1030
1034
1025
1033
1031
1035
1034
1038
1036
1044
1046
1036
1035
1046
1042
1040
1041
1039
1033
1034
1042
1041
1035
1033
1035
1031
1037
1035
1028
1038
1031
1031
1031
1034
1028
1030
1031
1026
1028
1039
1040
1035
1038
1033
1032
1033
1032
1036
1037
1034
1040
1029
1029
1037
1036
1038
1042
1037
1041
1039
1046
1033
1043
1043
1042
1043
1039
1035
1034
1038
1039
1037
1032
1033
1035
1041
1047
1048
1050
1042
1043
1039
1039
1036
1036
1042
1041
1031
1044
1038
1041
1043
1043
1043
1049
1045
1045
1044
1038
1046
1045
1039
1035
1041
1035
1036
1025
1030
1028
1027
1038
1030
1035
1045
1039
1030
1037
1044
1040
1038
1039
1038
1040
1031
1039
1042
1030
1039
1037
1037
1026
1030
1031
1033
1035
1032
1038
1036
1031
1027
1036
1035
1035
1041
1040
1045
1040
1035
1043
1031
1032
1033
1033
1032
1036
1041
1040
1044
1037
1036
1039
1038
1042
1040
1037
1035
1041
1037
1046
1042
1044
1043
1044
1045
1039
1044
1044
1047
1045
1038
1039
1042
1047
1046
1038
1046
1040
1041
1046
1053
1048
1051
1042
1047
1047
1048
1048
1048
1044
1043
1046
1052
1041
1043
1041
1037
1050
1036
1046
1046
1040
1058
1047
1046
1049
1041
1041
1050
1044
1041
1037
1039
1036
1041
1049
1048
1045
1037
1041
1041
1045
1036
1041
1045
1047
1045
1047
1047
1045
1042
1052
1048
1052
1055
1055
1056
1049
1040
1047
1044
1048
1045
1052
1045
1045
1054
1048
1048
1047
1058
1052
1050
1042
1047
1046
1050
1056
1052
1047
1053
1049
1059
1051
1051
1049
1056
1060
1054
1049
1052
1044
1049
1051
1048
1050
1050
1055
1056
1047
1049
1050
1053
1055
1053
1054
1043
1051
1057
1055
1064
1053
1056
1042
1054
1049
1042
1044
1050
1059
1055
1048
1054
1054
1052
1053
1058
1046
1055
1056
1046
1038
1048
1044
1043
1057
1044
1040
1049
1045
1044
1041
1048
1043
1050
1049
1044
1046
1044
1052
1045
1053
1048
1047
1042
1049
1042
1042
1044
1035
1043
1047
1037
1047
1049
1051
1051
1045
1043
1049
1047
1049
1050
1051
1049
1048
1043
1042
1045
1054
1048
1054
1052
1051
1050
1051
1056
1048
1048
1050
1048
1050
1053
1055
1041
1050
1051
1050
1050
1045
1036
1044
1046
1049
1048
1042
1044
1050
1043
1040
1044
1048
1043
1045
1045
1044
1044
1044
1034
1044
1048
1047
1049
1045
1042
1048
1047
1047
1045
1044
1049
1047
1048
1052
1046
1055
1045
1045
1050
1053
1056
1054
1044
1049
1056
1043
1051
1049
1055
1056
1047
1051
1045
1046
1046
1051
1047
1047
1049
1042
1045
1051
1051
1055
1058
1058
1053
1046
1050
1053
1049
1041
1049
1043
1045
1048
1049
1056
1049
1039
1045
1038
1052
1050
1037
1048
1038
1043
1040
1045
1041
1044
1048
1050
1051
1048
1052
1052
1040
1053
1041
1040
1044
1053
1046
1052
1041
1050
1045
1051
1056
1054
1054
1046
1051
1050
1050
1060
1060
1054
1054
1051
1048
1050
1047
1057
1053
1049
1054
1061
1058
1058
1050
1054
1051
1056
1050
1044
1049
1049
1043
1057
1050
1052
1042
1043
1050
1041
1046
1056
1055
1047
1046
1042
1039
1046
1049
1052
1045
1052
1052
1037
1040
1048
1043
1052
1043
1043
1037
1040
1043
1043
1034
1043
1039
1037
1051
1046
1043
1055
1045
1045
1040
1053
1046
1049
1046
1051
1040
1054
1052
1039
1050
1048
1044
1049
1040
1046
1043
1041
1050
1045
1045
1053
1048
1033
1040
1038
1043
1041
1043
1054
1045
1044
1048
1049
1045
1040
1050
1047
1056
1051
1045
1053
1044
1046
1049
1044
1047
1047
1043
1055
1056
1049
1051
1051
1048
1045
1044
1052
1058
1050
1051
1054
1052
1055
1057
1049
1054
1042
1056
1055
1057
1052
1044
1057
1048
1052
1050
1047
1049
1051
1046
1051
1040
1046
1048
1049
1049
1046
1050
1045
1051
1049
1047
1048
1048
1053
1054
1051
1051
1048
1047
1050
1045
1050
1052
1057
1052
1052
1058
1044
1053
1055
1052
1044
1050
1053
1049
1051
1055
1052
1052
1053
1051
1056
1049
1059
1060
1060
1057
1055
1048
1046
1045
1048
1040
1041
1053
1051
1047
1049
1054
1053
1049
1053
1051
1058
1058
1054
1049
1059
1052
1050
1050
1052
1052
1054
1053
1055
1048
1051
1049
1050
1052
1053
1057
1050
1054
1065
1060
1055
1050
1056
1051
1047
1046
1045
1051
1044
1044
1049
1046
1053
1050
1045
1046
1048
1050
1059
1051
1049
1052
1047
1044
1049
1054
1050
1044
1043
1047
1046
1051
1044
1046
1050
1047
1045
1046
1045
1044
1056
1048
1042
1054
1050
1051
1050
1046
1054
1046
1051
1047
1055
1055
1048
1054
1046
1047
1052
1055
1052
1049
1049
1045
1042
1046
1043
1049
1048
1045
1043
1042
1042
1045
1048
1046
1039
1039
1040
1032
1046
1039
1045
1041
1046
1053
1042
1040
1048
1049
1050
1052
1047
1049
1046
1049
1049
1053
1053
1041
1043
1046
1058
1048
1046
1044
1049
1045
1049
1045
1047
1046
1040
1040
1050
1044
1049
1046
1041
1037
1043
1044
1046
1045
1045
1046
1041
1047
1039
1042
1046
1045
1039
1046
1046
1039
1044
1051
1047
1047
1047
1042
1043
1047
1049
1051
1044
1056
1050
1054
1052
1047
1048
1045
1053
1043
1047
1051
1054
1052
1044
1049
1052
1043
1054
1044
1047
1047
1049
1050
1057
1053
1058
1053
1052
1044
1043
1039
1039
1048
1041
1044
1046
1051
1052
1042
1048
1043
1051
1047
1044
1050
1053
1046
1054
1047
1051
1050
1051
1049
1052
1051
1048
1053
1052
1054
1052
1053
1057
1047
1044
1043
1050
1059
1051
1047
1052
1051
1052
1062
1052
1047
1055
1051
1056
1052
1057
1052
