1002
998
1002
1002
998
999
1000
1004
1002
990
995
991
999
990
996
1001
1005
1007
1009
1004
1010
1012
1007
1005
997
993
999
994
994
999
997
999
991
998
1000
1007
994
1000
999
1003
1002
1015
1010
1006
1007
1000
1000
1009
1010
994
1003
1000
1001
1008
1010
999
1001
1005
990
993
1002
1008
1002
1001
1015
1005
1005
997
1002
1012
1011
1002
1001
1003
1006
1010
1012
1017
1015
1007
1006
1008
1012
1008
1015
1008
1013
1011
1016
1004
1015
1013
1018
1020
1013
1017
1017
1022
1016
1021
1021
1015
1016
1026
1023
1020
1017
1011
1018
1026
1012
1015
1018
1024
1017
1023
1020
1020
1017
1017
1023
1013
1013
1019
1011
1007
1017
1016
1011
1004
1009
1008
1001
1000
1012
1009
1008
1014
1010
1010
1011
1011
1014
1009
1014
1013
1012
1021
1013
1013
1004
1008
1007
1015
1012
1003
1009
1013
1011
1016
1008
1007
998
1005
1006
1003
1009
1002
1010
997
1010
1003
1007
1004
1007
1015
1020
1012
1024
1020
1015
1017
1018
1009
1023
1013
1016
1014
1007
1015
1014
1008
1011
1014
1022
1015
1019
1019
1025
1031
1029
1033
1038
1038
1033
1033
1033
1038
1037
1035
1038
1031
1029
1027
1030
1036
1038
1032
1036
1035
1031
1030
1031
1034
1029
1033
1038
1034
1023
1033
1032
1035
1039
1039
1037
1040
1036
1036
1042
1040
1038
1037
1035
1037
1037
1035
1040
1037
1039
1035
1032
1042
1030
1034
1045
1043
1036
1039
1040
1038
1034
1037
1040
1041
1036
1042
1048
1044
1042
1042
1035
1043
1030
1044
1039
1034
1031
1029
1036
1041
1034
1037
1031
1037
1039
1033
1036
1035
1030
1027
1032
1038
1040
1046
1036
1037
1039
1039
1032
1034
1030
1038
1032
1037
1033
1038
1039
1029
1037
1042
1037
1026
1037
1039
1031
1044
1040
1036
1042
1044
1036
1040
1040
1038
1038
1039
1034
1037
1031
1044
1037
1038
1036
1044
1039
1032
1037
1037
1037
1046
1046
1044
1038
1042
1050
1038
1040
1038
1048
1042
1046
1040
1037
1037
1046
1039
1047
1049
1048
1045
1048
1046
1054
1049
1043
1041
1052
1053
1049
1053
1049
1051
1056
1049
1049
1042
1045
1044
1050
1045
1046
1041
1037
1045
1048
1048
1049
1046
1045
1050
1050
1056
1048
1051
1040
1051
1055
1051
1035
1045
1056
1057
1052
1045
1048
1051
1044
1047
1050
1043
1045
1052
1044
1037
1041
1049
1036
1047
1029
1034
1039
1041
1033
1049
1043
1041
1040
1048
1052
1047
1056
1053
1050
1053
1056
1047
1046
1051
1045
1038
1047
1051
1047
1051
1049
1051
1061
1053
1048
1066
1054
1053
1048
1049
1053
1049
1046
1050
1055
1049
1037
1049
1046
1043
1050
1053
1043
1039
1028
1040
1026
1040
1036
1035
1038
1044
1043
1040
1045
1043
1044
1043
1039
1040
1040
1042
1036
1026
1037
1037
1035
1042
1042
1043
1045
1035
1043
1038
1042
1031
1036
1039
1031
1037
1038
1039
1041
1048
1041
1041
1035
1038
1043
1026
1038
1033
1037
1037
1048
1044
1037
1038
1049
1042
1044
1047
1039
1045
1041
1042
1039
1042
1041
1045
1050
1040
1041
1044
1042
1045
1046
1039
1041
1035
1041
1034
1032
1039
1048
1038
1035
1037
1032
1038
1034
1034
1036
1041
1044
1044
1041
1039
1042
1046
1035
1032
1035
1038
1032
1040
1044
1035
1038
1041
1049
1038
1041
1051
1033
1046
1049
1043
1034
1040
1039
1036
1036
1042
1045
1042
1041
1041
1045
1035
1043
1036
1035
1042
1046
1037
1038
1044
1039
1047
1043
1040
1047
1052
1046
1047
1037
1044
1046
1056
1052
1045
1036
1049
1044
1040
1047
1048
1043
1040
1045
1040
1042
1042
1052
1048
1045
1049
1047
1045
1049
1055
1047
1059
1045
1051
1047
1054
1046
1050
1044
1049
1043
1051
1045
1047
1041
1044
1049
1048
1043
1041
1046
1046
1047
1035
1042
1050
1055
1048
1041
1049
1056
1049
1043
1049
1042
1047
1047
1047
1047
1044
1038
1035
1043
1037
1042
1037
1034
1038
1036
1042
1037
1033
1041
1038
1038
1029
1039
1036
1034
1036
1038
1049
1046
1040
1036
1038
1044
1040
1031
1041
1043
1042
1045
1043
1045
1045
1047
1044
1048
1037
1046
1047
1043
1038
1039
1041
1042
1039
1036
1042
1041
1039
1037
1043
1043
1045
1042
1045
1044
1038
1040
1042
1039
1036
1037
1038
1038
1037
1040
1031
1034
1039
1037
1037
1040
1037
1043
1039
1044
1042
1041
1042
1035
1039
1034
1034
1039
1043
1040
1047
1043
1048
1042
1044
1052
1038
1041
1046
1048
1054
1049
1033
1047
1033
1048
1042
1051
1049
1048
1049
1055
1044
1055
1045
1046
1048
1046
1040
1042
1049
1053
1051
1055
1047
1050
1038
1038
1046
1040
1040
1036
1033
1041
1037
1037
1035
1036
1038
1032
1037
1044
1037
1031
1029
1032
1033
1044
1042
1035
1034
1036
1036
1036
1041
1038
1031
1040
1040
1043
1054
1048
1046
1048
1049
1045
1046
1052
1045
1046
1040
1049
1039
1038
1047
1050
1056
1045
1051
1054
1050
1046
1037
1043
1043
1038
1044
1041
1057
1049
1039
1040
1039
1049
1041
1047
1048
1039
1038
1043
1051
1053
1053
1057
1049
1046
1052
1049
1050
1046
1054
1051
1051
1048
1042
1047
1045
1052
1058
1057
1049
1051
1048
1041
1045
1044
1049
1047
1043
1044
1047
1050
1051
1043
1053
1046
1046
1056
1053
1051
1052
1061
1058
1047
1057
1057
1049
1053
1049
1050
1051
1051
1048
1051
1050
1044
1045
1038
1044
1045
1052
1057
1051
1048
1046
1053
1049
1044
1051
1051
1048
1053
1052
1045
1053
1049
1055
1056
1050
1054
1048
1054
1054
1051
1054
1054
1059
1059
1054
1056
1060
1055
1054
1054
1046
1050
1040
1047
1044
1047
1055
1049
1049
1052
1049
1055
1053
1052
1052
1050
1044
1052
1047
1051
1044
1047
1054
1058
1048
1046
1042
1037
1035
1040
1035
1041
1035
1039
1039
1043
1046
1041
1041
1044
1052
1046
1048
1045
1043
1039
1042
1045
1048
1047
1036
1045
1045
1041
1053
1059
1055
1050
1046
1044
1049
1047
1049
1042
1043
1047
1038
1031
1033
1037
1047
1040
1041
1045
1043
1042
1046
1040
1036
1045
1052
1046
1052
1043
1042
1042
1040
1046
1047
1049
1046
1038
1038
1045
1047
1049
1053
1051
1046
1046
1046
1050
1045
1043
1045
1052
1045
1048
1046
1041
1045
1037
1042
1044
1047
1041
1047
1044
1038
1041
1042
1047
1048
1044
1050
1050
1049
1046
1048
1047
1046
1046
1046
1046
1051
1047
1051
1047
1045
1042
1042
1044
1043
1040
1049
1043
1040
1052
1047
1039
1042
1044
1046
1051
1046
1058
1053
1045
1044
1046
1043
1038
1048
1048
1043
1035
1034
1024
1043
1036
1036
1040
1035
1038
1035
1044
1041
1044
1049
1041
1042
1035
1034
1041
1032
1032
1044
1041
1044
1035
1044
1045
1040
1041
1036
1041
1041
1042
1046
1048
1042
1037
1050
1045
1049
1051
1054
1060
1048
1044
1053
1050
1048
1049
1043
1050
1045
1050
1055
1048
1046
1042
1051
1052
1047
1046
1048
1040
1043
1047
1047
1052
1046
1042
1043
1045
1049
1047
1047
1051
1044
1039
1044
1048
1039
1043
1044
1045
1043
1050
1049
1046
1049
1047
1052
1048
1047
1052
1052
1051
1050
1050
1050
1050
1060
1046
1051
1055
1057
1055
1057
1063
1051
1059
1057
1061
1052
1049
1057
1047
1049
1053
1046
1053
1051
1050
1050
1051
1056
1045
1058
1056
1054
1052
1056
1050
1049
1050
1047
1051
1051
1050
1051
1052
1048
1057
1051
1051
1054
1052
1060
1061
1051
1060
1047
1050
1059
1059
1041
1045
1062
1050
1047
1041
1049
1049
1046
1050
1053
1055
1046
1048
1052
1045
1044
1048
1048
1052
1044
1051
1054
1046
1049
1052
1047
1049
1054
1055
1053
1057
1054
1059
1052
1049
1051
1055
1051
1051
1054
1060
1048
1051
1055
1055
1051
1050
1055
1050
1056
1058
1052
1054
1061
1053
1066
1046
1055
1054
1055
1060
1058
1047
1064
1066
1063
1051
1055
1054
1057
1054
1059
1056
1057
1062
1054
1060
1057
1054
1070
1066
1055
1067
1054
1060
1058
1062
1054
1054
1054
1056
1044
1053
1056
1045
1046
1054
1059
1063
1054
1050
1048
1063
1051
1055
1054
1056
1049
1054
1058
1051
1050
1051
1045
1048
1054
1048
1051
1047
1051
1062
1051
1049
1053
1050
1052
1056
1050
1052
1048
1058
1056
1048
1056
1059
1052
1059
1052
1061
1051
1057
1054
1055
1060
1048
1055
1053
1058
1059
1058
1059
1054
1058
1057
1055
1055
1052
1041
1055
1056
1061
1062
1048
1051
1057
1047
1054
1045
1046
1047
1054
1050
1048
1043
1045
1049
1055
1042
1043
1046
1046
1046
1044
1039
1047
1057
1047
1048
1055
1044
1049
1045
1050
1047
1049
1059
1052
1055
1044
1048
1057
1052
1054
1055
1051
1052
1050
1039
1047
1052
1051
1043
1050
1056
1063
1051
1054
1057
1056
1048
1043
1047
1051
1060
1050
1049
1042
1050
1047
1054
1059
1059
1058
1052
1051
1049
1058
1064
1061
1062
1062
1055
1057
1052
1057
1059
1053
1062
1061
1063
1055
1061
1056
1052
1061
1054
1052
1057
1052
1058
1048
1051
1057
1058
1051
1053
1055
1052
1051
1051
1058
1054
1049
1056
1056
1048
1061
1056
1059
1058
1051
1060
1051
1060
1052
1049
1048
1055
1056
1058
1051
1056
1055
1047
1049
1046
1043
1050
1048
1053
1049
1060
1047
1050
1045
1052
1049
1048
1048
1042
1055
1047
1047
1050
1050
1047
1049
1052
1049
1050
1047
1043
1050
1051
1055
1050
1053
1049
1051
1047
1058
1052
1051
1056
1049
1048
1049
1050
1046
1052
1054
1045
1058
1058
1055
1054
1054
1054
1051
1048
1055
1055
1048
1057
1048
1045
1037
1055
1051
1056
1046
1051
1053
1051
1051
1055
1046
1043
1040
1050
1055
1054
1055
1052
1044
1042
1045
1047
1046
1049
1043
1052
1046
1057
1044
1050
1044
1049
1048
1057
1049
1051
1054
1054
1043
1048
1036
1049
1035
1051
1053
1046
1052
1043
1040
1043
1049
1048
1044
1046
1049
1040
1039
1047
1045
1048
1041
1047
1045
1047
1043
1042
1039
1038
1036
1046
1039
1044
1043
1042
1049
1038
1041
1038
1033
1042
1035
1032
1034
1038
1036
1038
1036
1043
1044
1040
1041
1042
1038
1038
1040
1045
1044
1036
1045
1051
1043
1040
1045
1046
1045
1044
1043
1048
1046
1043
1044
1040
1053
1035
1037
1050
1040
1037
1044
1047
1035
1040
1031
1039
1041
1037
1046
1040
1038
1039
1046
1034
1035
1039
1044
1040
1045
1041
1041
1033
1040
1042
1044
1042
1046
1046
1043
1039
1043
1042
1043
1036
1038
1041
1041
1039
1048
1038
1044
1039
1037
1041
1043
1046
1044
1033
1033
1036
1042
1044
1042
1043
1036
1037
1042
1043
1046
1044
1042
1042
1042
1039
1048
1044
1047
1037
1049
1044
1038
1051
1044
1051
1042
1045
1048
1035
1040
1038
1036
1041
1040
1052
1047
1050
1052
1046
1044
1050
1051
1048
1043
1047
1044
1039
1049
1048
1045
1044
1048
1043
1045
1039
1042
1041
1048
1047
1047
1052
1045
1047
1047
1052
1044
1046
1050
1044
1045
1057
1045
1046
1053
1056
1043
1049
1048
1049
1052
1045
1046
1055
1055
1051
1049
1055
1055
1053
1050
1050
1045
1051
1058
1046
1046
1046
1044
1042
1048
1044
1051
1052
1041
1051
1053
1050
1052
1050
1052
1048
1054
1047
1048
1046
1049
1047
1045
1049
1058
1056
1056
1052
1046
1052
1057
1050
1049
1052
1053
1047
1044
1047
1045
1048
1040
1047
1046
1048
1050
1052
1059
1050
1052
1049
1040
1041
1047
1045
1046
1047
1045
1050
1049
1049
1052
1051
1045
1053
1043
1051
1053
1040
1046
1048
1053
1043
1052
1047
1043
1050
1046
1051
1051
1051
1045
1044
1048
1046
1046
1043
1050
1048
1049
1042
1055
1052
1054
1043
1039
1055
1043
1044
1047
1050
1045
1049
1038
1046
1052
1055
1053
1053
1056
1045
1047
1046
1050
1045
1042
1045
1046
1047
1044
1049
1046
1046
1044
1040
1047
1043
1042
1038
1040
1047
1041
1042
1037
1043
1045
1040
1053
1045
1039
1042
1042
1045
1040
1038
1045
1046
1045
1049
1042
1049
1042
1039
1049
1037
1048
1043
1039
1045
1032
1042
1045
1035
1043
1038
1048
1037
1038
1048
1035
1037
1045
1038
1038
1041
1040
1042
1042
1041
1045
1040
1034
1044
1045
1037
1043
1045
1048
1041
1041
1047
1042
1046
1046
1047
1045
1045
1047
1049
1052
1057
1045
1051
1042
1046
1055
1051
1050
1052
1051
1052
1052
1053
1051
1045
1054
1048
1051
1048
1049
1052
1057
1060
1050
1053
1048
1054
1048
1052
1047
1046
1040
1050
1049
1043
1035
1047
1037
1037
1042
1043
1046
1050
1046
1045
1047
1042
1043
1055
1045
1056
1051
1048
1049
1054
1052
1047
1049
1047
1045
1037
1044
1046
1052
1044
1040
1047
1053
1045
1042
1049
1041
1045
1043
1043
1044
1043
1043
1048
1048
1045
1045
1037
1041
1040
1048
1039
1044
1042
1047
1042
1040
1053
1043
1047
1042
1041
1038
1046
1041
1042
1039
1045
1043
1043
1042
1047
1043
1045
1035
1043
1036
1039
1044
1049
1054
1049
1042
1050
1043
1049
1045
1048
1039
1040
1042
1040
1038
1037
1048
1037
1039
1046
1045
1044
1049
1041
1043
1049
1046
1047
1049
1040
1046
1044
1046
1044
1039
1038
1042
1033
1038
1041
1043
1040
1044
1045
1040
1042
1038
1039
1035
1041
1040
1043
1040
1040
1040
1046
1046
1037
1043
1033
1035
1038
1042
1036
1042
1040
1040
1037
1047
1042
1041
1039
1040
1043
1041
1039
1035
1039
1045
1044
1042
1043
1050
1040
1046
1047
1037
1031
1034
1039
1045
1037
1036
1039
1043
1051
1040
1046
1044
1036
1047
1043
1043
1048
1038
1036
1043
1041
1038
1042
1040
1044
1042
1038
1042
1037
1044
1041
1041
1038
1043
1040
1043
1047
1042
1046
1041
1048
1044
1045
1047
1048
1044
1049
1058
1044
1047
1049
1046
1049
1046
1045
1044
1048
1034
1042
1045
1037
1036
1041
1044
1042
1045
1033
1036
1039
1035
1043
1044
1037
1034
1044
1046
1040
1041
1042
1045
1042
1043
1044
1036
1040
1045
1048
1042
1040
1042
1040
1041
1046
1043
1037
1047
1037
1040
1036
1047
1038
1036
1040
1043
1044
1049
1037
1045
1045
1039
1048
1042
1046
1042
1048
1040
1047
1041
1047
1052
1052
1051
1047
1052
1041
1044
1050
1050
1045
1043
1043
1031
1047
1043
1043
1035
1049
1043
1045
1040
1037
1046
1046
1039
1045
1040
1046
1046
1044
1040
1044
1041
1038
1042
1049
1057
1048
1044
1051
1057
1051
1050
1055
1054
1055
1057
1040
1049
1052
1049
1052
1053
1053
1050
1050
1047
1048
1048
1052
1048
1050
1053
1052
1045
1048
1057
1052
1056
1049
1052
1053
1054
1054
1049
1053
1050
1047
1046
1049
1047
1050
1052
1050
1046
1050
1052
1046
1053
1052
1054
1050
1056
1048
1048
1042
1050
1055
1053
1056
1057
1053
1051
1056
1053
1054
1055
1052
1049
1056
1055
1045
1056
1053
1055
1048
1057
1064
1050
1053
1055
1057
1052
1045
1047
1046
1062
1045
1046
1048
1047
1050
1053
1048
1057
1050
1048
1055
1053
1058
1050
1047
1057
1048
1048
1049
1048
1055
1052
1058
1053
1056
1056
1058
1053
1054
1052
1048
1052
1056
1049
1056
1056
1057
1056
1060
1051
1057
1043
1042
1058
1055
1052
1054
1049
1054
1054
1052
1052
1051
1046
1048
1047
1044
1050
1048
1049
1053
1051
1054
1048
1053
1048
1051
1055
1056
1055
1047
1059
1056
1060
1062
1068
1060
1065
1056
1056
1054
1060
1065
1060
1065
1063
1060
1060
1059
1050
1051
1047
1051
1050
1048
1055
1053
1045
1047
1051
1054
1058
1056
1049
1063
1057
1055
1056
1058
1059
1048
1057
1046
1046
1046
1050
1059
1054
1057
1049
1046
1056
1055
1064
1057
1060
1058
1055
1053
1048
1055
1050
1059
1053
1057
1054
1056
1066
1055
1058
1050
1056
1054
1053
1055
1053
1051
1054
1053
1052
1060
1058
1057
1057
1062
1057
1057
1063
1060
1063
1055
1060
1060
1067
1061
1058
1057
1053
1052
1052
1048
1054
1047
1060
1059
1056
1047
1052
1057
1051
1059
1048
1056
1064
1053
1050
1054
1053
1054
1052
1056
1053
1051
1055
1057
1058
1058
1051
1062
1060
1054
1059
1060
1054
1053
1067
1064
1059
1052
1065
1063
1049
1044
1045
1042
1040
1042
1046
1041
1042
1047
1043
1044
1045
1040
1042
1037
1036
1040
1033
1040
1036
1033
1041
1043
1034
1041
1037
1043
1044
1041
1034
1044
1035
1042
1037
1042
1046
1045
1044
1048
1047
1050
1046
1049
1038
1045
1040
1048
1047
1051
1046
1046
1043
1045
1042
1050
1050
1046
1051
1048
1048
1048
1051
1044
1040
1045
1047
1044
1056
1052
1051
1055
1041
1052
1048
1056
1054
1050
1049
1051
1052
1060
1056
1051
1055
1056
1049
1061
1051
1050
1051
1057
1056
1051
1051
1044
1044
1048
1042
1046
1043
1045
1044
1052
1051
1050
1048
1052
1050
1052
1048
1045
1047
1044
1049
1050
1046
1045
1061
1052
1050
1043
1050
1045
1050
1047
1053
1043
1042
1041
1045
1045
1049
1042
1049
1050
1050
1044
1049
1044
1048
1039
1044
1042
1046
1043
1044
1044
1052
1053
1047
1048
1054
1053
1052
1051
1053
1056
1053
1056
1050
1054
1056
1054
1054
1054
1049
1046
1053
1052
1053
1051
1055
1053
1056
1055
1054
1052
1050
1054
1050
1048
1053
1057
1053
1057
1050
1043
1053
1051
1052
1050
1049
1051
1060
1051
1052
1057
1050
1051
1057
1057
1047
1047
1048
1050
1047
1046
1042
1047
1039
1041
1040
1055
1047
1047
1053
1052
1041
1045
1045
1055
1048
1049
1041
1051
1049
1046
1048
1050
1042
1047
1045
1047
1050
1049
1056
1044
1054
1057
1045
1049
1052
1051
1047
1054
1046
1046
1047
1047
1052
1043
1051
1048
1049
1051
1053
1051
1048
1049
1053
1042
1043
1040
1050
1049
1053
1044
1041
1048
1048
1051
1050
1051
1051
1044
1052
1042
1060
1047
1053
1053
1051
1047
1056
1051
1051
1053
1049
1047
1048
1048
1043
1048
1053
1055
1047
1055
1048
1044
1044
1043
1046
1041
1045
1045
1049
1055
1052
1051
1051
1051
1051
1050
1051
1047
1049
1053
1055
1059
1052
1050
1052
1054
1054
1053
1046
1041
1049
1058
1059
1042
1052
1060
1053
1055
1045
1056
1046
1057
1050
1053
1047
1043
1040
1049
1041
1042
1044
1041
1050
1048
1043
1050
1048
1043
1046
1046
1047
1048
1045
1047
1041
1047
1043
1042
1044
1044
1047
1051
1048
1043
1059
1049
1049
1053
1053
1051
1052
1048
1052
1058
1047
1056
1045
1052
1047
1053
1046
1045
1054
1047
1049
1055
1043
1051
1044
1047
1039
1051
1045
1047
1042
1036
1050
1043
1054
1056
1050
1056
1059
1047
1048
1048
1049
1042
1042
1046
1045
1045
1038
1054
1045
1057
1049
1044
1054
1050
1047
1044
1053
1046
1057
1048
1060
1044
1047
1051
1047
1048
1055
1046
1047
1047
1051
1046
1050
1051
1049
1048
1045
1053
1054
1046
1045
1051
1049
1053
1053
1049
1048
1058
1061
1060
1062
1055
1053
1052
1049
1051
1050
1056
1051
1054
1057
1058
1048
1054
1061
1053
1047
1055
1045
1045
1051
1052
1049
1041
1044
1048
1045
1042
1046
1048
1042
1042
1041
1041
1043
1048
1057
1057
1049
1048
1050
1053
1051
1053
1052
1047
1048
1045
1050
1053
1051
1055
1049
1045
1046
1049
1049
1045
1043
1042
1041
1041
1043
1046
1043
1047
1048
1046
1052
1047
1056
1052
1044
1043
1049
1040
1035
1038
1039
1039
1039
1045
1041
1041
1049
1049
1041
1041
1046
1044
1047
1047
1050
1039
1045
1048
1042
1043
1048
1046
1042
1046
1040
1053
1052
1045
1047
1042
1049
1042
1046
1044
1034
1042
1042
1041
1043
