992
996
990
1000
991
994
994
996
995
993
996
995
989
991
994
989
994
991
1004
999
1000
991
999
1000
998
994
997
996
993
992
991
991
1000
999
995
992
994
999
995
995
991
995
997
999
992
1005
1001
994
1000
994
998
995
1000
1002
997
989
995
990
984
985
989
987
996
998
987
998
999
1003
994
997
1008
1002
1000
998
1007
1010
1000
1003
1000
1001
994
1004
1005
1001
999
994
1010
1000
995
997
995
998
990
1002
1004
993
1002
1000
1008
999
1005
1005
1009
1009
1006
1007
1006
1004
999
994
1001
1004
996
1003
1004
1003
992
989
992
991
999
1000
1003
998
1004
1006
1002
1006
996
986
997
993
1004
999
1003
996
997
1000
993
1000
989
990
998
989
1001
999
1001
1002
1010
1007
1008
996
1002
1002
997
998
998
998
999
1001
996
1004
1005
996
997
1000
992
995
1006
1005
1002
1003
1002
1007
1000
1002
990
999
995
996
999
995
999
996
997
998
1001
1002
1003
993
1006
993
1003
1010
999
1000
1002
998
995
1007
994
1001
998
1007
1002
1013
994
993
992
1000
997
1002
997
997
1000
1001
1001
1006
1002
1002
997
995
998
985
997
1001
986
992
989
994
993
1001
1002
998
997
1001
999
991
997
1001
1007
993
1000
996
994
1006
1005
997
1002
996
999
994
1000
999
995
996
1003
997
1000
1009
1009
1013
1011
1007
1010
1005
1012
1005
1007
1008
1008
1010
1006
1009
1009
1003
999
998
1004
1008
1005
1007
1006
1005
1001
1000
1003
1007
1009
1015
1011
1011
1010
994
997
1003
1000
998
1000
1000
1003
990
988
997
1000
996
993
1005
1000
1008
1002
999
1003
1001
999
1006
993
1004
1002
1003
994
999
1003
997
996
997
995
1003
1000
1003
1002
994
1001
999
1004
998
1002
1005
1003
1007
1000
1000
985
994
1007
1006
1001
1009
1004
1007
1006
994
998
1004
1006
1004
997
1001
1010
1011
1002
1004
1007
1003
1009
1008
1007
1010
1010
1013
1018
1014
1008
1001
1007
1005
1008
1006
1002
1005
996
1001
1000
1007
1001
995
998
997
1000
1005
1009
1003
1006
1009
998
1001
998
997
1003
1003
1004
1005
1007
1004
997
1013
1003
999
1013
999
1003
994
996
1001
1009
1006
1003
1005
998
996
998
1006
1006
1004
1007
1006
1005
1002
1008
1013
1009
1008
1007
1009
1008
1014
1007
1007
1012
1017
1010
1016
1005
1013
1010
1005
1011
1005
1005
1007
1005
1001
1003
1010
996
1008
1007
1000
1016
1004
1008
1000
997
1000
1001
997
995
993
1000
988
998
998
997
1001
1005
1003
1004
1010
1001
1010
1003
1003
1009
1001
1000
1004
1001
1005
1004
1007
1007
1004
1004
998
1001
1004
1005
1006
1008
999
1008
1005
1013
1005
998
999
1006
1009
1003
1010
1004
1006
1000
1004
1003
998
1003
998
1002
998
1003
1007
1003
1009
1008
1003
1011
1001
1003
1004
1006
1003
1007
1006
1000
1004
1010
1001
1003
1001
1010
1011
1007
1007
1007
1012
1006
996
999
1007
1009
1013
1010
1009
1003
1012
1004
1004
1002
1007
1016
1014
1016
1016
1006
1016
1019
1018
1011
1013
1018
1019
1020
1015
1022
1025
1013
1019
1023
1018
1018
1022
1026
1025
1018
1024
1031
1029
1025
1027
1024
1022
1029
1020
1024
1024
1023
1028
1019
1021
1025
1024
1028
1031
1022
1027
1023
1022
1023
1014
1019
1027
1030
1027
1029
1029
1032
1034
1023
1032
1029
1028
1025
1024
1027
1029
1022
1033
1034
1031
1029
1029
1030
1034
1031
1034
1035
1033
1036
1027
1021
1031
1029
1030
1042
1033
1033
1035
1033
1033
1035
1029
1026
1032
1031
1033
1032
1034
1034
1036
1033
1032
1034
1032
1032
1032
1030
1039
1029
1037
1029
1033
1027
1035
1030
1035
1035
1033
1028
1025
1019
1030
1027
1027
1032
1026
1021
1024
1021
1027
1021
1022
1033
1023
1028
1023
1023
1029
1023
1026
1017
1022
1026
1028
1034
1017
1024
1028
1034
1035
1024
1028
1016
1021
1021
1021
1015
1018
1021
1021
1017
1024
1019
1018
1014
1025
1018
1017
1017
1027
1028
1025
1026
1024
1024
1025
1025
1031
1027
1032
1025
1022
1022
1026
1023
1020
1028
1019
1024
1028
1018
1021
1029
1026
1019
1018
1023
1023
1029
1026
1024
1023
1024
1025
1026
1025
1024
1021
1022
1021
1020
1021
1013
1010
1023
1023
1027
1020
1024
1017
1025
1027
1023
1020
1023
1023
1020
1024
1028
1024
1023
1029
1023
1025
1029
1026
1029
1031
1029
1026
1023
1032
1032
1028
1023
1020
1019
1030
1026
1024
1027
1021
1025
1023
1031
1020
1024
1030
1018
1016
1025
1020
1015
1024
1024
1018
1020
1016
1009
1016
1024
1025
1021
1027
1024
1022
1027
1023
1024
1024
1017
1026
1031
1024
1023
1027
1020
1023
1031
1027
1029
1030
1020
1025
1030
1024
1032
1023
1028
1025
1028
1029
1033
1031
1028
1029
1025
1027
1020
1029
1018
1030
1026
1022
1025
1023
1033
1029
1029
1026
1031
1032
1040
1024
1038
1031
1029
1034
1028
1034
1032
1028
1030
1035
1025
1037
1028
1027
1030
1031
1035
1034
1034
1035
1036
1032
1020
1037
1042
1035
1027
1032
1041
1030
1038
1037
1040
1037
1034
1034
1036
1023
1029
1027
1034
1030
1032
1034
1034
1032
1036
1031
1031
1032
1035
1035
1032
1032
1034
1037
1027
1035
1025
1029
1034
1027
1035
1026
1033
1032
1029
1029
1029
1033
1030
1035
1033
1038
1040
1043
1041
1037
1032
1038
1030
1035
1030
1037
1027
1029
1034
1029
1023
1029
1034
1025
1027
1036
1031
1033
1029
1029
1033
1025
1021
1034
1029
1027
1033
1028
1027
1034
1032
1033
1037
1036
1024
1028
1041
1029
1033
1043
1041
1044
1040
1033
1032
1029
1042
1037
1041
1035
1043
1038
1046
1044
1031
1038
1036
1037
1034
1043
1040
1038
1033
1040
1038
1030
1037
1037
1031
1036
1036
1033
1039
1036
1041
1039
1037
1043
1036
1039
1033
1048
1047
1044
1035
1036
1040
1039
1040
1036
1040
1034
1045
1049
1043
1041
1048
1037
1042
1037
1039
1033
1039
1035
1042
1038
1035
1035
1037
1038
1038
1035
1033
1031
1041
1041
1029
1036
1036
1031
1039
1035
1028
1039
1032
1036
1026
1035
1042
1039
1040
1037
1041
1041
1041
1034
1038
1033
1039
1035
1035
1035
1033
1038
1037
1038
1033
1037
1044
1043
1038
1038
1037
1042
1037
1033
1036
1042
1043
1042
1039
1044
1045
1044
1052
1046
1037
1038
1048
1045
1041
1039
1037
1035
1042
1043
1041
1051
1036
1034
1036
1040
1042
1032
1034
1038
1039
1041
1038
1046
1039
1044
1039
1045
1036
1045
1043
1034
1041
1036
1040
1044
1042
1041
1044
1039
1048
1046
1045
1043
1045
1045
1037
1047
1039
1036
1045
1043
1036
1041
1036
1040
1047
1035
1043
1040
1047
1040
1045
1042
1049
1053
1048
1054
1047
1042
1041
1045
1041
1043
1048
1050
1044
1057
1053
1050
1047
1049
1041
1055
1050
1058
1054
1050
1055
1056
1053
1057
1049
1060
1054
1057
1057
1058
1061
1055
1056
1055
1050
1052
1050
1049
1052
1053
1053
1054
1047
1048
1048
1052
1050
1051
1044
1046
1055
1048
1045
1041
1052
1050
1048
1055
1047
1040
1040
1052
1054
1051
1047
1051
1049
1046
1051
1052
1051
1048
1042
1049
1045
1044
1038
1046
1047
1048
1046
1048
1056
1058
1049
1048
1058
1056
1058
1043
1047
1050
1052
1047
1056
1054
1055
1048
1049
1046
1050
1045
1047
1052
1050
1053
1046
1046
1046
1038
1040
1045
1040
1049
1040
1039
1041
1044
1035
1043
1042
1037
1039
1052
1041
1044
1043
1040
1043
1038
1049
1045
1038
1047
1050
1037
1038
1036
1042
1041
1044
1039
1045
1043
1039
1036
1042
1042
1036
1051
1049
1049
1052
1053
1048
1050
1050
1053
1048
1051
1053
1051
1051
1046
1053
1045
1046
1045
1054
1045
1046
1050
1045
1049
1049
1044
1046
1045
1041
1052
1054
1041
1048
1046
1044
1045
1046
1041
1049
1048
1045
1044
1045
1045
1057
1050
1048
1049
1049
1048
1052
1052
1049
1051
1048
1057
1046
1055
1053
1056
1051
1050
1046
1048
1057
1051
1057
1050
1056
1050
1057
1063
1052
1050
1052
1055
1053
1053
1044
1042
1042
1038
1039
1038
1053
1040
1045
1047
1045
1045
1041
1042
1037
1044
1038
1039
1050
1045
1046
1038
1049
1044
1048
1047
1048
1036
1039
1045
1039
1037
1049
1038
1030
1033
1031
1043
1040
1044
1037
1037
1033
1040
1044
1030
1040
1034
1047
1039
1045
1044
1038
1040
1040
1041
1041
1047
1042
1038
1042
1037
1047
1037
1039
1038
1039
1045
1036
1028
1029
1026
1033
1033
1039
1032
1030
1037
1040
1044
1038
1039
1033
1040
1039
1035
1021
1034
1029
1036
1034
1036
1040
1036
1037
1034
1035
1046
1038
1036
1038
1041
1042
1044
1043
1039
1042
1046
1041
1055
1052
1040
1043
1044
1041
1043
1046
1050
1043
1036
1041
1044
1038
1042
1037
1036
1043
1045
1041
1043
1031
1043
1042
1050
1049
1043
1041
1040
1035
1042
1045
1043
1043
1048
1042
1046
1048
1050
1048
1047
1052
1054
1048
1047
1049
1045
1048
1043
1038
1040
1038
1047
1045
1047
1042
1049
1043
1043
1045
1040
1046
1034
1045
1039
1044
1044
1046
1051
1048
1047
1052
1043
1046
1046
1042
1047
1051
1042
1048
1049
1055
1052
1047
1046
1045
1056
1044
1041
1041
1040
1040
1043
1038
1051
1055
1052
1053
1044
1045
1040
1057
1049
1050
1049
1049
1051
1057
1049
1054
1047
1048
1043
1057
1054
1054
1055
1051
1050
1048
1045
1049
1058
1051
1053
1046
1052
1051
1053
1046
1037
1048
1051
1054
1046
1049
1052
1048
1043
1041
1045
1039
1043
1035
1050
1043
1033
1042
1048
1048
1052
1043
1037
1041
1049
1049
1048
1055
1052
1044
1050
1046
1048
1045
1046
1055
1055
1052
1054
1053
1045
1043
1055
1051
1050
1054
1056
1047
1056
1062
1059
1047
1042
1047
1051
1060
1054
1050
1052
1044
1054
1056
1052
1066
1058
1059
1057
1066
1052
1057
1055
1048
1058
1053
1070
1062
1065
1063
1065
1059
1056
1068
1061
1067
1061
1051
1058
1067
1063
1060
1060
1061
1069
1063
1059
1061
1057
1062
1054
1065
1061
1056
1057
1058
1067
1064
1058
1057
1049
1057
1061
1064
1058
1056
1061
1051
1063
1060
1060
1060
1064
1058
1057
1060
1066
1061
1063
1064
1066
1072
1066
1066
1064
1062
1067
1060
1067
1065
1065
1062
1057
1066
1061
1058
1060
1071
1068
1066
1063
1071
1067
1064
1064
1067
1063
1061
1059
1073
1066
1070
1068
1063
1068
1060
1061
1065
1065
1064
1073
1071
1065
1069
1064
1071
1060
1055
1065
1065
1054
1063
1060
1060
1068
1058
1053
1064
1059
1067
1067
1065
1059
1062
1058
1054
1063
1065
1055
1060
1059
1053
1047
1060
1056
1059
1058
1055
1056
1055
1051
1045
1053
1043
1051
1053
1055
1054
1053
1052
1056
1056
1048
1056
1056
1057
1061
1062
1052
1055
1053
1053
1049
1054
1060
1055
1059
1056
1057
1057
1050
1061
1058
1060
1056
1064
1059
1064
1062
1062
1061
1056
1053
1063
1047
1059
1062
1045
1051
1064
1051
1065
1061
1059
1059
1058
1062
1051
1059
1057
1050
1055
1053
1065
1058
1062
1056
1056
1051
1059
1063
1046
1053
1056
1056
1064
1066
1057
1062
1054
1058
1056
1058
1054
1065
1063
1064
1061
1062
1056
1055
1054
1057
1059
1067
1057
1063
1069
1063
1062
1058
1065
1057
1060
1060
1059
1054
1058
1059
1066
1060
1066
1061
1065
1062
1059
1063
1061
1062
1062
1052
1057
1053
1056
1050
1065
1056
1065
1062
1056
1053
1049
1061
1059
1056
1059
1054
1056
1056
1057
1052
1055
1061
1047
1049
1057
1055
1056
1056
1053
1041
1044
1046
1051
1058
1057
1051
1054
1048
1053
1046
1042
1047
1054
1058
1052
1051
1046
1050
1055
1050
1053
1054
1056
1054
1049
1049
1049
1052
1055
1062
1057
1063
1062
1059
1052
1058
1049
1048
1054
1061
1056
1056
1058
1057
1050
1058
1059
1047
1055
1057
1062
1061
1057
1062
1066
1063
1060
1062
1065
1062
1055
1062
1057
1065
1067
1056
1060
1067
1052
1055
1055
1058
1061
1052
1057
1054
1057
1054
1058
1064
1061
1064
1064
1055
1063
1065
1063
1053
1051
1062
1061
1059
1057
1053
1051
1057
1051
1059
1056
1055
1054
1055
1057
1053
1056
1053
1046
1057
1050
1046
1051
1055
1048
1041
1053
1051
1054
1052
1049
1050
1058
1051
1052
1046
1046
1058
1049
1051
1048
1042
1040
1043
1044
1047
1037
1048
1053
1045
1045
1039
1052
1047
1048
1042
1046
1044
1042
1051
1050
1047
1049
1048
1048
1057
1040
1047
1053
1048
1044
1053
1048
1040
1046
1047
1046
1044
1046
1054
1045
1048
1046
1055
1053
1051
1047
1052
1056
1056
1051
1049
1041
1050
1045
1046
1049
1052
1051
1059
1049
1060
1050
1046
1052
1049
1047
1054
1054
1051
1052
1056
1061
1052
1052
1050
1050
1048
1046
1053
1051
1047
1050
1045
1054
1051
1053
1053
1052
1054
1055
1057
1051
1052
1056
1055
1044
1062
1058
1058
1061
1057
1052
1057
1047
1047
1049
1049
1056
1057
1056
1060
1053
1060
1060
1053
1051
1059
1053
1052
1061
1056
1061
1057
1056
1054
1051
1058
1045
1058
1052
1056
1049
1058
1052
1048
1047
1056
1052
1050
1058
1062
1061
1058
1052
1047
1051
1050
1052
1058
1062
1058
1043
1063
1051
1056
1060
1050
1056
1058
1054
1059
1059
1055
1058
1062
1061
1055
1044
1055
1044
1053
1055
1059
1052
1052
1066
1056
1051
1066
1058
1056
1065
1057
1054
1044
1056
1054
1053
1057
1050
1056
1054
1054
1055
1056
1051
1056
1050
1055
1058
1057
1052
1056
1052
1058
1050
1050
1049
1052
1049
1052
1063
1049
1055
1057
1058
1059
1053
1054
1056
1054
1047
1051
1048
1055
1049
1057
1052
1057
1045
1054
1062
1056
1050
1060
1057
1053
1056
1054
1064
1057
1064
1052
1045
1054
1061
1057
1055
1059
1056
1061
1062
1061
1060
1054
1047
1066
1066
1063
1056
1066
1058
1059
1055
1049
1054
1055
1055
1061
1056
1056
1056
1054
1060
1058
1055
1051
1056
1056
1060
1060
1052
1064
1052
1057
1047
1056
1056
1051
1061
1055
1061
1060
1058
1058
1057
1056
1058
1055
1058
1052
1052
1050
1051
1051
1054
1047
1053
1054
1050
1051
1064
1059
1051
1061
1069
1061
1061
1059
1065
1062
1067
1056
1061
1060
1060
1062
1063
1068
1063
1070
1059
1057
1070
1070
1067
1060
1062
1067
1064
1075
1065
1070
1065
1069
1068
1059
1059
1062
1062
1065
1058
1068
1055
1065
1059
1067
1069
1068
1066
1061
1070
1068
1068
1054
1062
1067
1058
1057
1062
1060
1062
1068
1062
1060
1068
1063
1063
1060
1068
1064
1060
1064
1065
1062
1064
1061
1072
1068
1070
1058
1063
1062
1062
1059
1066
1058
1059
1064
1066
1063
1065
1067
1062
1061
1065
1057
1062
1051
1068
1055
1062
1060
1058
1060
1067
1065
1060
1065
1062
1064
1061
1057
1055
1058
1061
1064
1069
1057
1059
1068
1063
1060
1066
1069
1064
1066
1070
1060
1057
1065
1069
1064
1065
1066
1070
1067
1068
1067
1061
1061
1062
1059
1066
1060
1061
1057
1059
1066
1060
1067
1056
1064
1054
1056
1051
1054
1055
1058
1053
1062
1057
1060
1058
1057
1053
1059
1057
1056
1053
1063
1057
1066
1069
1061
1061
1062
1058
1062
1063
1062
1055
1061
1059
1062
1061
1062
1054
1059
1059
1064
1064
1060
1055
1055
1057
1058
1062
1058
1057
1060
1066
1052
1066
1056
1054
1055
1052
1058
1060
1054
1053
1059
1062
1057
1054
1055
1069
1067
1064
1069
1064
1059
1055
1059
1066
1063
1063
1057
1056
1058
1055
1059
1059
1050
1063
1057
1055
1056
1057
1047
1056
1050
1048
1051
1047
1054
1053
1045
1048
1056
1064
1058
1064
1055
1054
1055
1057
1065
1055
1060
1065
1058
1059
1052
1053
1057
1056
1057
1053
1060
1050
1055
1060
1055
1056
1058
1050
1043
1052
1048
1048
1045
1053
1044
1043
1048
1047
1053
1052
1054
1056
1055
1058
1045
1054
1057
1056
1056
1064
1061
1058
1063
1061
1056
1058
1056
1059
1059
1055
1056
1055
1051
1058
1052
1050
1048
1051
1059
1050
1052
1056
1050
1055
1056
1062
1062
1056
1056
1062
1059
1052
1059
1052
1049
1053
1063
1059
1061
1069
1054
1060
1061
1058
1060
1058
1059
1054
1056
1052
1051
1054
1051
1053
1051
1047
1047
1038
1045
1047
1042
1052
1052
1052
1044
1044
1050
1045
1044
1056
1057
1054
1052
1051
1054
1057
1055
1056
1047
1059
1052
1058
1063
1059
1057
1056
1051
1052
1051
1060
1059
1057
1066
1066
1056
1060
1057
1063
1061
1059
1065
1061
1069
1062
1064
1064
1065
1068
1056
1059
1060
1061
1059
1054
1062
1064
1063
1059
1063
1066
1067
1062
1067
1067
1065
1069
1065
1060
1066
1060
1061
1059
1058
1065
1068
1064
1062
1065
1065
1060
1060
1059
1063
1074
1064
1068
1063
1059
1064
1060
1059
1050
1058
1057
1056
1060
1051
1060
1053
1061
1057
1056
1054
1058
1052
1055
1057
1064
1056
1071
1061
1068
1058
1065
1063
1064
1057
1063
1067
1057
1047
1055
1054
1059
1051
1057
1059
1054
1055
1056
1056
1054
1052
1058
1063
1060
1060
1056
1060
1061
1065
1058
1061
1054
1062
1053
1056
1054
1057
1055
1062
1053
1051
1044
1043
1048
1050
1047
1045
1050
1056
1052
1049
1057
1055
1049
1052
1047
1055
1049
1054
1050
1048
1048
1055
1048
1049
1047
1043
1045
1041
1055
1055
1050
1048
1047
1051
1049
1050
1052
1050
1052
1052
1054
1056
1061
1044
1062
1058
1060
1058
1052
1055
1054
1058
1059
1053
1054
1050
1054
1055
1056
1054
1056
1054
1055
1054
1060
1051
1056
1049
1055
1055
1061
1053
1052
1052
1049
1052
1050
1049
1048
1058
1061
1055
1050
1054
1055
1052
1053
1056
1052
1054
1049
1049
1055
1052
1050
1048
1057
1058
1061
1054
1057
1067
1056
1056
1063
1055
1053
1062
1058
1063
1063
1059
1047
1058
1053
1060
1065
1064
1062
1057
1059
1059
1062
1057
1058
1055
1058
1060
1065
1068
1062
1062
1065
1066
1061
1067
1061
1063
1057
1054
1056
1062
1054
1057
1060
1061
1056
1061
1061
1058
1064
1054
1054
1054
1060
1061
1053
1061
1066
1061
1063
1070
1064
1065
1067
1061
1062
1055
1062
1059
1050
1061
1058
1062
1067
1060
1064
1060
1068
1065
1069
1069
1064
1061
1060
1063
1060
1061
1059
1058
1057
1064
1066
1061
1059
1055
1057
1067
1065
1058
1064
1060
1060
1066
1058
1062
1047
1053
1050
1052
1050
1050
1052
1051
1060
1052
1063
1057
1051
1049
1060
1053
1054
1055
1055
1056
1054
1058
1053
1053
1052
1060
1049
1056
1054
1053
1047
1053
1048
1058
1062
1057
1051
1060
1064
1062
1064
1058
1056
1061
1061
1057
1061
1070
1065
1070
1068
1064
1064
1057
1061
1063
1062
1068
1061
1068
1063
1062
1053
1060
1062
1060
1065
1060
1066
1059
1065
1065
1071
1059
1064
1065
1066
1070
1065
1059
1070
1066
1067
1063
1062
1069
1072
1065
1071
1065
1073
1071
1070
1074
1070
1072
1067
1067
1071
1058
1064
1066
1063
1060
1063
1069
1066
1072
1068
1067
1064
1057
1061
1063
1062
1067
1064
1061
1062
1063
1063
1056
1062
1062
1071
1067
1062
1072
1064
1067
1072
1063
1064
1069
1064
1073
1067
1070
1066
1073
1064
1071
1068
1067
1064
1063
1066
1060
1067
1062
1061
1067
1062
1061
1058
1057
1060
1064
1058
1062
1060
1062
1062
1069
1064
1072
1074
1063
1066
1081
1069
1063
1060
1068
1058
1062
1068
1062
1061
1052
1057
1055
1063
1056
1050
1064
1060
1060
1058
1056
1055
1055
1054
1058
1059
1060
1053
1054
1060
1056
1058
1065
1063
1063
1062
1061
1063
1058
1063
1067
1058
1063
1058
1062
1064
1070
1059
1059
1062
1060
1060
1060
1068
1054
1058
1065
1065
1069
1053
1056
1054
1057
1063
1056
1055
1056
1061
1060
1057
1060
1055
1056
1060
1056
1060
1057
1051
1061
1058
1052
1056
1048
1061
1055
1061
1061
1057
1054
1057
1058
1058
1050
1046
1051
1052
1058
1058
1060
1053
1053
1058
1057
1058
1051
1053
1052
1058
1058
1053
1054
1056
1052
1060
1068
1062
1065
1061
1054
1059
1063
1060
1063
1062
1064
1057
1065
1060
1059
1061
1065
1064
1070
1064
1075
1076
1069
1068
1068
1063
1067
1071
1059
1065
1065
1065
1068
1069
1061
1066
1061
1060
1066
1065
1062
1066
1063
1069
1064
1059
1055
1058
1066
1062
1055
1055
1064
1063
1066
1060
1059
1062
1062
1060
1060
1062
1057
1054
1055
1062
1065
1062
1062
1069
1058
1059
1060
1054
1045
1057
1051
1061
1050
1057
1062
1054
1059
1061
1059
1068
1067
1057
1064
1053
1062
1067
1068
1064
1062
1062
1066
1074
1072
1064
1061
1064
1062
1067
1070
1071
1063
1064
1062
1059
1058
1057
1057
1058
1056
1062
1055
1063
1063
1066
1063
1067
1070
1064
1061
1062
1069
1062
1047
1061
1063
1065
1070
1071
1067
1069
1064
1061
1060
1060
1065
1053
1064
1059
1053
1058
1057
1059
1045
1053
1058
1057
1062
1055
1061
1055
1061
1066
1065
1063
1064
1053
1066
1063
1060
1065
1066
1065
1060
1060
1066
1063
1069
1071
1062
1066
1060
1067
1064
1065
1064
1068
1067
1058
1060
1057
1055
1063
1060
1059
1057
1056
1062
1052
1057
1056
1060
1059
1059
1062
1057
1069
1060
1059
1060
1066
1061
1057
1064
1063
1063
1060
1055
1062
1062
1059
1061
1068
1060
1066
1057
1063
1063
1063
1063
1059
1061
1064
1064
1069
1072
1066
1075
1068
1072
1063
1068
1061
1067
1068
1070
1069
1065
1067
1064
1072
1070
1063
1067
1064
1066
1068
1064
1070
1064
1065
1070
1072
1077
1061
1074
1059
1062
1061
1058
1064
1065
1066
1061
1066
1069
1072
1071
1071
1064
1063
1074
1066
1071
1077
1074
1068
1075
1072
1066
1069
1065
1062
1059
1059
1066
1062
1068
1069
1067
1074
1067
1066
1064
1069
1070
1072
1064
1074
1071
1066
1076
1064
1064
1070
1070
1071
1059
1065
1064
1070
1062
1069
1069
1059
1067
1068
1070
1062
1075
1065
1073
1067
1072
1069
1065
1069
1066
1074
1065
1074
1072
1073
1069
1062
1062
1070
1063
1070
1068
1067
1066
1069
1069
1067
1068
1067
1067
1066
1058
1070
1063
1078
1073
1070
1073
1073
1060
1065
1069
1072
1067
1073
1072
1071
1072
1073
1076
1071
1068
1062
1064
1069
1069
1066
1071
1073
1070
1069
1064
1069
1065
1071
1069
1072
1064
1067
1074
1071
1069
1067
1071
1069
1071
1078
1065
1062
1073
1070
1077
1077
1072
1075
1072
1071
