1000
994
995
995
996
1001
1000
987
997
995
998
992
999
997
995
1000
989
998
997
1004
1000
998
1000
994
1008
1006
1002
1004
1004
1008
1007
1008
1007
1002
1009
1001
1003
997
1006
1007
1015
1007
1012
1009
1007
1011
1003
1010
1005
1000
1010
1003
994
1002
993
997
1003
1001
997
1000
1003
999
1004
1000
1006
996
995
996
994
994
998
999
997
1001
1004
1000
1009
999
1003
999
997
1008
1002
1004
1002
1006
1000
997
1002
999
1003
1001
994
997
996
998
996
987
994
985
998
1004
1003
1010
1011
1014
1004
1006
1010
1007
1007
1008
1007
999
1009
1007
1006
1008
1005
1003
1006
1001
1000
1006
1006
1002
1002
1012
1008
1013
1003
997
1001
1005
998
1001
1006
995
1017
1018
1018
1018
1017
1014
1015
1010
1007
1010
1005
1016
1011
1012
1010
1006
1001
1011
1007
998
1011
1008
1005
1003
1009
1009
1009
1004
1006
1006
1005
1006
1003
1005
1011
1009
1015
1018
1014
1015
1008
1015
1010
1012
1017
1015
1017
1014
1015
1018
1012
1003
1005
1011
1002
1010
1008
1011
1003
1022
1016
1020
1014
1019
1020
1014
1012
1008
1007
1013
1019
1010
1011
1018
1018
1020
1022
1014
1015
1014
1011
1009
1015
1012
1010
1010
1019
1010
1007
1018
1005
1013
1002
1015
1007
1009
1008
1015
1011
1015
1016
1010
1009
1005
1016
1015
1010
1020
1016
1015
1019
1019
1011
1009
1014
1014
1006
1019
1021
1020
1017
1009
1013
1018
1017
1000
1005
1013
1008
1011
1013
1014
1018
1010
1008
1017
1010
1019
1014
1017
1013
1018
1014
1016
1008
1007
1007
1011
1015
1018
1011
1009
1011
1005
1019
1021
1021
1018
1019
1009
1024
1016
1016
1017
1014
1021
1019
1017
1026
1024
1008
1017
1019
1028
1013
1018
1022
1019
1012
1012
1020
1015
1020
1011
1022
1017
1018
1019
1022
1018
1016
1024
1011
1009
1010
1018
1014
1012
1015
1014
1022
1017
1024
1011
1021
1013
1011
1011
1008
1016
1018
1021
1013
1008
1020
1020
1019
1016
1019
1024
1013
1013
1015
1019
1018
1016
1016
1020
1021
1018
1019
1015
1013
1014
1010
1011
1006
1009
1008
1014
1011
1019
1016
1018
1017
1013
1009
1011
1014
1015
1014
1006
1022
1016
1021
1014
1024
1025
1024
1011
1009
1019
1020
1021
1015
1021
1020
1028
1023
1020
1020
1033
1029
1034
1024
1022
1018
1030
1018
1024
1023
1028
1013
1030
1023
1022
1021
1014
1021
1022
1021
1022
1027
1027
1021
1022
1014
1018
1016
1010
1019
1016
1020
1015
1015
1010
1014
1015
1016
1018
1021
1018
1016
1017
1027
1017
1020
1018
1017
1019
1018
1019
1024
1018
1007
1018
1028
1016
1019
1019
1028
1018
1014
1020
1020
1026
1022
1021
1020
1025
1016
1023
1012
1021
1029
1019
1019
1017
1005
1012
1014
1004
1008
1009
1011
1008
1016
1016
1015
1018
1017
1015
1017
1017
1024
1020
1023
1021
1020
1020
1016
1026
1017
1027
1015
1014
1020
1014
1017
1023
1025
1022
1022
1020
1020
1023
1019
1024
1023
1020
1022
1026
1016
1025
1023
1029
1015
1015
1022
1017
1024
1024
1028
1029
1015
1023
1025
1020
1023
1019
1020
1021
1020
1027
1020
1024
1027
1027
1028
1022
1023
1032
1023
1031
1015
1016
1026
1016
1027
1025
1027
1026
1023
1023
1026
1031
1020
1029
1018
1024
1022
1027
1028
1028
1024
1023
1020
1031
1035
1028
1027
1020
1027
1023
1026
1024
1030
1031
1022
1020
1025
1032
1028
1026
1026
1026
1031
1025
1022
1022
1026
1022
1021
1021
1025
1025
1019
1028
1030
1023
1036
1022
1032
1025
1029
1026
1036
1033
1033
1026
1024
1026
1031
1031
1031
1033
1029
1028
1033
1029
1030
1019
1023
1024
1015
1016
1013
1014
1019
1024
1017
1022
1023
1019
1026
1016
1024
1012
1013
1015
1007
1016
1011
1008
1007
1001
1008
1008
996
1009
1019
1006
1022
1016
1021
1014
1024
1025
1024
1011
1009
1019
1020
1021
1015
1021
1020
1028
1023
1020
1020
1033
1029
1034
1024
1022
1018
1030
1018
1024
1023
1028
1013
1030
1023
1022
1021
1014
1021
1022
1021
1022
1027
1027
1021
1022
1014
1018
1016
1010
1019
1016
1020
1015
1015
1010
1014
1015
1016
1018
1021
1018
1016
1017
1027
1017
1020
1018
1017
1019
1018
1019
1024
1018
1007
1018
1028
1016
1019
1019
1028
1018
1014
1020
1020
1026
1022
1021
1020
1025
1016
1023
1012
1021
1029
1019
1019
1017
1005
1012
1014
1004
1008
1009
1011
1008
1016
1016
1015
1018
1017
1015
1017
1017
1024
1020
1023
1021
1020
1020
1016
1026
1017
1027
1015
1014
1020
1014
1017
1023
1025
1022
1022
1020
1020
1023
1019
1024
1023
1020
1022
1026
1016
1025
1023
1029
1015
1015
1022
1017
1024
1024
1028
1029
1015
1023
1025
1020
1023
1019
1020
1021
1020
1027
1020
1024
1027
1027
1028
1022
1023
1032
1023
1031
1015
1016
1026
1016
1027
1025
1027
1026
1023
1023
1026
1031
1020
1029
1018
1024
1022
1027
1028
1028
1024
1023
1020
1031
1035
1028
1027
1020
1027
1023
1026
1024
1030
1031
1022
1020
1025
1032
1028
1026
1026
1026
1031
1025
1022
1022
1026
1022
1021
1021
1025
1025
1019
1028
1030
1023
1036
1022
1032
1025
1029
1026
1036
1033
1033
1026
1024
1026
1031
1031
1031
1033
1029
1028
1033
1029
1030
1019
1023
1024
1015
1016
1013
1014
1019
1024
1017
1022
1023
1019
1026
1016
1024
1012
1013
1015
1007
1016
1011
1008
1007
1001
1008
1008
996
1009
1019
1011
1009
1009
1014
1009
1018
1013
1006
1014
1013
1016
1015
1009
1009
1015
1011
1021
1016
1018
1013
1016
1011
1015
1010
1017
1012
1014
1014
1007
1019
1012
1020
1022
1024
1021
1016
1019
1015
1009
1023
1023
1019
1026
1021
1024
1020
1027
1028
1025
1023
1023
1030
1018
1017
1031
1022
1024
1016
1025
1032
1033
1030
1029
1027
1025
1027
1028
1030
1022
1025
1023
1032
1027
1026
1023
1026
1028
1037
1029
1037
1036
1038
1030
1032
1035
1036
1038
1042
1034
1035
1030
1027
1035
1038
1028
1033
1040
1035
1044
1039
1036
1028
1038
1032
1040
1040
1034
1030
1037
1026
1038
1041
1040
1036
1029
1034
1039
1042
1040
1041
1039
1043
1039
1038
1041
1044
1039
1028
1044
1039
1035
1041
1039
1034
1044
1036
1037
1039
1027
1033
1032
1035
1035
1031
1034
1030
1035
1031
1024
1030
1029
1031
1034
1029
1030
1031
1027
1023
1032
1025
1029
1039
1032
1034
1040
1034
1038
1031
1026
1033
1032
1034
1035
1034
1041
1031
1028
1029
1030
1038
1049
1042
1037
1038
1042
1036
1035
1031
1042
1034
1036
1040
1037
1036
1032
1034
1038
1036
1033
1033
1035
1036
1036
1027
1023
1022
1027
1027
1029
1028
1038
1037
1032
1032
1034
1027
1036
1031
1036
1037
1032
1033
1033
1028
1028
1028
1033
1030
1039
1040
1040
1046
1038
1038
1047
1036
1039
1040
1036
1034
1032
1040
1045
1044
1045
1039
1046
1038
1046
1039
1039
1043
1038
1040
1042
1037
1043
1038
1037
1037
1033
1023
1023
1029
1038
1031
1037
1032
1034
1038
1043
1044
1041
1041
1036
1035
1030
1030
1034
1040
1036
1040
1041
1037
1037
1038
1035
1035
1029
1043
1038
1035
1037
1044
1024
1031
1040
1040
1041
1035
1036
1038
1033
1035
1036
1028
1036
1038
1044
1037
1024
1027
1025
1034
1036
1038
1036
1040
1034
1040
1046
1043
1033
1034
1038
1047
1042
1035
1038
1032
1040
1039
1040
1039
1040
1045
1038
1036
1042
1045
1038
1039
1044
1028
1029
1038
1032
1036
1036
1033
1036
1042
1033
1040
1048
1036
1035
1041
1035
1033
1036
1039
1035
1038
1036
1039
1041
1043
1051
1046
1047
1040
1051
1042
1040
1044
1040
1036
1034
1036
1046
1042
1036
1039
1037
1038
1040
1045
1042
1039
1038
1045
1045
1037
1035
1043
1034
1038
1033
1043
1045
1040
1042
1049
1043
1043
1040
1036
1045
1041
1036
1038
1044
1044
1035
1037
1040
1045
1040
1038
1038
1033
1024
1034
1035
1043
1035
1036
1035
1033
1037
1045
1035
1039
1049
1049
1036
1046
1043
1046
1037
1040
1044
1040
1041
1031
1032
1027
1031
1036
1040
1039
1034
1038
1035
1042
1047
1039
1041
1040
1041
1040
1041
1042
1044
1036
1038
1040
1039
1034
1037
1033
1029
1037
1026
1032
1031
1033
1028
1034
1034
1034
1033
1027
1025
1037
1041
1040
1039
1039
1036
1037
1031
1039
1029
1040
1034
1032
1031
1033
1033
1026
1035
1031
1033
1027
1027
1026
1027
1033
1032
1030
1029
1030
1033
1031
1031
1030
1032
1027
1028
1026
1023
1018
1023
1015
1025
1026
1027
1024
1026
1024
1027
1031
1031
1025
1030
1030
1032
1033
1028
1026
1021
1023
1026
1025
1027
1030
1026
1020
1030
1034
1036
1027
1025
1026
1019
1030
1035
1026
1025
1032
1029
1028
1033
1025
1023
1019
1023
1020
1021
1023
1020
1027
1027
1032
1020
1026
1026
1023
1027
1016
1023
1020
1033
1031
1026
1030
1019
1035
1030
1036
1018
1025
1024
1034
1028
1024
1031
1021
1017
1032
1026
1016
1024
1030
1028
1029
1023
1024
1016
1029
1026
1027
1019
1026
1031
1024
1025
1022
1021
1023
1028
1028
1030
1029
1033
1027
1031
1027
1031
1033
1035
1033
1032
1022
1017
1023
1031
1017
1030
1034
1031
1027
1027
1024
1029
1032
1032
1034
1025
1032
1030
1031
1025
1031
1025
1028
1030
1022
1021
1029
1024
1022
1022
1025
1022
1021
1028
1031
1030
1033
1035
1029
1037
1030
1034
1028
1033
1039
1036
1044
1034
1037
1035
1033
1037
1031
1034
1040
1046
1044
1036
1040
1039
1027
1029
1028
1035
1039
1034
1028
1029
1031
1035
1038
1034
1039
1035
1034
1027
1028
1034
1037
1025
1032
1029
1033
1041
1030
1038
1041
1042
1039
1036
1036
1036
1043
1041
1036
1036
1041
1031
1024
1043
1036
1036
1035
1024
1028
1031
1030
1030
1026
1034
1036
1025
1034
1030
1040
1029
1032
1031
1035
1034
1028
1035
1029
1027
1037
1030
1033
1036
1039
1027
1026
1033
1026
1033
1032
1030
1031
1035
1029
1036
1038
1035
1042
1039
1036
1029
1028
1032
1029
1042
1031
1034
1038
1040
1035
1029
1032
1026
1029
1036
1038
1033
1037
1039
1031
1030
1036
1031
1030
1033
1046
1044
1048
1030
1038
1041
1039
1046
1039
1039
1037
1042
1043
1041
1046
1042
1040
1044
1035
1038
1041
1040
1029
1035
1039
1035
1035
1038
1036
1038
1034
1039
1042
1044
1037
1036
1040
1041
1037
1039
1042
1041
1039
1043
1043
1032
1041
1044
1046
1050
1046
1039
1045
1039
1041
1037
1037
1033
1038
1045
1044
1034
1030
1033
1035
1021
1036
1029
1036
1035
1029
1029
1029
1039
1031
1037
1040
1037
1032
1032
1035
1038
1037
1036
1035
1027
1034
1029
1032
1027
1023
1022
1026
1036
1028
1029
1028
1029
1029
1023
1034
1029
1025
1034
1033
1029
1034
1037
1049
1037
1034
1032
1036
1038
1033
1032
1036
1031
1040
1037
1030
1034
1033
1035
1039
1033
1032
1032
1028
1029
1036
1030
1038
1028
1025
1035
1036
1036
1032
1036
1041
1039
1029
1030
1039
1034
1038
1037
1033
1031
1024
1032
1032
1027
1030
1031
1031
1028
1029
1032
1024
1033
1039
1039
1023
1032
1024
1037
1036
1028
1041
1033
1034
1030
1043
1036
1046
1036
1048
1044
1036
1042
1033
1041
1046
1037
1038
1030
1036
1035
1042
1027
1036
1026
1035
1027
1034
1036
1041
1035
1039
1030
1036
1035
1030
1032
1031
1034
1039
1040
1036
1031
1042
1035
1034
1031
1042
1038
1032
1036
1027
1033
1037
1034
1039
1037
1043
1039
1036
1034
1045
1039
1043
1031
1030
1046
1040
1031
1026
1038
1031
1042
1036
1037
1045
1037
1046
1048
1044
1046
1039
1042
1042
1051
1039
1034
1039
1038
1041
1036
1041
1039
1043
1041
1037
1036
1045
1034
1041
1038
1047
1041
1043
1045
1043
1047
1050
1045
1042
1032
1038
1040
1038
1032
1035
1046
1041
1038
1046
1038
1042
1037
1040
1044
1039
1044
1045
1043
1041
1033
1033
1042
1040
1045
1047
1036
1029
1047
1045
1043
1048
1050
1049
1049
1044
1044
1041
1041
1047
1048
1043
1042
1038
1043
1037
1046
1040
1035
1026
1036
1035
1036
1034
1027
1020
1029
1029
1032
1032
1035
1030
1030
1028
1036
1030
1032
1033
1032
1028
1033
1035
1034
1031
1027
1033
1027
1039
1034
1035
1042
1041
1033
1032
1028
1035
1032
1027
1040
1025
1036
1026
1028
1029
1035
1030
1036
1035
1030
1035
1032
1031
1026
1034
1032
1034
1037
1037
1029
1034
1037
1033
1037
1042
1033
1034
1034
1037
1039
1038
1033
1038
1034
1035
1041
1038
1034
1042
1044
1038
1040
1036
1035
1040
1038
1033
1033
1027
1039
1042
1037
1042
1032
1038
1038
1037
1039
1033
1033
1036
1039
1039
1046
1030
1036
1037
1032
1030
1028
1033
1035
1038
1030
1031
1027
1037
1028
1033
1035
1038
1041
1036
1039
1035
1032
1035
1030
1027
1035
1040
1035
1028
1035
1029
1037
1028
1025
1030
1032
1025
1032
1034
1034
1031
1028
1030
1037
1033
1031
1029
1023
1030
1034
1029
1042
1025
1029
1026
1032
1036
1027
1036
1034
1025
1029
1036
1032
1030
1030
1033
1041
1026
1035
1032
1031
1031
1033
1037
1037
1035
1033
1033
1034
1033
1034
1033
1036
1038
1033
1029
1029
1046
1040
1035
1038
1033
1034
1039
1033
1035
1032
1030
1038
1040
1029
1039
1038
1034
1036
1040
1044
1040
1040
1039
1043
1037
1037
1030
1034
1040
1040
1032
1041
1042
1041
1039
1040
1034
1044
1046
1043
1039
1040
1035
1041
1040
1035
1043
1040
1042
1045
1045
1033
1030
1039
1044
1038
1039
1040
1041
1029
1039
1041
1032
1034
1032
1036
1031
1025
1036
1033
1036
1034
1037
1036
1040
1043
1044
1041
1037
1049
1050
1051
1037
1036
1045
1041
1047
1040
1037
1035
1031
1035
1037
1039
1033
1037
1030
1039
1042
1040
1026
1028
1028
1039
1039
1037
1030
1033
1034
1042
1044
1034
1034
1036
1040
1034
1035
1035
1040
1041
1038
1026
1035
1036
1041
1041
1030
1039
1036
1033
1031
1042
1037
1035
1033
1023
1028
1032
1031
1037
1035
1036
1034
1029
1030
1027
1026
1035
1026
1023
1024
1028
1022
1028
1029
1031
1034
1031
1033
1015
1026
1029
1030
1025
1033
1039
1032
1037
1035
1031
1031
1025
1025
1026
1022
1034
1039
1038
1031
1039
1031
1021
1028
1031
1033
1033
1034
1031
1033
1034
1030
1028
1028
1023
1027
1031
1034
1033
1033
1033
1030
1039
1034
1033
1042
1039
1033
1040
1040
1038
1038
1033
1032
1020
1028
1039
1036
1029
1029
1033
1047
1036
1036
1033
1038
1031
1041
1041
1039
1040
1040
1044
1026
1033
1032
1030
1036
1040
1037
1039
1041
1037
1041
1036
1032
1039
1041
1041
1035
1034
1037
1028
1022
1029
1032
1028
1027
1040
1040
1035
1034
1033
1039
1035
1019
1037
1038
1037
1037
1030
1031
1031
1029
1033
1030
1030
1041
1039
1034
1041
1047
1041
1037
1040
1036
1031
1030
1029
1023
1025
1021
1027
1023
1028
1032
1031
1030
1035
1033
1029
1030
1029
1024
1026
1037
1034
1033
1033
1025
1030
1025
1035
1032
1030
1031
1030
1028
1035
1031
1035
1039
1032
1032
1032
1028
1033
1039
1035
1030
1030
1026
1012
1023
1022
1027
1028
1030
1027
1019
1019
1020
1029
1021
1024
1020
1025
1017
1026
1019
1020
1026
1018
1021
1019
1015
1020
1032
1022
1021
1022
1012
1021
1023
1031
1024
1018
1025
1024
1024
1017
1026
1022
1021
1027
1021
1022
1016
1022
1031
1025
1029
1021
1029
1029
1029
1026
1024
1017
1024
1019
1021
1025
1025
1022
1029
1026
1034
1034
1022
1029
1027
1028
1026
1018
1028
1021
1026
1032
1025
1029
1030
1025
1022
1034
1033
1041
1030
1032
1032
1039
1031
1035
1029
1032
1040
1036
1040
1034
1035
1035
1038
1038
1032
1031
1025
1026
1029
1031
1030
1025
1030
1034
1027
1032
1030
1028
1027
1026
1032
1029
1031
1025
1030
1027
1032
1030
1036
1031
1044
1038
1042
1036
1041
1040
1039
1038
1037
1042
1033
1046
1040
1045
1044
1043
1041
1044
1041
1031
1047
1030
1047
1040
1038
1047
1038
1041
1046
1034
1043
1046
1051
1043
1041
1040
1040
1034
1037
1039
1036
1030
1029
1032
1026
1024
1031
1029
1032
1030
1035
1038
1030
1028
1031
1032
1029
1032
1031
1029
1023
1026
1035
1035
1028
1027
1030
1031
1028
1024
1030
1033
1033
1033
1031
1030
1036
1030
1036
1042
1031
1036
1039
1032
1043
1043
1036
1031
1033
1033
1033
1036
1042
1037
1032
1033
1033
1034
1039
1032
1037
1039
1040
1037
1030
1037
1047
1044
1038
1037
1042
1038
1041
1042
1046
1036
1034
1042
1044
1052
1044
1039
1042
1046
1045
1041
1048
1045
1044
1047
1042
1041
1048
1045
1048
1045
1036
1043
1044
1045
1038
1043
1045
1045
1044
1046
1035
1039
1044
1032
1045
1038
1045
1039
1041
1036
1038
1040
1037
1044
1040
1038
1043
1045
1046
1035
1044
1041
1039
1042
1035
1036
1042
1034
1036
1038
1039
1051
1041
1044
1043
1034
1034
1033
1037
1042
1040
1040
1047
1038
1040
1028
1043
1038
1035
1039
1041
1039
1045
1034
1028
1028
1050
1037
1035
1044
1051
1055
1044
1044
1051
1045
1039
1044
1047
1047
1045
1037
1040
1040
1047
1037
1036
1034
1033
1029
1026
1035
1038
1035
1035
1037
1033
1035
1037
1028
1027
1038
1029
1029
1038
1026
1023
1036
1030
1041
1038
1036
1031
1036
1036
1034
1038
1046
1040
1040
1046
1045
1042
1044
1037
1041
1035
1036
1037
1036
1040
1040
1044
1042
1041
1043
1046
1038
1035
1042
1046
1039
1038
1041
1034
1039
1034
1044
1037
1027
1031
1041
1034
1034
1028
1036
1034
1032
1042
1028
1037
1043
1044
1040
1036
1039
1045
1040
1042
1041
1048
1045
1041
1039
1041
1038
1036
1050
1046
1047
1049
1045
1040
1045
1048
1047
1051
1035
1041
1042
1048
1046
1046
1050
1037
1034
1046
1036
1038
1042
1031
1039
1038
1043
1037
1037
1045
1038
1033
1038
1040
1031
1042
1052
1041
1034
1044
1051
1050
1040
1032
1032
1040
1038
1036
1042
1047
1040
1043
1048
1047
1042
1056
1049
1042
1037
1037
1042
1040
1043
1040
1039
1042
1025
1041
1036
1036
1039
1045
1040
1039
1037
1045
1046
1046
1039
1043
1041
1043
1039
1045
1041
1040
1041
1041
1047
1035
1037
1043
1041
1042
1043
1041
1043
1040
1042
1046
1046
1037
1047
1038
1033
1046
1041
1045
1039
1037
1042
1034
1041
1043
1040
1034
1046
1040
1039
1036
1035
1038
1042
1035
1042
1042
1043
1034
1037
1043
1036
1032
1044
1044
1043
1040
1043
1044
1045
1043
1038
1040
1050
1041
1043
1047
1040
1046
1044
1040
1044
1040
1040
1039
1049
1047
1041
1047
1045
1046
1046
1046
1045
1036
1034
1037
1035
1042
1034
1040
1039
1036
1037
1037
1035
1036
1040
1045
1037
1042
1038
1037
1037
1042
1034
1042
1036
1035
1030
1031
1038
1040
1037
1042
1046
1044
1047
1044
1045
1046
1039
1041
1035
1036
1037
1041
1039
1039
1038
1043
1038
1040
1043
1041
1043
1041
1038
1040
1034
1043
1035
1042
1047
1046
1044
1039
1042
1041
1041
1046
1039
1043
1036
1040
1035
1042
1031
1036
1037
1033
1027
1037
1038
1032
1035
1038
1032
1040
1040
1046
1039
1044
1041
1050
1040
1048
1041
1045
1034
1042
1036
1040
1041
1039
1039
1041
1040
1052
1056
1044
1047
1043
1044
1040
1037
1048
1044
1055
1049
1052
1045
1047
1047
1035
1039
1047
1050
1041
1039
1049
1053
1047
1049
1047
1046
1049
1041
1050
1047
1042
1046
1051
1054
1051
1050
1052
1047
1045
1048
1042
1045
1048
1043
1045
1052
1052
1047
1041
1049
1044
1039
1046
1044
1040
1040
1046
1038
1040
1039
1045
1043
1045
1040
1039
1040
1047
1033
1042
1046
1050
1048
1045
1044
1036
1030
1043
1042
1046
1036
1033
1043
1037
1039
1041
1036
1048
1040
1034
1038
1042
1032
1037
1034
1028
1033
1037
1040
1037
1036
1044
1035
1037
1037
1036
1043
1040
1047
1055
1052
1051
1051
1043
1045
1043
1054
1057
1043
1048
1044
1042
1033
1039
1038
1045
1032
1035
1041
1039
1038
1042
1052
1053
1049
1048
1052
1053
1047
1042
1049
1046
1044
1050
1054
1048
1042
1059
1045
1050
1043
1046
1052
1053
1049
1042
1049
1054
1051
1051
1047
1044
1052
