997
996
989
999
998
998
998
996
988
992
987
988
996
992
997
997
993
996
997
998
986
994
1000
1002
998
995
998
1005
999
991
997
1006
991
995
999
993
1002
997
999
989
997
1004
1002
1002
1000
996
1004
997
988
996
999
1005
994
990
996
993
996
985
989
995
992
993
990
1000
1000
1002
997
992
993
987
993
990
999
991
998
993
1001
1006
1006
1002
1003
997
999
999
1006
1001
994
1002
998
995
1002
996
1007
999
1008
1005
1000
1006
1000
1002
1006
999
994
989
999
995
997
1001
999
996
1001
1000
1001
1001
1001
1003
999
999
1005
998
1006
1007
1001
1002
990
1002
997
997
992
998
992
996
997
1003
998
1001
994
1001
1001
994
1000
993
1001
989
995
1002
1003
1002
1000
994
1007
1001
1001
994
1002
1001
1004
1001
1005
1000
999
999
998
994
1001
1000
1004
1009
994
995
998
989
995
1000
997
997
999
996
999
998
999
996
1001
1001
1007
1006
1005
997
1008
1003
998
996
995
988
997
1001
999
999
995
999
994
1005
1002
1001
1000
999
1001
999
991
990
993
990
992
999
996
996
992
997
997
1001
998
993
997
998
998
1004
996
999
996
991
993
999
1000
1005
997
1000
1003
1006
1000
1001
994
1001
989
999
995
1001
1003
1003
1007
993
995
997
995
999
996
989
995
989
989
989
987
991
993
1002
996
996
996
986
988
987
992
989
993
987
1004
999
997
985
996
993
995
997
1001
1003
996
998
990
996
1001
997
998
1001
999
1000
1005
1010
1001
1004
1001
1002
1004
1003
1008
1011
1004
1004
1006
1004
1004
1003
1009
1011
1010
1003
1008
1001
1004
1006
1001
1010
1000
998
999
1005
1007
1009
998
1005
995
1002
1005
1009
1002
1007
1006
1004
1000
1009
1002
1005
1004
1009
1009
1009
1003
1004
1004
1004
1007
1004
1018
1006
1003
1002
1004
1002
1003
1014
1006
1010
1006
1008
1004
1003
1013
1015
1014
1018
1007
1013
1013
1016
1009
1013
1014
1008
1006
1013
1009
1015
1020
1010
1013
1012
1006
1015
1005
1009
1014
1005
1012
1005
1006
1015
1013
1012
1012
1012
1011
1014
1016
1016
1007
1008
1004
1018
1020
1013
1021
1017
1021
1019
1011
1014
998
1009
1019
1016
1018
1021
1013
1022
1011
1009
1005
1017
1020
1022
1021
1014
1012
1008
1021
1012
1019
1012
1011
1013
1015
1018
1011
1024
1021
1017
1022
1013
1011
1016
1017
1018
1016
1019
1020
1023
1007
1016
1013
1014
1011
1016
1011
1006
1007
1010
1014
1013
1011
1010
1011
1006
1004
1007
1011
1011
1011
1014
1010
1015
1008
1004
1013
1009
1010
1012
1018
1015
1018
1017
1011
1016
1021
1012
1010
1013
1016
1012
1021
1010
1016
1012
1009
1017
1011
1012
1017
1007
1016
1018
1013
1006
1008
1014
1014
1006
1010
1010
1016
1005
1013
1018
1011
1017
1018
1014
1012
1011
1007
1011
1017
1014
1019
1013
1021
1024
1021
1023
1013
1014
1013
1018
1020
1022
1019
1019
1019
1016
1016
1015
1011
1022
1021
1013
1015
1014
1016
1020
1018
1025
1020
1012
1017
1011
1011
1017
1015
1015
1019
1025
1007
1010
1014
1009
1014
1015
1014
1014
1014
1019
1020
1011
1025
1014
1018
1015
1016
1017
1019
1022
1014
1022
1021
1016
1022
1023
1016
1023
1018
1025
1023
1027
1019
1011
1019
1020
1018
1021
1018
1023
1020
1021
1019
1023
1012
1021
1025
1025
1017
1019
1027
1031
1029
1027
1029
1034
1032
1030
1025
1028
1031
1019
1029
1015
1025
1021
1027
1019
1024
1012
1012
1018
1023
1013
1020
1017
1015
1019
1021
1022
1022
1017
1027
1024
1025
1031
1028
1026
1032
1032
1023
1018
1026
1024
1022
1022
1012
1015
1020
1019
1024
1022
1019
1022
1020
1018
1022
1029
1019
1027
1019
1028
1029
1019
1026
1026
1026
1022
1021
1025
1030
1031
1030
1030
1027
1031
1026
1022
1029
1026
1012
1027
1027
1029
1018
1028
1025
1024
1029
1029
1023
1024
1023
1021
1030
1022
1012
1018
1026
1026
1032
1027
1022
1023
1031
1028
1025
1020
1031
1023
1025
1021
1030
1032
1029
1019
1029
1027
1023
1023
1027
1028
1027
1030
1029
1025
1030
1027
1017
1025
1029
1025
1027
1024
1019
1024
1022
1021
1029
1023
1020
1028
1022
1026
1030
1029
1033
1032
1031
1034
1027
1029
1028
1032
1031
1028
1034
1022
1028
1026
1020
1033
1031
1022
1029
1019
1027
1027
1033
1030
1033
1036
1033
1033
1028
1033
1033
1030
1030
1029
1037
1033
1023
1027
1024
1024
1025
1027
1031
1029
1033
1032
1035
1032
1031
1033
1032
1032
1038
1033
1031
1034
1044
1030
1033
1039
1033
1033
1038
1033
1036
1046
1044
1040
1036
1041
1038
1045
1046
1045
1044
1045
1044
1041
1044
1047
1041
1039
1048
1047
1047
1041
1051
1047
1049
1045
1046
1044
1049
1041
1038
1038
1045
1035
1046
1035
1038
1040
1041
1041
1044
1040
1042
1051
1043
1046
1048
1046
1046
1044
1044
1043
1044
1049
1050
1055
1056
1057
1057
1051
1055
1046
1050
1045
1049
1050
1049
1047
1045
1046
1050
1041
1050
1043
1040
1038
1037
1042
1039
1045
1039
1039
1044
1038
1043
1035
1045
1047
1050
1047
1045
1047
1047
1040
1053
1048
1046
1043
1042
1048
1043
1048
1045
1049
1051
1046
1036
1042
1046
1044
1038
1044
1047
1045
1042
1045
1043
1041
1040
1048
1032
1040
1041
1037
1044
1048
1047
1046
1044
1045
1037
1045
1038
1039
1043
1044
1046
1042
1044
1045
1051
1050
1047
1050
1045
1038
1037
1040
1038
1039
1047
1042
1047
1037
1045
1040
1035
1035
1042
1042
1046
1052
1041
1033
1043
1041
1042
1051
1038
1047
1044
1040
1051
1047
1040
1039
1044
1044
1048
1042
1039
1050
1048
1047
1051
1047
1047
1053
1048
1052
1051
1047
1053
1058
1054
1054
1047
1048
1053
1043
1050
1043
1046
1045
1052
1055
1043
1055
1055
1053
1054
1049
1053
1045
1054
1057
1056
1055
1056
1060
1058
1050
1060
1049
1058
1054
1054
1058
1058
1059
1058
1051
1054
1058
1057
1053
1056
1062
1060
1054
1051
1056
1056
1047
1048
1050
1049
1044
1057
1051
1055
1052
1053
1049
1040
1046
1057
1047
1050
1054
1051
1045
1052
1053
1054
1051
1047
1058
1057
1058
1057
1048
1047
1048
1049
1053
1047
1055
1056
1055
1064
1048
1053
1055
1056
1053
1055
1060
1053
1051
1052
1048
1053
1056
1055
1042
1056
1056
1055
1048
1059
1055
1063
1057
1063
1058
1057
1058
1062
1056
1054
1052
1046
1054
1053
1060
1054
1059
1061
1062
1059
1061
1064
1066
1058
1061
1057
1062
1067
1064
1058
1064
1047
1064
1051
1058
1064
1060
1057
1060
1059
1057
1056
1056
1057
1057
1051
1061
1059
1052
1052
1051
1057
1057
1056
1057
1060
1057
1064
1060
1064
1061
1060
1064
1057
1064
1058
1051
1052
1052
1064
1058
1060
1059
1052
1053
1058
1055
1059
1052
1046
1054
1053
1051
1050
1058
1052
1051
1047
1054
1053
1051
1051
1057
1053
1051
1052
1053
1057
1054
1050
1047
1051
1051
1050
1041
1048
1055
1060
1051
1056
1045
1048
1049
1051
1058
1062
1050
1055
1052
1043
1053
1051
1054
1057
1049
1054
1052
1051
1051
1049
1055
1055
1056
1057
1057
1063
1058
1055
1067
1063
1053
1057
1057
1060
1061
1054
1060
1059
1062
1061
1054
1060
1061
1057
1052
1057
1064
1056
1061
1054
1058
1053
1057
1058
1059
1058
1057
1057
1058
1060
1058
1055
1059
1057
1052
1052
1050
1060
1062
1058
1058
1056
1057
1062
1053
1055
1057
1062
1047
1056
1066
1061
1059
1063
1062
1058
1064
1059
1062
1062
1065
1059
1059
1063
1054
1052
1058
1057
1059
1066
1069
1059
1057
1057
1058
1062
1062
1065
1071
1063
1066
1068
1062
1061
1064
1061
1061
1064
1061
1056
1055
1064
1069
1063
1059
1064
1070
1063
1064
1063
1063
1061
1057
1061
1059
1061
1063
1062
1054
1064
1062
1058
1065
1060
1061
1065
1063
1054
1056
1058
1052
1049
1059
1067
1064
1066
1068
1066
1066
1062
1067
1069
1067
1062
1067
1064
1064
1068
1069
1064
1068
1065
1058
1071
1067
1063
1064
1060
1062
1053
1060
1059
1067
1069
1067
1066
1059
1071
1065
1061
1064
1073
1067
1068
1063
1065
1068
1066
1068
1067
1064
1060
1069
1067
1059
1057
1058
1061
1060
1064
1061
1065
1057
1062
1070
1066
1058
1062
1071
1065
1063
1058
1052
1055
1060
1059
1066
1069
1067
1066
1067
1067
1063
1069
1067
1058
1063
1072
1069
1064
1058
1051
1062
1055
1052
1055
1058
1068
1063
1069
1069
1067
1071
1070
1062
1063
1064
1058
1061
1070
1062
1066
1062
1059
1064
1064
1062
1055
1059
1072
1066
1064
1058
1063
1072
1064
1059
1053
1059
1059
1063
1052
1061
1059
1056
1062
1063
1061
1068
1057
1062
1064
1063
1062
1063
1065
1063
1065
1066
1060
1058
1063
1054
1059
1058
1056
1056
1061
1064
1053
1061
1061
1061
1064
1061
1069
1071
1059
1064
1059
1054
1053
1064
1059
1063
1061
1062
1066
1059
1066
1059
1065
1059
1063
1067
1064
1062
1060
1065
1067
1063
1060
1059
1057
1062
1058
1055
1056
1054
1052
1059
1047
1059
1059
1059
1057
1064
1063
1067
1070
1064
1058
1056
1064
1059
1064
1057
1060
1055
1056
1058
1059
1056
1057
1059
1061
1048
1058
1056
1060
1058
1056
1052
1053
1063
1056
1059
1058
1053
1059
1058
1057
1064
1058
1061
1059
1060
1064
1061
1063
1065
1062
1057
1058
1061
1067
1057
1058
1056
1060
1063
1050
1059
1063
1058
1057
1048
1049
1058
1054
1058
1057
1055
1057
1062
1057
1061
1067
1063
1060
1058
1062
1053
1049
1059
1062
1055
1063
1055
1065
1047
1053
1068
1053
1062
1054
1058
1057
1058
1060
1055
1055
1048
1048
1054
1052
1060
1049
1063
1051
1057
1051
1057
1052
1050
1053
1050
1053
1052
1056
1050
1054
1048
1047
1048
1052
1058
1049
1063
1058
1060
1059
1066
1054
1053
1059
1057
1059
1053
1063
1059
1065
1059
1057
1058
1061
1053
1059
1058
1054
1062
1058
1055
1053
1058
1064
1061
1068
1066
1057
1070
1064
1062
1065
1057
1056
1053
1054
1056
1059
1069
1056
1064
1059
1063
1065
1054
1062
1064
1066
1070
1061
1059
1062
1059
1058
1054
1060
1064
1062
1052
1056
1057
1057
1061
1057
1061
1069
1056
1051
1066
1058
1062
1057
1050
1055
1054
1052
1050
1053
1059
1055
1053
1055
1049
1060
1059
1055
1055
1066
1061
1056
1063
1056
1060
1058
1060
1057
1060
1061
1055
1053
1058
1061
1051
1064
1053
1062
1050
1064
1069
1060
1062
1055
1060
1062
1055
1057
1062
1060
1065
1061
1064
1064
1069
1059
1062
1066
1066
1066
1063
1062
1064
1072
1067
1065
1060
1065
1059
1060
1063
1071
1062
1061
1067
1064
1062
1054
1067
1062
1053
1069
1066
1053
1066
1061
1065
1060
1061
1063
1061
1052
1062
1061
1060
1065
1066
1065
1063
1053
1067
1062
1063
1061
1065
1064
1060
1063
1065
1068
1059
1066
1070
1068
1071
1060
1074
1061
1066
1068
1075
1065
1067
1070
1072
1069
1069
1072
1073
1071
1067
1066
1070
1064
1064
1070
1067
1065
1065
1067
1064
1062
1070
1073
1070
1071
1067
1064
1076
1065
1065
1064
1061
1069
1074
1063
1063
1072
1066
1070
1069
1073
1072
1070
1069
1075
1073
1060
1068
1065
1065
1067
1066
1064
1067
1075
1070
1076
1071
1069
1072
1070
1070
1076
1077
1067
1066
1073
1060
1071
1075
1072
1078
1076
1076
1074
1076
1078
1075
1079
1069
1077
1069
1065
1070
1065
1064
1069
1071
1066
1065
1069
1073
1073
1074
1077
1076
1076
1075
1078
1068
1075
1064
1072
1066
1073
1069
1073
1064
1062
1066
1061
1074
1067
1064
1064
1067
1070
1058
1066
1067
1068
1076
1071
1069
1069
1076
1068
1070
1072
1075
1075
1075
1074
1075
1077
1067
1076
1063
1061
1066
1063
1067
1076
1071
1077
1069
1074
1073
1074
1072
1068
1061
1068
1060
1072
1069
1072
1063
1071
1074
1062
1062
1064
1068
1066
1066
1062
1069
1068
1073
1077
1067
1067
1068
1064
1069
1066
1070
1074
1072
1070
1075
1073
1071
1060
1064
1068
1062
1070
1071
1076
1076
1066
1073
1066
1067
1071
1073
1059
1064
1065
1068
1069
1073
1071
1069
1073
1060
1070
1072
1067
1064
1068
1072
1068
1062
1064
1060
1068
1073
1068
1065
1061
1070
1063
1060
1067
1069
1060
1067
1068
1068
1076
1069
1066
1070
1072
1062
1060
1070
1067
1065
1071
1067
1070
1074
1064
1068
1073
1072
1071
1072
1071
1067
1063
1062
1064
1071
1068
1070
1069
1061
1062
1077
1064
1066
1073
1067
1060
1068
1064
1070
1067
1063
1062
1066
1059
1067
1059
1063
1071
1059
1062
1058
1058
1062
1062
1065
1068
1060
1061
1072
1058
1054
1062
1067
1054
1058
1054
1057
1064
1065
1066
1058
1056
1049
1059
1063
1056
1055
1060
1060
1066
1059
1059
1058
1060
1056
1055
1056
1051
1061
1056
1055
1065
1062
1062
1061
1052
1056
1056
1056
1057
1059
1061
1054
1066
1070
1071
1064
1059
1059
1062
1061
1064
1056
1063
1059
1073
1070
1066
1063
1063
1069
1072
1068
1065
1063
1063
1069
1067
1068
1070
1070
1070
1063
1070
1064
1067
1059
1071
1072
1066
1068
1066
1070
1064
1076
1068
1064
1065
1070
1061
1067
1068
1062
1073
1072
1065
1066
1067
1067
1062
1066
1061
1061
1059
1055
1062
1063
1066
1061
1063
1069
1065
1063
1067
1073
1068
1065
1068
1067
1075
1074
1071
1070
1073
1073
1081
1074
1081
1066
1072
1072
1076
1080
1076
1070
1073
1073
1070
1052
1072
1075
1078
1075
1074
1071
1074
1064
1072
1070
1073
1062
1067
1074
1072
1075
1081
1068
1071
1075
1078
1075
1082
1080
1080
1073
1079
1076
1069
1063
1069
1070
1070
1067
1069
1069
1075
1065
1076
1070
1070
1067
1073
1072
1077
1076
1075
1069
1069
1068
1080
1064
1074
1080
1076
1074
1074
1073
1072
1075
1071
1076
1072
1070
1066
1079
1077
1080
1074
1079
1071
1070
1071
1071
1071
1066
1069
1079
1077
1078
1079
1071
1070
1077
1074
1074
1073
1080
1076
1076
1077
1067
1076
1076
1083
1077
1082
1065
1063
1065
1065
1070
1071
1071
1073
1075
1073
1064
1073
1077
1072
1070
1060
1074
1063
1063
1065
1072
1076
1069
1066
1065
1068
1064
1071
1075
1076
1076
1078
1071
1071
1072
1071
1067
1069
1071
1075
1067
1071
1069
1058
1060
1064
1062
1065
1065
1064
1064
1068
1071
1059
1061
1060
1065
1066
1063
1064
1065
1062
1063
1072
1067
1071
1068
1065
1067
1066
1059
1070
1069
1050
1055
1065
1072
1068
1069
1071
1062
1064
1074
1066
1073
1075
1068
1073
1072
1075
1074
1074
1077
1077
1075
1073
1067
1065
1065
1070
1070
1074
1073
1069
1067
1065
1064
1066
1069
1065
1069
1066
1071
1074
1074
1070
1075
1067
1078
1074
1069
1073
1073
1078
1074
1073
1078
1068
1068
1071
1071
1076
1070
1072
1065
1064
1070
1063
1067
1069
1060
1069
1077
1070
1075
1076
1077
1077
1073
1069
1065
1074
1070
1077
1075
1071
1068
1066
1071
1067
1074
1067
1074
1068
1073
1076
1075
1074
1068
1067
1060
1072
1062
1067
1063
1070
1068
1069
1065
1061
1066
1063
1061
1063
1072
1062
1068
1069
1065
1064
1067
1063
1071
1067
1073
1073
1072
1077
1071
1066
1069
1068
1067
1074
1078
1081
1069
1074
1071
1068
1072
1071
1068
1074
1076
1078
1075
1073
1067
1070
1071
1077
1076
1069
1073
1070
1071
1069
1067
1072
1070
1081
1076
1075
1077
1072
1076
1080
1071
1069
1075
1072
1064
1067
1074
1070
1076
1069
1077
1075
1069
1073
1068
1066
1072
1064
1078
1070
1070
1065
1066
1064
1062
1063
1064
1071
1069
1080
1071
1076
1075
1069
1073
1072
1074
1073
1074
1068
1070
1069
1067
1080
1075
1075
1073
1078
1072
1068
1074
1075
1080
1074
1074
1065
1069
1070
1072
1079
1076
1073
1072
1070
1073
1070
1067
1067
1072
1070
1071
1071
1069
1075
1071
1069
1073
1066
1076
1074
1070
1075
1073
1070
1073
1064
1070
1071
1070
1073
1068
1073
1073
1074
1078
1071
1064
1076
1067
1073
1071
1074
1068
1074
1068
1070
1073
1076
1068
1071
1071
1072
1070
1081
1080
1070
1073
1073
1067
1066
1064
1070
1067
1070
1068
1066
1066
1073
1063
1063
1068
1069
1069
1072
1068
1070
1070
1070
1073
1067
1067
1065
1062
1057
1072
1069
1064
1061
1060
1065
1058
1061
1063
1060
1067
1060
1066
1073
1066
1065
1060
1068
1060
1064
1067
1065
1058
1062
1065
1062
1062
1066
1066
1063
1074
1065
1076
1060
1061
1056
1067
1053
1065
1058
1058
1062
1064
1061
1059
1066
1067
1063
1067
1061
1057
1061
1054
1057
1061
1057
1050
1062
1053
1053
1057
1060
1053
1062
1063
1061
1057
1067
1057
1067
1065
1064
1055
1058
1064
1066
1065
1060
1063
1065
1056
1059
1059
1062
1059
1063
1056
1067
1059
1056
1067
1064
1065
1065
1061
1067
1056
1062
1062
1072
1065
1064
1056
1064
1058
1068
1062
1070
1064
1065
1065
1063
1066
1058
1064
1059
1063
1058
1060
1066
1062
1061
1063
1059
1057
1062
1060
1063
1054
1057
1061
1061
1056
1056
1062
1060
1056
1060
1064
1066
1054
1061
1057
1056
1058
1051
1058
1061
1054
1058
1065
1065
1062
1069
1069
1065
1062
1055
1057
1060
1058
1063
1073
1069
1065
1068
1063
1066
1059
1063
1068
1058
1063
1064
1063
1046
1054
1058
1058
1066
1062
1061
1050
1058
1055
1048
1047
1054
1048
1057
1057
1056
1050
1061
1052
1053
1050
1049
1045
1051
1052
1047
1048
1048
1047
1046
1052
1053
1056
1050
1065
1064
1058
1060
1064
1069
1066
1051
1063
1060
1060
1057
1060
1053
1052
1061
1059
1054
1059
1059
1060
1053
1063
1062
1062
1054
1051
1062
1059
1054
1062
1060
1063
1061
1056
1065
1063
1062
1063
1064
1063
1064
1059
1066
1061
1068
1076
1060
1060
1068
1065
1063
1059
1055
1060
1065
1062
1053
1056
1063
1065
1056
1065
1057
1059
1059
1053
1051
1058
1054
1055
1063
1058
1050
1057
1060
1054
1060
1054
1058
1060
1063
1063
1059
1061
1050
1061
1058
1059
1053
1053
1062
1059
1061
1062
1056
1066
1060
1065
1063
1063
1065
1061
1060
1063
1058
1067
1053
1057
1059
1044
1043
1051
1054
1049
1056
1053
1057
1053
1048
1052
1054
1058
1053
1054
1062
1065
1063
1057
1055
1055
1060
1062
1056
1057
1050
1059
1060
1058
1056
1062
1055
1059
1055
1052
1058
1054
1057
1065
1064
1061
1063
1065
1065
1057
1059
1056
1060
1059
1058
1064
1066
1059
1060
1069
1056
1065
1064
1063
1062
1057
1066
1061
1062
1061
1057
1068
1066
1059
1069
1066
1059
1061
1062
1066
