994
1000
993
991
991
993
998
995
1004
1001
998
992
995
992
996
990
999
998
992
998
992
991
999
994
991
996
1003
1006
1001
997
1001
999
1008
999
1005
1005
999
1000
1005
999
997
992
996
1001
1001
1001
1004
1002
1004
996
1000
997
1001
1000
1003
1002
994
1003
1007
997
1005
993
997
993
999
1000
1008
1002
999
1004
1005
1000
999
1003
1003
1001
1004
1002
1007
1007
1005
1001
1001
1000
1001
1007
998
996
1002
1009
1005
1002
1007
1002
999
993
999
995
1000
997
999
997
996
1006
1002
1000
1003
1003
998
999
999
1000
1000
1003
1003
1001
1005
1005
1010
1001
1004
1011
999
1001
996
1008
1004
999
1003
995
995
999
1002
999
993
1000
1000
993
1002
1001
1005
1007
996
1005
999
1001
998
991
998
998
1007
1004
1008
998
1005
1003
1000
997
999
1006
996
1004
1006
1006
1005
1000
998
1001
1002
1000
999
1004
1007
1006
1006
1003
1001
1001
1004
994
1003
1008
1004
993
1004
996
997
998
1002
997
997
994
998
999
985
993
992
1006
999
1003
1001
1001
1000
1001
999
1000
1012
1002
1000
1000
1001
996
1002
1003
1000
1000
992
1000
995
998
997
1010
1002
1009
1009
1007
1014
1006
1006
1013
1008
1007
1005
998
1007
1001
1005
995
1015
1001
998
999
1004
1004
1005
1008
1011
1007
1002
1002
999
1003
1001
1005
1006
1008
1011
1004
1003
997
1001
1007
1003
997
1002
999
1002
1002
1003
999
998
995
1003
1009
1001
997
999
991
1002
995
997
1005
1000
1002
1011
1005
1001
996
996
1003
1004
992
1000
997
999
1002
993
995
993
999
996
997
990
992
992
1003
994
1006
1006
991
998
998
994
995
995
993
1007
996
996
990
988
987
990
992
998
1000
991
992
988
979
992
994
992
988
988
983
989
996
990
982
980
991
989
989
980
989
992
985
994
988
985
999
1002
1000
998
1004
1002
999
1007
1011
1003
999
998
1002
1003
1000
1003
998
998
997
995
986
988
993
996
998
990
993
1000
988
1001
1003
1000
989
987
991
992
983
985
992
988
986
983
980
980
985
990
991
991
999
994
995
995
989
991
995
991
998
989
995
991
992
991
990
992
993
995
987
997
1000
983
1000
994
999
986
988
998
995
997
1000
998
993
994
1001
1002
1000
992
996
997
990
990
993
1000
1001
996
992
996
995
986
989
989
992
990
995
991
987
983
992
981
991
982
983
986
981
983
988
980
975
982
977
994
982
994
994
989
989
985
995
985
981
984
988
986
982
989
983
994
987
989
989
984
998
991
986
992
992
984
990
997
995
991
994
994
997
992
989
979
978
986
995
991
995
985
989
986
995
988
991
994
992
995
990
997
993
1002
1007
998
1002
994
997
998
1004
999
998
999
997
1005
996
1003
1004
1002
998
1006
1008
994
996
1013
1010
1005
998
1005
999
1007
1000
1008
1012
1002
1004
1005
996
999
996
997
997
997
993
994
996
985
999
996
1003
995
994
992
996
990
992
997
996
999
989
987
998
1002
996
995
991
1001
997
996
1004
1002
1006
1005
1009
1000
1010
1005
1006
1009
1015
1004
1007
1003
1004
1006
1010
1007
1001
1015
1008
998
1008
1002
1004
1014
1009
1006
1007
1006
1002
996
1007
1008
1006
1003
1000
1010
1011
1003
994
1003
1003
1003
1003
1003
997
1007
1000
999
994
999
1001
998
1004
1000
1000
999
998
1006
1006
1004
998
1005
999
998
998
1000
995
998
997
1002
999
1001
1000
998
1002
1002
1001
1000
999
1001
1012
1006
1001
998
1001
1005
992
996
997
996
998
1000
1002
1000
1000
996
997
1005
997
1005
1008
1004
1004
1003
1005
1006
1006
1007
1003
998
1002
998
994
997
993
1000
996
1004
999
999
1001
1002
989
1000
1006
1005
995
1002
998
1003
1000
1004
1004
991
1005
994
1005
992
991
996
997
1005
1003
1004
998
1001
1012
1004
1001
1009
1000
998
999
1008
1002
1001
1006
1000
1001
999
1001
1004
1011
1006
1010
1016
1009
1009
1013
1008
1005
1002
1001
1007
1011
1006
1003
1010
1010
1008
1007
1012
1013
1006
1007
1006
1015
1005
1008
1009
1002
997
1001
1003
1005
1009
1002
1006
1002
1011
1003
1009
1005
1007
1006
1009
1008
1013
999
1011
1006
1002
1007
1002
995
1000
1009
1006
1016
1008
1005
1005
1007
1007
1002
1007
1012
1007
1008
1010
1011
1000
1002
999
994
1005
1011
1015
1000
1005
1006
1000
1005
1013
1024
1006
1013
1014
1014
1009
1015
1013
1014
1017
1014
1011
1010
1010
1013
1013
1012
1019
1013
1013
1004
1005
1002
1009
1000
1001
1010
999
1005
1007
1001
1004
1009
1006
1014
1011
1020
1005
1012
1022
1018
1010
1024
1016
1022
1022
1023
1023
1019
1023
1020
1029
1028
1028
1023
1024
1023
1028
1026
1028
1023
1031
1029
1029
1028
1022
1029
1021
1027
1024
1024
1025
1022
1021
1007
1003
1007
1014
1021
1018
1023
1018
1016
1015
1020
1016
1021
1016
1018
1018
1008
1018
1017
1017
1018
1019
1024
1016
1011
1012
1014
1017
1018
1019
1013
1018
1016
1019
1023
1014
1022
1014
1015
1018
1024
1018
1024
1021
1021
1017
1018
1015
1020
1012
1021
1023
1015
1023
1023
1031
1025
1022
1022
1019
1007
1021
1020
1019
1017
1026
1022
1016
1017
1022
1016
1015
1014
1019
1014
1014
1017
1021
1017
1023
1017
1023
1023
1019
1015
1017
1010
1013
1010
1024
1015
1018
1020
1010
1020
1015
1019
1011
1015
1016
1016
1017
1019
1018
1021
1013
1025
1025
1011
1017
1025
1026
1029
1031
1022
1030
1029
1028
1023
1020
1019
1024
1021
1023
1017
1006
1009
1017
1013
1018
1021
1025
1014
1017
1026
1023
1021
1020
1011
1024
1020
1014
1019
1029
1021
1021
1022
1025
1028
1017
1020
1017
1013
1018
1015
1017
1021
1015
1017
1015
1015
1022
1016
1019
1025
1021
1026
1025
1026
1024
1030
1022
1018
1016
1019
1015
1018
1019
1024
1021
1021
1012
1011
1022
1018
1025
1013
1013
1018
1018
1017
1013
1020
1017
1012
1019
1017
1015
1013
1017
1015
1016
1011
1008
1010
1015
1021
1023
1020
1015
1018
1020
1022
1028
1020
1020
1024
1022
1028
1022
1020
1023
1021
1017
1018
1017
1022
1012
1017
1025
1020
1013
1018
1022
1021
1020
1025
1022
1021
1017
1021
1016
1020
1017
1010
1017
1018
1011
1025
1016
1015
1019
1018
1019
1016
1014
1015
1020
1015
1023
1018
1016
1017
1019
1014
1020
1022
1012
1013
1008
1022
1015
1014
1020
1009
1012
1018
1011
1014
1017
1021
1022
1019
1022
1027
1017
1014
1014
1021
1020
1017
1022
1018
1021
1021
1029
1019
1030
1025
1021
1016
1024
1021
1018
1016
1029
1024
1035
1023
1022
1019
1025
1022
1022
1019
1013
1024
1025
1029
1024
1030
1022
1024
1025
1025
1027
1018
1028
1028
1027
1024
1029
1021
1024
1028
1028
1023
1032
1029
1025
1020
1022
1021
1022
1025
1022
1019
1029
1028
1035
1026
1023
1023
1021
1023
1014
1025
1020
1031
1027
1024
1018
1017
1016
1020
1017
1016
1021
1027
1015
1019
1023
1014
1013
1024
1023
1024
1018
1031
1019
1018
1023
1018
1024
1017
1023
1026
1027
1023
1017
1026
1011
1014
1024
1025
1020
1022
1017
1018
1020
1017
1024
1017
1019
1019
1016
1018
1018
1006
1025
1014
1023
1017
1017
1022
1018
1025
1020
1019
1020
1015
1022
1022
1015
1017
1012
1018
1021
1012
1014
1019
1020
1018
1019
1015
1016
1020
1019
1016
1011
1009
1008
1014
1015
1022
1007
1010
1019
1025
1013
1024
1025
1021
1025
1024
1023
1027
1024
1015
1013
1015
1021
1015
1020
1023
1030
1015
1012
1022
1019
1022
1022
1022
1023
1018
1025
1030
1023
1021
1019
1026
1027
1031
1009
1018
1018
1011
1022
1019
1022
1024
1018
1017
1021
1023
1022
1022
1018
1030
1029
1020
1024
1028
1025
1021
1036
1030
1039
1033
1030
1026
1037
1031
1040
1035
1034
1029
1028
1018
1024
1032
1034
1034
1023
1028
1027
1023
1030
1024
1029
1024
1028
1025
1021
1018
1022
1027
1024
1029
1015
1024
1025
1026
1025
1026
1018
1021
1024
1025
1018
1030
1016
1028
1016
1027
1021
1028
1024
1024
1030
1017
1026
1027
1023
1026
1025
1024
1029
1024
1023
1017
1015
1004
1016
1006
1014
1016
1014
1024
1019
1017
1019
1016
1016
1025
1020
1023
1025
1030
1025
1025
1026
1022
1026
1022
1031
1027
1025
1024
1023
1024
1026
1028
1015
1022
1025
1019
1026
1017
1026
1028
1026
1034
1032
1026
1028
1024
1033
1025
1019
1030
1024
1021
1025
1027
1030
1027
1017
1025
1016
1024
1024
1031
1022
1024
1022
1017
1030
1030
1027
1020
1023
1035
1027
1022
1025
1027
1035
1028
1034
1032
1031
1034
1034
1032
1029
1026
1039
1043
1037
1033
1025
1036
1025
1029
1026
1036
1030
1023
1033
1037
1042
1033
1028
1030
1027
1026
1027
1032
1021
1033
1028
1030
1033
1027
1015
1021
1028
1029
1022
1018
1026
1024
1027
1029
1029
1025
1021
1019
1015
1015
1016
1013
1014
1004
1011
1017
1011
1019
1019
1021
1024
1015
1020
1017
1022
1027
1021
1023
1027
1013
1014
1014
1017
1019
1017
1025
1023
1016
1017
1016
1023
1020
1021
1022
1028
1017
1029
1022
1026
1024
1025
1027
1029
1024
1033
1028
1024
1027
1025
1019
1022
1025
1026
1033
1036
1036
1032
1024
1022
1027
1022
1030
1033
1033
1028
1026
1030
1025
1033
1018
1025
1026
1031
1026
1026
1027
1019
1027
1026
1029
1031
1035
1035
1030
1028
1026
1026
1022
1037
1033
1027
1025
1021
1033
1024
1022
1028
1032
1029
1018
1022
1021
1019
1022
1031
1033
1030
1022
1028
1027
1039
1032
1031
1034
1027
1037
1040
1030
1043
1036
1035
1032
1034
1035
1034
1032
1037
1034
1029
1031
1034
1039
1028
1029
1033
1033
1031
1035
1036
1032
1034
1035
1036
1043
1039
1032
1036
1040
1030
1026
1035
1040
1043
1035
1039
1035
1041
1043
1032
1034
1045
1036
1036
1035
1032
1031
1031
1022
1028
1030
1028
1030
1026
1026
1014
1027
1028
1026
1021
1024
1024
1030
1028
1025
1024
1028
1035
1040
1034
1029
1032
1040
1037
1030
1034
1036
1029
1032
1039
1038
1041
1036
1031
1039
1033
1039
1037
1035
1041
1044
1029
1036
1037
1039
1045
1039
1032
1037
1042
1035
1035
1031
1042
1040
1035
1050
1043
1040
1038
1031
1023
1035
1030
1035
1028
1029
1025
1038
1032
1042
1028
1034
1029
1026
1036
1030
1029
1030
1036
1032
1030
1034
1047
1036
1041
1034
1040
1042
1038
1043
1034
1033
1042
1046
1038
1041
1040
1042
1039
1042
1039
1041
1048
1040
1047
1034
1034
1041
1034
1046
1034
1039
1046
1045
1045
1039
1040
1038
1038
1037
1038
1043
1036
1030
1042
1034
1036
1033
1033
1036
1028
1031
1041
1040
1039
1033
1035
1038
1038
1037
1035
1037
1031
1034
1036
1038
1033
1036
1029
1034
1036
1026
1037
1032
1036
1037
1036
1036
1038
1032
1038
1029
1031
1037
1038
1038
1026
1036
1033
1031
1027
1031
1037
1031
1041
1029
1026
1039
1038
1038
1037
1042
1041
1034
1030
1035
1036
1039
1042
1046
1046
1040
1034
1026
1038
1044
1040
1029
1034
1034
1039
1042
1037
1036
1045
1045
1040
1038
1039
1038
1034
1046
1035
1042
1047
1038
1049
1041
1036
1038
1039
1041
1040
1044
1030
1034
1046
1040
1047
1045
1043
1035
1037
1045
1039
1045
1034
1048
1041
1040
1029
1029
1034
1029
1032
1037
1034
1031
1036
1025
1043
1034
1039
1040
1036
1038
1033
1033
1032
1027
1029
1037
1029
1039
1035
1029
1028
1039
1035
1039
1035
1034
1034
1029
1026
1029
1033
1029
1028
1030
1037
1027
1034
1035
1039
1037
1038
1033
1036
1043
1035
1036
1043
1036
1038
1039
1042
1037
1040
1041
1046
1041
1040
1036
1042
1035
1042
1039
1035
1037
1038
1036
1033
1039
1035
1040
1040
1038
1035
1030
1023
1036
1041
1041
1035
1041
1036
1036
1034
1042
1039
1037
1035
1042
1047
1034
1045
1042
1044
1045
1046
1039
1037
1038
1037
1032
1035
1034
1034
1042
1041
1036
1039
1042
1040
1042
1040
1042
1042
1036
1038
1042
1036
1036
1034
1038
1031
1031
1030
1041
1040
1043
1043
1045
1033
1042
1038
1037
1034
1032
1038
1043
1036
1038
1037
1041
1039
1032
1034
1037
1036
1033
1040
1040
1045
1041
1041
1036
1039
1041
1033
1037
1035
1036
1037
1048
1047
1055
1047
1036
1044
1050
1039
1047
1042
1045
1049
1052
1044
1044
1042
1044
1037
1033
1039
1038
1036
1044
1036
1041
1044
1041
1042
1036
1041
1040
1042
1037
1043
1038
1036
1035
1033
1033
1033
1035
1037
1031
1028
1026
1039
1035
1028
1033
1038
1035
1041
1040
1042
1037
1045
1039
1044
1035
1042
1029
1035
1039
1028
1034
1035
1040
1037
1042
1036
1046
1039
1036
1041
1045
1037
1036
1047
1043
1046
1048
1049
1050
1044
1044
1041
1038
1039
1037
1045
1038
1043
1040
1046
1045
1041
1042
1045
1045
1044
1033
1039
1036
1030
1040
1036
1038
1047
1048
1038
1046
1046
1043
1040
1033
1034
1026
1038
1037
1042
1037
1048
1034
1038
1035
1037
1030
1034
1045
1041
1037
1034
1028
1036
1034
1033
1036
1033
1036
1030
1032
1037
1038
1037
1044
1034
1026
1026
1034
1035
1036
1039
1041
1023
1041
1033
1036
1040
1040
1033
1033
1037
1037
1038
1035
1036
1025
1035
1042
1033
1032
1037
1041
1040
1041
1040
1040
1038
1033
1041
1038
1038
1040
1030
1030
1023
1026
1035
1034
1029
1035
1035
1023
1031
1031
1033
1031
1036
1037
1040
1036
1044
1045
1035
1038
1049
1035
1043
1042
1037
1043
1038
1036
1038
1039
1039
1035
1037
1035
1033
1035
1038
1043
1039
1033
1037
1035
1036
1032
1045
1039
1034
1035
1034
1038
1035
1030
1037
1031
1043
1038
1036
1025
1046
1026
1038
1040
1043
1038
1042
1040
1045
1043
1044
1040
1042
1048
1047
1045
1036
1039
1039
1036
1041
1032
1033
1037
1048
1041
1039
1039
1033
1038
1029
1039
1047
1044
1043
1041
1032
1044
1033
1032
1036
1037
1031
1038
1042
1047
1043
1035
1042
1028
1034
1033
1030
1032
1037
1033
1030
1031
1039
1040
1041
1042
1046
1041
1040
1041
1036
1036
1046
1038
1040
1044
1040
1037
1040
1028
1038
1036
1030
1036
1031
1027
1029
1036
1030
1029
1031
1037
1034
1029
1035
1037
1034
1039
1031
1036
1036
1031
1035
1031
1030
1039
1031
1033
1030
1027
1033
1031
1038
1027
1034
1038
1033
1035
1037
1035
1036
1036
1044
1041
1041
1044
1046
1047
1037
1046
1044
1038
1045
1040
1049
1041
1036
1043
1043
1044
1042
1047
1041
1049
1047
1043
1050
1040
1044
1044
1042
1044
1049
1044
1046
1049
1042
1046
1038
1045
1048
1048
1038
1046
1042
1055
1042
1054
1051
1042
1047
1049
1045
1043
1049
1045
1034
1044
1044
1043
1042
1043
1034
1043
1039
1042
1035
1039
1038
1036
1040
1047
1048
1054
1052
1044
1050
1041
1042
1044
1043
1039
1039
1040
1041
1039
1041
1047
1033
1039
1048
1052
1042
1043
1038
1034
1046
1045
1046
1040
1041
1043
1045
1048
1042
1048
1046
1048
1043
1044
1044
1038
1042
1047
1044
1041
1044
1050
1045
1051
1048
1043
1056
1047
1046
1045
1043
1042
1042
1045
1039
1048
1041
1040
1045
1037
1047
1044
1039
1039
1042
1037
1035
1040
1041
1039
1037
1037
1042
1035
1042
1041
1039
1036
1036
1040
1040
1040
1033
1037
1043
1037
1038
1037
1040
1037
1035
1034
1033
1029
1032
1032
1027
1032
1034
1033
1044
1044
1033
1033
1031
1037
1035
1039
1026
1031
1041
1037
1034
1035
1039
1038
1036
1040
1038
1034
1037
1035
1033
1035
1036
1032
1027
1039
1035
1038
1036
1032
1040
1037
1040
1044
1030
1033
1042
1039
1032
1038
1041
1035
1031
1040
1036
1042
1037
1035
1041
1041
1036
1044
1039
1029
1027
1028
1023
1032
1039
1039
1036
1038
1032
1032
1032
1037
1036
1034
1037
1038
1030
1035
1034
1039
1039
1038
1035
1030
1037
1039
1039
1020
1029
1033
1036
1028
1033
1037
1036
1039
1038
1026
1040
1034
1028
1034
1033
1036
1040
1036
1032
1032
1039
1038
1025
1037
1034
1042
1033
1026
1032
1030
1032
1030
1029
1034
1022
1032
1029
1039
1033
1036
1037
1038
1038
1039
1038
1037
1027
1031
1029
1029
1034
1031
1039
1038
1029
1029
1028
1044
1028
1037
1036
1032
1036
1031
1035
1038
1036
1038
1031
1024
1021
1033
1030
1036
1036
1038
1031
1029
1038
1039
1029
1032
1024
1032
1026
1027
1034
1029
1036
1034
1027
1032
1039
1034
1033
1031
1030
1031
1030
1027
1031
1029
1024
1026
1034
1032
1034
1038
1032
1038
1038
1042
1039
1038
1040
1038
1046
1035
1039
1033
1037
1036
1040
1036
1024
1033
1036
1035
1041
1040
1039
1047
1038
1037
1039
1037
1034
1040
1031
1036
1039
1035
1039
1043
1043
1034
1041
1042
1038
1035
1041
1036
1045
1042
1042
1037
1046
1043
1048
1039
1039
1039
1041
1037
1048
1045
1036
1039
1044
1050
1045
1056
1048
1050
1042
1046
1045
1044
1053
1052
1057
1049
1041
1042
1036
1036
1041
1050
1045
1052
1041
1040
1041
1043
1036
1046
1050
1048
1042
1041
1043
1033
1040
1047
1045
1047
1042
1052
1051
1049
1045
1044
1039
1049
1044
1053
1049
1050
1057
1055
1053
1048
1050
1045
1046
1045
1043
1051
1036
1038
1040
1046
1040
1042
1040
1043
1036
1045
1045
1039
1045
1034
1036
1038
1043
1036
1044
1036
1035
1024
1026
1046
1040
1043
1039
1040
1037
1038
1039
1046
1038
1040
1038
1035
1042
1044
1035
1043
1039
1033
1050
1042
1044
1039
1049
1046
1045
1041
1046
1046
1043
1045
1046
1048
1052
1050
1043
1042
1043
1047
1041
1050
1042
1042
1050
1045
1038
1036
1036
1049
1039
1040
1034
1043
1040
1044
1044
1050
1044
1044
1047
1051
1051
1058
1049
1042
1045
1049
1038
1045
1043
1039
1041
1044
1047
1047
1044
1056
1041
1047
1041
1039
1039
1040
1047
1048
1051
1044
1043
1043
1046
1049
1041
1042
1048
1047
1045
1047
1039
1037
1038
1043
1046
1038
1039
1034
1037
1039
1039
1046
1038
1039
1047
1039
1041
1042
1037
1041
1046
1043
1043
1044
1036
1046
1046
1045
1046
1044
1047
1045
1047
1050
1044
1052
1051
1045
1046
1044
1043
1047
1043
1050
1047
1050
1054
1045
1044
1044
1043
1048
1044
1051
1041
1048
1042
1053
1045
1046
1039
1050
1052
1046
1045
1044
1044
1044
1042
1047
1039
1043
1043
1048
1054
1049
1053
1050
1048
1052
1046
1045
1050
1050
1061
1046
1056
1056
1054
1050
1052
1052
1049
1054
1048
1041
1050
1052
1049
1053
1047
1045
1051
1048
1047
1046
1050
1047
1044
1044
1041
1050
1047
1030
1039
1041
1041
1048
1052
1048
1042
1052
1050
1050
1044
1041
1038
1042
1043
1051
1029
1048
1037
1044
1041
1045
1034
1034
1042
1046
1044
1051
1035
1035
1037
1044
1031
1038
1035
1041
1047
1048
1050
1037
1046
1041
1044
1042
1034
1030
1036
1038
1038
1034
1040
1047
1044
1039
1036
1046
1046
1055
1049
1039
1036
1036
1030
1052
1044
1042
1045
1048
1048
1052
1046
1049
1044
1044
1048
1049
1042
1041
1044
1044
1042
1047
1042
1046
1053
1047
1041
1048
1047
1039
1043
1044
1041
1034
1043
1049
1040
1039
1036
1046
1043
1044
1038
1027
1036
1035
1034
1037
1033
1036
1039
1029
1033
1034
1040
1029
1036
1042
1040
1036
1047
1040
1045
1046
1051
1043
1050
1056
1054
1050
1049
1047
1046
1046
1048
1060
1048
1045
1034
1037
1037
1042
1045
1038
1042
1040
1040
1033
1044
1048
1040
1037
1039
1039
1039
1046
1044
1051
1051
1046
1047
1043
1046
1051
1054
1042
1046
1045
1052
1045
1045
1047
1050
1043
1046
1044
1039
1045
1047
1036
1045
1034
1040
1037
1043
1042
1040
1032
1034
1050
1041
1037
1039
1039
1039
1039
1047
1034
1031
1033
1038
1040
1045
1042
1047
1037
1034
1032
1036
1040
1031
1041
1039
1040
1046
1043
1048
1039
1044
1052
1048
1047
1042
1050
1050
1048
1050
1045
1041
1050
1043
1046
1048
1040
1040
1046
1043
1040
1038
1034
1045
1043
1040
1042
1038
1037
1040
1037
1038
1037
1036
1041
1037
1042
1043
1036
1041
1053
1054
1041
1032
1034
1031
1041
1043
1041
1036
1036
1032
1032
1041
1042
1035
1052
1051
1049
1045
1046
1033
1037
1038
1034
1038
1034
1039
1031
1039
1036
1039
1041
1040
1038
1038
1034
1046
1042
1034
1044
1033
1034
1037
1035
1037
1028
1034
1032
1038
1039
1032
1032
1034
1034
1036
1042
1047
1039
1041
1040
1035
1038
1043
1037
1041
1044
1037
1034
1035
1037
1043
1044
1039
1038
1037
1043
1036
1043
1040
1029
1033
1042
1029
1032
1037
1038
1034
1033
1037
1035
1034
1041
1042
1034
1029
1019
1026
1025
1033
1032
1036
1026
1037
1039
1041
1039
1036
1038
1036
1034
1041
1038
1029
1041
1036
1028
1031
1034
1032
1029
1029
1036
1033
1026
1033
1028
1037
1032
1036
1039
1047
1033
1034
1034
1038
1041
1039
1038
1038
1034
1036
1043
1037
1036
1039
1039
1040
1038
1040
1038
1047
1049
1036
1040
1042
1047
1046
1032
1043
1038
1044
1050
1053
1048
1040
1049
1049
1049
1050
1045
1050
1042
1042
1047
1043
1039
1038
1047
1038
1041
1040
1048
1051
1051
1044
1048
1046
1050
1049
1044
1046
1048
1047
1047
1053
1048
1051
1049
1054
1046
1049
1041
1052
1048
1049
1047
1041
1048
1044
1048
1043
1042
1045
1042
1045
1037
1047
1048
1053
1043
1044
1043
1040
1048
1047
1047
1036
1045
1051
1047
1042
1039
1039
1038
1048
1047
1048
1052
1047
1039
1047
1047
1031
1045
1041
1040
1037
1040
1040
1043
1037
1037
1027
1035
1034
1038
1029
1038
1036
1032
1044
1037
1036
1041
1037
1031
1043
1040
1035
1034
1049
1033
1039
1049
1044
1041
1052
1051
1050
1052
1047
1043
1043
1044
1046
1042
1042
1043
1040
1034
1042
1036
1037
1036
1033
1043
1043
1032
1033
1038
1039
1040
