998
999
998
1009
1002
998
1001
1003
1001
996
991
984
995
988
994
1000
999
994
995
996
993
991
998
999
988
994
992
994
999
997
987
994
993
998
995
992
990
990
985
993
996
997
996
995
987
990
988
989
986
991
1000
992
996
985
999
990
995
997
1001
1001
999
1000
1008
1007
1011
1001
1001
1005
1001
1010
1003
1007
1006
1002
1005
997
998
1000
996
996
1000
993
999
999
994
999
1012
1008
1000
999
1006
1011
1010
1001
1006
997
1010
1002
1006
1008
1005
1015
1012
1007
1005
1013
1011
1012
1009
1018
1011
1021
1016
1015
1025
1010
1014
1005
1003
1010
1006
1014
1008
1015
1010
1013
1009
1008
1011
1015
1016
1011
1002
1013
1014
1021
1012
1013
1018
1009
1016
1023
1007
1020
1013
1015
1014
1010
1017
1012
1012
1015
1019
1017
1009
1012
1010
1011
1007
1008
1018
1002
1003
1005
1013
1012
1011
1015
1010
1011
1017
1010
1015
1018
1023
1009
1011
1016
1019
1008
1009
1022
1015
1025
1018
1022
1014
1003
1013
1021
1015
1019
1017
1016
1015
1018
1014
1015
1017
1009
1009
1008
1007
1020
1015
1012
1008
1015
1016
1017
1016
1005
1013
1022
1025
1027
1015
1012
1019
1008
1021
1020
1011
1007
1015
1006
1010
1008
1012
1001
1013
1006
1012
1005
1015
1003
1007
1002
1013
1004
1003
1001
1002
1009
1006
1010
1013
1012
1007
1010
1021
1014
1011
1017
1015
1021
1021
1011
1015
1011
1010
1011
1011
1009
1013
1013
1010
1010
1017
1010
1009
1007
1010
1010
1013
1014
1010
1009
1012
1016
1014
1002
1003
995
1007
998
1000
1007
1002
1007
1001
1003
1006
1005
998
1004
1004
1007
1001
1009
1008
1003
1006
1010
1006
1007
1003
1004
1014
1008
1006
1005
1009
1012
1007
1004
1003
1007
1014
1006
1005
1000
1002
1012
1009
1005
1008
1016
1005
1009
1002
1000
998
997
1001
1003
1001
1006
1005
1002
994
1004
993
1005
999
1002
1001
995
1003
999
1006
1008
1009
999
1008
1007
1008
1006
1003
1007
1006
1009
1010
1015
1009
1008
1001
1002
1006
1005
999
1005
996
1005
1004
1006
1013
1002
1001
1006
999
1008
1007
1009
1009
1006
1010
1009
1005
1010
1006
1005
1008
1007
1004
1011
1011
1005
1012
1015
1007
1006
1002
1008
1006
1004
1006
1003
1012
1011
1000
1005
997
1010
1003
1006
1008
1003
1007
1009
1005
1010
1006
1006
1007
1006
1007
997
1000
1006
1014
1009
1005
1003
1012
1009
1014
1014
1012
1005
999
998
1006
996
1002
996
1004
1004
1002
997
991
998
1004
1007
1002
1001
1004
1004
1008
1003
998
1009
1007
1007
1002
1003
998
1014
1008
995
1004
1005
1003
1006
1005
1004
1011
1005
996
1001
1011
1000
1007
1002
1005
996
1008
1003
1012
1011
1003
999
1010
1013
1006
1003
1007
1004
995
1000
998
1000
995
1002
996
995
1000
1002
996
995
992
1001
999
1004
998
996
997
1002
992
998
999
992
1001
999
996
998
993
1004
1008
1007
1009
1001
994
1008
1006
1006
1004
1010
1003
998
1002
1002
997
994
1004
1004
1000
997
1000
996
997
1000
997
998
1007
1006
1009
1005
1007
1003
1006
1008
1008
1011
1011
1001
1007
1008
1004
1010
1003
1006
994
1002
996
999
1000
1000
1001
1004
1002
987
997
996
994
1001
1008
1003
999
1007
999
1001
1001
1000
994
1002
999
1010
999
1002
1003
1001
999
1002
1006
1012
1003
1004
995
996
1002
1004
998
999
1003
1003
998
999
999
1001
1005
1000
991
999
992
984
1001
998
1002
997
997
1001
1003
1001
1001
1002
1002
1003
1001
1008
998
1007
1004
1000
993
1006
1005
1002
1005
1001
1006
993
993
994
1000
990
996
1001
999
1002
1005
1005
1011
1014
1005
1001
1005
1007
1013
1000
1001
1000
1006
1004
1011
1004
1008
997
992
1003
997
1001
1003
1001
997
1010
1006
1003
1001
995
1005
999
1009
1009
1002
1004
1002
1008
1008
1000
1016
1013
1012
1011
1008
1017
1016
1005
1000
1011
1004
1011
1007
1010
1011
1004
1010
1007
1007
1013
1015
1011
1020
1007
1008
1017
1009
1007
1008
1015
1006
1003
1016
1004
1010
1006
1004
1005
1011
1005
1010
1004
1003
1004
1002
1007
1010
1009
1003
1010
1009
1010
1008
1005
1005
1002
1002
1007
1009
1003
1001
995
999
1002
998
998
991
1002
1002
1001
1006
997
1002
1008
1004
1002
1008
998
999
1007
1001
998
1000
999
997
997
995
1004
1003
999
998
992
1000
1010
999
1008
997
1002
1002
1000
1007
1002
1005
1010
1009
1012
1009
1011
1013
1010
1013
1008
1004
1014
1011
1012
1012
1004
1011
1015
1013
1021
1015
1013
1021
1021
1018
1007
1006
1015
1011
1007
1013
1006
1000
1002
1006
1011
1012
1009
1010
1012
1013
1014
1012
1008
997
1002
999
1004
1006
1002
1003
1009
1002
1002
999
1007
1008
1005
1009
1009
1005
1010
1005
1004
1005
1008
1012
1006
1008
1010
1012
1005
1005
1004
1009
1005
1009
1004
1006
1013
1002
1009
1010
1009
1010
1009
1005
1007
1007
1007
1008
1008
1003
1007
1008
1012
1004
1005
1009
1005
1010
1005
1005
998
999
997
1004
1001
996
1003
1002
1002
1011
1009
1008
1004
1002
1007
1001
1009
1009
1003
1015
1018
1020
1026
1023
1017
1019
1021
1013
1018
1021
1010
1010
1010
1012
1012
1010
1010
1007
1006
1015
1015
1016
1010
1015
1001
1007
1010
1013
1012
1008
1007
1007
1004
1005
1004
1003
1000
1006
1003
1016
1002
1013
1012
1013
1002
1010
1010
1012
1009
1011
1012
1015
1005
1007
1010
1015
1010
1017
1014
1017
1020
1012
1007
1017
1013
1019
1019
1018
1014
1012
1012
1021
1012
1020
1011
1012
1014
1009
1004
1010
1017
1020
1015
1020
1014
1017
1011
1010
1010
1012
1012
1019
1010
1012
1014
1014
1015
1015
1017
1015
1020
1024
1020
1023
1014
1010
1009
1020
1022
1012
1008
1014
1008
1008
1012
1013
1011
1006
1009
1007
1017
1012
1008
1012
1010
1022
1012
1008
1018
1016
1012
1020
1014
1015
1019
1010
1019
1016
1009
1016
1018
1020
1013
1024
1019
1020
1017
1020
1009
1015
1022
1003
1013
1014
1012
1015
1012
1015
1016
1008
1001
1003
1010
1015
1010
1008
1007
1016
1006
1008
1005
1012
1007
1010
1007
1005
1003
1005
1003
1013
1008
1006
1006
1006
1012
1015
1010
1004
1012
1009
1016
1016
1011
1006
1004
1008
1012
1008
1004
1005
1008
1009
1013
1007
1012
1009
1009
1019
1007
1003
1013
1014
1012
1016
1019
1016
1016
1017
1018
1013
1020
1013
1020
1022
1023
1021
1015
1017
1016
1017
1013
1020
1011
1013
1007
1016
1022
1010
1005
1012
1003
1008
1011
1017
1011
1017
1020
1017
1015
1013
1019
1019
1007
1011
1013
1016
1005
1015
1008
1009
1011
1007
1012
1004
1009
1014
1011
1014
1013
1016
1008
1010
1015
1006
1015
1011
1008
1002
1011
1011
1017
1009
1019
1011
1012
1015
1014
1014
1010
1015
1018
1013
1014
1011
1014
1009
1011
1016
1013
1006
1013
1017
1015
1016
1014
1011
1012
1012
1017
1023
1014
1006
1016
1021
1023
1025
1020
1019
1022
1022
1021
1022
1023
1027
1022
1027
1030
1021
1020
1018
1022
1018
1016
1021
1021
1022
1020
1016
1022
1023
1019
1011
1024
1021
1021
1021
1030
1024
1025
1022
1019
1020
1017
1021
1021
1019
1024
1024
1023
1024
1023
1021
1026
1026
1020
1022
1018
1022
1020
1022
1024
1027
1019
1029
1025
1019
1024
1023
1023
1022
1017
1021
1025
1022
1023
1018
1014
1018
1015
1011
1016
1016
1020
1014
1012
1010
1011
1017
1017
1016
1022
1019
1018
1020
1011
1023
1029
1014
1016
1014
1019
1006
1012
1016
1013
1014
999
1017
1018
1023
1016
1021
1015
1015
1012
1016
1013
1016
1022
1012
1021
1015
1018
1014
1012
1017
1019
1018
1014
1023
1021
1017
1017
1020
1017
1015
1015
1022
1025
1022
1022
1025
1019
1015
1026
1015
1018
1020
1017
1014
1010
1014
1015
1012
1016
1019
1016
1017
1016
1021
1016
1020
1016
1017
1019
1017
1018
1020
1016
1012
1021
1021
1019
1018
1021
1018
1015
1021
1020
1018
1022
1016
1012
1020
1018
1009
1017
1024
1024
1022
1020
1011
1021
1023
1021
1021
1029
1024
1016
1017
1021
1019
1012
1020
1023
1012
1015
1011
1014
1006
1016
1011
1014
1015
1028
1016
1019
1024
1022
1015
1020
1024
1026
1020
1028
1021
1023
1021
1023
1020
1016
1012
1026
1019
1023
1026
1014
1019
1021
1017
1015
1022
1022
1023
1017
1016
1024
1017
1016
1021
1021
1011
1016
1023
1017
1012
1020
1021
1027
1025
1022
1018
1024
1025
1021
1020
1016
1014
1023
1018
1025
1024
1021
1019
1024
1030
1024
1017
1031
1027
1027
1027
1028
1023
1026
1029
1023
1026
1024
1025
1026
1021
1024
1019
1018
1033
1028
1029
1031
1025
1030
1031
1026
1029
1026
1018
1034
1034
1022
1033
1034
1030
1031
1029
1027
1025
1022
1026
1029
1038
1031
1027
1031
1027
1033
1032
1031
1035
1035
1032
1039
1038
1038
1022
1029
1031
1035
1033
1031
1034
1035
1035
1025
1027
1031
1028
1026
1034
1034
1033
1037
1025
1031
1025
1028
1033
1036
1031
1016
1020
1020
1015
1022
1029
1016
1002
1010
1019
1017
1004
1003
1012
1022
1018
1008
1015
1011
1009
1012
1014
1012
1010
1009
1013
1010
1010
1012
1018
1021
1012
1008
1015
1011
1010
1018
1016
1008
1011
1009
1004
1019
1010
1006
1019
1011
1001
1011
1018
1017
1012
1013
1020
1019
1016
1009
1011
1018
1016
1013
1014
1026
1022
1023
1016
1016
1018
1015
1017
1023
1019
1019
1025
1025
1022
1019
1019
1021
1021
1018
1021
1028
1023
1022
1020
1017
1014
1019
1020
1020
1023
1021
1021
1020
1019
1020
1026
1024
1024
1012
1017
1015
1018
1022
1020
1017
1013
1028
1021
1020
1015
1018
1014
1014
1008
1018
1016
1015
1017
1020
1009
1011
1015
1020
1012
1013
1012
1015
1015
1017
1019
1023
1019
1020
1013
1019
1008
1017
1012
1015
1011
1012
1014
1013
1013
1012
1017
1011
1003
1010
1013
1017
1009
1021
1019
1016
1017
1020
1021
1016
1009
1017
1017
1015
1023
1016
1017
1008
1012
1010
1021
1021
1015
1015
1001
1014
1016
1014
1017
1014
1018
1011
1014
1019
1021
1019
1014
1018
1017
1014
1017
1011
1023
1027
1028
1017
1024
1025
1019
1019
1012
1015
1015
1017
1007
1014
1019
1017
1019
1016
1006
1020
1015
1024
1021
1008
1014
1017
1021
1024
1005
1021
1017
1019
1018
1019
1017
1028
1024
1014
1025
1024
1017
1019
1028
1032
1024
1029
1024
1016
1023
1017
1024
1017
1022
1021
1021
1022
1015
1022
1012
1016
1016
1024
1029
1022
1020
1022
1025
1021
1029
1029
1026
1024
1023
1025
1025
1022
1019
1026
1022
1014
1025
1024
1020
1021
1024
1024
1021
1026
1023
1024
1023
1018
1022
1018
1026
1016
1018
1024
1023
1019
1017
1021
1027
1023
1022
1024
1020
1019
1020
1015
1015
1016
1025
1020
1020
1017
1022
1025
1027
1025
1018
1024
1027
1018
1025
1022
1021
1024
1031
1028
1026
1029
1025
1028
1026
1021
1024
1023
1031
1019
1026
1018
1025
1026
1011
1017
1017
1022
1018
1027
1018
1019
1023
1029
1019
1010
1009
1012
1010
1014
1021
1013
1024
1017
1015
1021
1017
1013
1024
1023
1015
1022
1021
1011
1019
1018
1018
1021
1011
1014
1016
1018
1017
1016
1018
1013
1010
1017
1017
1023
1025
1009
1019
1022
1013
1019
1015
1018
1008
1014
1017
1019
1016
1021
1021
1015
1021
1018
1024
1017
1015
1023
1019
1019
1017
1019
1015
1020
1016
1015
1016
1019
1020
1017
1021
1019
1026
1023
1022
1024
1022
1023
1024
1018
1022
1021
1016
1021
1019
1014
1015
1023
1023
1019
1015
1024
1020
1033
1019
1021
1013
1020
1015
1021
1015
1021
1019
1017
1020
1024
1018
1021
1030
1023
1017
1023
1020
1009
1026
1025
1026
1028
1012
1027
1024
1021
1028
1027
1030
1027
1037
1020
1027
1027
1025
1028
1030
1026
1022
1025
1023
1010
1021
1017
1027
1023
1014
1018
1017
1023
1022
1020
1023
1022
1022
1025
1030
1020
1024
1024
1018
1024
1023
1029
1022
1027
1021
1018
1025
1025
1021
1026
1023
1029
1024
1025
1022
1026
1034
1019
1023
1020
1022
1020
1026
1024
1019
1016
1024
1025
1021
1022
1021
1017
1022
1020
1028
1024
1023
1018
1021
1025
1023
1018
1020
1024
1021
1019
1022
1027
1028
1013
1031
1026
1016
1014
1017
1018
1023
1020
1024
1020
1020
1018
1018
1014
1022
1029
1020
1022
1018
1021
1019
1019
1025
1026
1019
1031
1024
1027
1022
1020
1019
1026
1026
1020
1023
1026
1026
1020
1013
1017
1022
1020
1020
1021
1018
1017
1024
1022
1026
1025
1018
1021
1018
1018
1020
1019
1009
1014
1024
1019
1018
1018
1017
1018
1017
1016
1019
1016
1018
1016
1025
1022
1009
1016
1010
1010
1012
1015
1018
1016
1009
1016
1016
1015
1022
1018
1024
1024
1020
1021
1021
1017
1025
1031
1026
1017
1016
1019
1022
1018
1028
1020
1018
1015
1015
1018
1009
1019
1016
1016
1018
1013
1012
1021
1013
1022
1029
1020
1019
1027
1025
1026
1030
1019
1019
1015
1017
1020
1021
1022
1018
1025
1012
1018
1023
1018
1030
1023
1023
1020
1017
1017
1027
1022
1020
1025
1014
1015
1015
1019
1021
1024
1028
1024
1023
1018
1021
1027
1023
1025
1022
1023
1023
1012
1024
1016
1020
1018
1019
1024
1021
1019
1027
1026
1027
1029
1021
1026
1034
1017
1028
1020
1025
1023
1018
1025
1030
1019
1034
1024
1023
1037
1031
1020
1027
1025
1023
1029
1020
1021
1014
1022
1014
1020
1012
1009
1010
1015
1019
1024
1028
1025
1030
1024
1018
1025
1015
1020
1030
1019
1014
1022
1029
1028
1029
1035
1028
1031
1019
1028
1031
1027
1036
1036
1032
1030
1030
1025
1036
1029
1036
1034
1028
1034
1023
1032
1031
1028
1040
1031
1027
1024
1024
1030
1028
1037
1039
1030
1024
1030
1034
1028
1035
1036
1037
1033
1035
1036
1035
1033
1033
1033
1038
1037
1048
1031
1039
1032
1031
1038
1036
1032
1037
1034
1026
1030
1018
1026
1022
1028
1015
1021
1032
1032
1025
1033
1021
1026
1028
1024
1027
1027
1021
1023
1030
1033
1031
1027
1032
1019
1026
1024
1028
1030
1024
1021
1027
1026
1031
1025
1028
1025
1023
1028
1029
1025
1027
1027
1027
1026
1033
1029
1021
1029
1033
1030
1022
1028
1034
1034
1036
1022
1023
1031
1022
1025
1023
1025
1023
1019
1018
1028
1027
1029
1022
1026
1028
1022
1024
1026
1038
1029
1033
1031
1032
1031
1030
1025
1037
1038
1028
1025
1030
1028
1040
1043
1037
1042
1035
1042
1037
1046
1037
1049
1046
1046
1039
1043
1047
1035
1042
1045
1035
1032
1040
1038
1046
1046
1046
1038
1041
1033
1039
1046
1033
1044
1041
1046
1046
1036
1047
1040
1037
1040
1035
1035
1041
1033
1032
1040
1041
1044
1041
1050
1042
1036
1047
1047
1033
1038
1041
1043
1037
1044
1047
1048
1048
1053
1048
1044
1034
1040
1040
1040
1030
1039
1035
1040
1040
1038
1042
1034
1039
1045
1037
1043
1049
1047
1046
1036
1047
1040
1045
1050
1044
1039
1049
1036
1033
1045
1051
1038
1037
1035
1048
1043
1042
1041
1033
1040
1042
1038
1043
1038
1043
1044
1045
1043
1041
1040
1044
1049
1038
1041
1039
1038
1042
1042
1041
1041
1039
1038
1047
1044
1041
1039
1036
1038
1035
1041
1035
1040
1031
1039
1042
1041
1043
1045
1044
1043
1035
1039
1033
1032
1028
1040
1038
1039
1039
1038
1029
1040
1038
1041
1041
1044
1036
1036
1043
1030
1034
1038
1035
1036
1041
1036
1037
1045
1038
1041
1037
1048
1042
1029
1028
1040
1036
1032
1037
1035
1039
1042
1042
1041
1032
1035
1036
1033
1042
1034
1033
1032
1038
1038
1036
1042
1033
1041
1034
1037
1031
1025
1033
1038
1036
1034
1033
1028
1033
1036
1034
1028
1041
1033
1036
1034
1036
1027
1027
1032
1032
1043
1042
1032
1036
1043
1031
1037
1037
1031
1036
1040
1037
1038
1036
1034
1035
1039
1042
1038
1035
1039
1035
1034
1029
1034
1029
1037
1039
1036
1033
1029
1030
1029
1030
1025
1025
1034
1030
1033
1033
1029
1029
1036
1034
1036
1038
1035
1028
1028
1040
1037
1036
1028
1032
1033
1030
1037
1031
1034
1030
1039
1038
1047
1034
1037
1039
1035
1027
1035
1039
1035
1041
1041
1033
1031
1030
1031
1035
1023
1039
1031
1031
1022
1030
1025
1025
1029
1036
1030
1032
1038
1028
1034
1036
1043
1036
1034
1028
1038
1032
1036
1038
1033
1037
1037
1042
1034
1027
1032
1031
1030
1030
1036
1027
1030
1034
1034
1032
1032
1033
1038
1034
1036
1039
1037
1042
1041
1034
1033
1033
1034
1041
1036
1037
1038
1035
1034
1036
1033
1035
1039
1030
1037
1040
1037
1033
1037
1031
1038
1044
1038
1040
1045
1038
1038
1038
1034
1039
1034
1033
1028
1032
1035
1033
1041
1035
1034
1029
1031
1027
1031
1022
1028
1031
1029
1041
1034
1036
1038
1039
1037
1038
1033
1038
1042
1037
1036
1034
1034
1038
1039
1042
1038
1040
1032
1044
1035
1047
1041
1037
1032
1039
1031
1036
1032
1042
1038
1044
1041
1043
1043
1043
1044
1041
1038
1025
1037
1033
1035
1044
1038
1035
1035
1032
1033
1033
1026
1037
1026
1028
1032
1034
1036
1039
1034
1035
1030
1035
1031
1036
1038
1032
1037
1036
1042
1032
1040
1038
1034
1032
1025
1035
1029
1035
1033
1032
1030
1029
1039
1036
1032
1031
1031
1034
1030
1031
1037
1035
1029
1030
1032
1033
1033
1032
1029
1035
1029
1033
1035
1034
1032
1027
1027
1035
1036
1032
1039
1034
1031
1030
1030
1038
1035
1030
1031
1032
1034
1029
1029
1028
1033
1029
1032
1027
1031
1036
1028
1036
1033
1026
1027
1035
1036
1030
1027
1034
1030
1030
1033
1038
1033
1037
1039
1039
1041
1038
1033
1034
1033
1037
1038
1037
1039
1037
1043
1036
1032
1041
1039
1036
1043
1043
1032
1041
1034
1033
1039
1045
1039
1036
1039
1041
1033
1043
1038
1041
1036
1040
1035
1026
1042
1037
1037
1039
1034
1035
1036
1044
1031
1035
1030
1037
1027
1031
1032
1030
1038
1036
1036
1033
1044
1035
1038
1042
1037
1033
1040
1038
1037
1042
1034
1038
1029
1027
1032
1031
1029
1032
1029
1031
1023
1027
1039
1042
1034
1033
1029
1035
1035
1028
1034
1034
1038
1038
1032
1034
1027
1035
1033
1029
1035
1021
1038
1030
1038
1032
1030
1031
1033
1037
1038
1032
1034
1041
1031
1032
1040
1032
1036
1042
1032
1037
1037
1031
1030
1037
1040
1043
1036
1036
1034
1029
1036
1036
1031
1032
1029
1039
1027
1031
1032
1035
1037
1034
1027
1027
1033
1034
1034
1039
1038
1040
1041
1026
1033
1035
1034
1038
1045
1034
1033
1035
1036
1034
1038
1029
1031
1036
1035
1036
1041
1039
1036
1041
1035
1039
1038
1036
1034
1037
1038
1040
1032
1037
1035
1040
1038
1037
1038
1035
1034
1030
1037
1039
1036
1038
1033
1033
1034
1032
1036
