994
985
992
1006
997
1000
996
1003
1001
1000
995
997
995
997
991
998
1003
1001
1008
994
996
993
997
1000
999
993
997
1005
1002
995
994
995
997
998
997
1000
992
1003
1000
1004
999
1002
992
992
1000
1002
997
1003
994
999
1003
1000
1009
1002
999
995
990
985
989
987
998
997
987
1001
995
990
1003
997
996
1000
1001
1005
996
1008
1007
1000
1003
995
995
1002
1002
1001
995
1000
1001
997
1001
998
1004
996
990
999
996
1005
1001
998
998
1005
1004
1009
998
993
1003
994
994
988
991
997
1000
1001
996
1002
1002
991
996
993
992
993
1004
996
1002
1002
1001
1000
993
1000
995
994
1000
1004
998
995
1000
995
987
999
1000
999
999
994
991
1002
994
1005
999
1005
1010
1005
1006
998
1009
1007
1007
1008
1009
1011
1008
1010
1011
1009
1013
1014
1002
1011
1007
1009
1012
1011
1012
1012
1007
1016
1002
1003
1005
1010
1012
1014
1005
1012
1016
1007
1015
1006
1004
1000
1008
1011
1008
1001
1011
1018
1018
1020
1017
1020
1014
1017
1017
1025
1016
1022
1023
1018
1020
1022
1020
1029
1021
1021
1017
1016
1012
1016
1011
1026
1018
1020
1016
1024
1020
1027
1020
1025
1021
1032
1024
1028
1022
1027
1025
1023
1017
1019
1022
1020
1023
1014
1012
1013
1016
1012
1018
1015
1017
1020
1010
1019
1019
1020
1021
1018
1023
1019
1021
1027
1020
1022
1019
1016
1023
1019
1026
1017
1028
1022
1026
1022
1018
1013
1012
1020
1021
1019
1018
1019
1018
1019
1016
1012
1022
1012
1015
1012
1016
1016
1017
1027
1020
1019
1020
1016
1020
1023
1014
1013
1022
1016
1023
1011
1017
1014
1001
1019
1011
1007
1012
1016
1015
1015
1016
1016
1020
1019
1020
1020
1015
1018
1018
1009
1013
1018
1022
1025
1023
1019
1024
1027
1023
1019
1021
1019
1025
1014
1017
1018
1020
1010
1014
1014
1014
1013
1016
1019
1017
1011
1016
1015
1020
1018
1017
1017
1011
1022
1016
1014
1020
1011
1017
1030
1015
1019
1014
1007
1016
1019
1017
1024
1018
1020
1024
1020
1020
1021
1016
1011
1009
1012
1012
1015
1025
1012
1017
1018
1020
1011
1015
1006
1011
1022
1017
1018
1013
1010
1016
1016
1024
1021
1016
1021
1020
1015
1023
1018
1019
1021
1022
1021
1012
1023
1023
1017
1020
1012
1011
1012
1024
1023
1017
1030
1020
1021
1024
1018
1027
1016
1018
1028
1019
1024
1015
1016
1023
1021
1022
1016
1017
1021
1015
1022
1010
1022
1016
1016
1015
1014
1024
1020
1021
1020
1021
1028
1026
1009
1022
1020
1017
1017
1024
1008
1020
1021
1026
1025
1023
1021
1023
1018
1020
1016
1019
1016
1013
1012
1021
1018
1018
1020
1017
1013
1016
1019
1015
1011
1018
1019
1015
1015
1014
1020
1019
1011
1013
1011
1015
1016
1017
1021
1018
1013
1020
1014
1015
1010
1018
1010
1009
1021
1020
1018
1016
1016
1018
1015
1019
1005
1017
1019
1021
1022
1018
1021
1021
1023
1016
1018
1023
1017
1020
1020
1017
1005
1020
1016
1016
1020
1011
1019
1018
1014
1012
1008
1014
1005
1015
1017
1015
1020
1019
1020
1025
1022
1022
1014
1023
1023
1023
1018
1017
1015
1026
1026
1018
1024
1019
1019
1026
1025
1027
1025
1027
1018
1024
1027
1023
1021
1023
1018
1005
1014
1023
1015
1015
1018
1018
1017
1023
1011
1015
1025
1022
1029
1019
1019
1023
1016
1019
1012
1020
1017
1019
1018
1023
1015
1022
1024
1020
1024
1011
1017
1022
1027
1016
1019
1016
1016
1013
1020
1020
1016
1012
1009
1016
1010
1015
1009
1017
1013
1016
1017
1011
1020
1011
1015
1023
1019
1017
1019
1024
1017
1007
1022
1024
1019
1014
1013
1006
1016
1014
1010
1009
1017
1021
1024
1022
1025
1016
1027
1015
1012
1017
1015
1017
1016
1011
1020
1012
1014
1012
1015
1020
1019
1015
1015
1015
1012
1015
1021
1011
1014
1017
1015
1017
1007
1006
1017
1014
1014
1008
1010
1017
1010
1016
1013
1011
1008
1012
1018
1015
1011
1005
1012
1013
1015
1011
1010
1017
1010
1019
1006
1014
1017
998
1007
1012
1011
1010
1006
998
1001
1003
995
996
999
1010
999
1001
1004
1002
1005
1004
996
999
1010
1004
1003
1006
1004
1009
1007
1008
1004
1004
1008
1003
1000
1002
999
1012
1008
1004
1008
1005
1005
1010
1009
1018
1014
1020
1014
1003
1000
1009
1006
1015
1006
1005
1004
1006
1009
1006
1008
1011
1008
1013
1003
1012
1013
1018
1010
1011
1008
1017
1014
1008
1018
1012
1006
1015
1017
1012
1014
1015
1010
1006
1019
1019
1009
1026
1024
1011
1013
1010
1020
1016
1015
1017
1016
1017
1014
1009
1022
1013
1009
1013
1006
1009
1015
1018
1021
1016
1008
1006
1015
1012
1016
1015
1015
1014
1014
1015
1012
1015
1013
1020
1016
1017
1015
1008
1009
1004
1019
1006
1015
1025
1015
1013
1017
1014
1023
1019
1013
1013
1007
1017
1020
1017
1019
1018
1013
1012
1015
1003
1008
1014
1007
1007
1008
1002
1011
1012
1011
1013
1013
1018
1015
1019
1016
1012
1020
1017
1022
1012
1021
1011
1007
1003
1008
1011
1005
1008
1012
1015
1015
1019
1023
1015
1015
1016
1014
1020
1022
1021
1011
1016
1021
1026
1019
1023
1014
1018
1021
1016
1010
1016
1011
1021
1013
1019
1017
1016
1013
1015
1011
1008
1008
1006
1009
1005
1004
1008
1005
1008
1013
1009
1004
1008
1004
1009
1010
998
1005
1004
1008
1006
1009
1005
1006
1009
1010
1003
1011
1014
1007
1011
1010
1011
1010
997
1006
1012
1015
1006
1011
1006
1010
1004
1011
1012
1007
1009
1011
1007
1011
1010
1021
1013
1011
1003
1007
1007
1008
1015
1013
1011
1011
1013
1009
1016
1014
1010
1021
1016
1014
1011
999
1012
1014
1016
1009
1013
1019
1010
1011
1014
1015
1009
1007
1014
1013
1018
1017
1014
1015
1015
1014
1013
1017
1016
1023
1016
1016
1008
1017
1016
1021
1023
1017
1012
1020
1012
1018
1009
1017
1016
1013
1023
1024
1020
1022
1009
1018
1022
1023
1017
1017
1019
1016
1021
1023
1027
1013
1016
1021
1025
1026
1025
1025
1020
1029
1014
1027
1023
1023
1021
1018
1019
1021
1030
1025
1023
1031
1026
1024
1020
1022
1012
1029
1021
1026
1018
1015
1017
1017
1017
1022
1017
1012
1017
1027
1018
1021
1019
1021
1030
1021
1026
1029
1028
1034
1023
1032
1030
1031
1024
1031
1031
1030
1025
1033
1032
1027
1025
1031
1025
1021
1033
1020
1025
1019
1018
1016
1020
1009
1026
1021
1017
1014
1020
1021
1020
1010
1020
1016
1022
1025
1023
1022
1021
1023
1023
1023
1018
1020
1023
1015
1021
1020
1022
1021
1020
1018
1022
1026
1020
1027
1019
1018
1012
1014
1023
1022
1015
1022
1028
1016
1021
1028
1024
1020
1020
1015
1020
1019
1022
1019
1021
1010
1014
1012
1011
1013
1014
1015
1008
1017
1017
1017
1018
1014
1019
1018
1024
1024
1019
1016
1013
1016
1011
1016
1008
1013
1014
1015
1010
1015
1018
1014
1014
1010
1021
1019
1020
1019
1019
1018
1024
1019
1024
1025
1015
1026
1022
1020
1010
1019
1024
1019
1020
1018
1019
1017
1024
1021
1014
1015
1016
1023
1023
1014
1024
1014
1021
1023
1023
1011
1017
1022
1025
1029
1024
1022
1021
1029
1022
1035
1034
1036
1023
1017
1024
1024
1031
1029
1024
1021
1029
1025
1011
1020
1017
1020
1013
1014
1014
1010
1017
1016
1018
1024
1018
1022
1022
1021
1015
1020
1023
1012
1016
1012
1008
1018
1020
1014
1019
1021
1016
1019
1017
1010
1005
1013
1016
1024
1021
1015
1014
1007
1015
1011
1013
1015
1015
1020
1012
1010
1015
1011
1010
1004
1010
1013
1016
1010
1010
1022
1018
1018
1019
1027
1023
1007
1016
1015
1018
1014
1019
1015
1018
1021
1024
1015
1017
1020
1016
1016
1020
1015
1024
1018
1016
1017
1013
1019
1018
1010
1012
1016
1023
1007
1028
1021
1020
1013
1019
1010
1017
1012
1019
1012
1012
1012
1013
1014
1014
1013
1009
1013
1012
1019
1017
1016
1011
1022
1018
1010
1013
1018
1004
1021
1012
1016
1015
1015
1016
1010
1013
1015
1009
1013
1013
1010
1006
1017
1008
1021
1012
1021
1013
1011
1015
1012
1010
1018
1019
1023
1025
1019
1019
1022
1026
1022
1025
1020
1022
1021
1012
1018
1017
1015
1022
1012
1021
1018
1018
1016
1025
1023
1015
1019
1016
1014
1019
1021
1022
1023
1017
1018
1007
1018
1012
1026
1025
1017
1022
1024
1015
1023
1014
1029
1014
1024
1022
1022
1032
1020
1023
1032
1024
1022
1020
1019
1023
1014
1028
1025
1031
1023
1025
1022
1024
1020
1021
1027
1029
1028
1028
1027
1023
1031
1024
1029
1029
1028
1026
1023
1024
1023
1013
1023
1031
1026
1027
1024
1025
1025
1022
1022
1024
1016
1018
1030
1021
1031
1032
1023
1020
1023
1027
1033
1032
1027
1025
1021
1030
1033
1033
1027
1029
1030
1028
1027
1025
1016
1025
1028
1029
1025
1031
1030
1029
1018
1022
1021
1030
1023
1027
1028
1032
1033
1029
1022
1024
1022
1029
1029
1031
1031
1016
1027
1022
1023
1021
1025
1025
1025
1022
1025
1022
1032
1020
1031
1027
1025
1018
1025
1018
1022
1028
1025
1013
1022
1020
1025
1024
1016
1031
1025
1022
1021
1019
1014
1029
1025
1018
1017
1015
1023
1014
1023
1016
1021
1024
1021
1020
1026
1019
1013
1027
1017
1011
1009
1023
1018
1024
1015
1019
1016
1027
1020
1020
1017
1020
1024
1024
1018
1023
1027
1035
1030
1028
1028
1031
1018
1029
1011
1025
1017
1024
1017
1026
1028
1030
1031
1026
1028
1031
1025
1026
1021
1019
1020
1022
1020
1029
1019
1021
1024
1023
1024
1019
1023
1021
1019
1015
1023
1019
1021
1013
1023
1024
1024
1023
1016
1023
1020
1018
1014
1027
1023
1027
1028
1022
1035
1024
1027
1021
1017
1025
1020
1026
1031
1024
1021
1017
1015
1022
1024
1030
1019
1026
1022
1020
1025
1026
1021
1023
1024
1026
1019
1014
1029
1021
1019
1028
1023
1027
1019
1021
1022
1026
1020
1024
1019
1025
1022
1023
1027
1026
1026
1024
1013
1021
1026
1017
1024
1017
1018
1030
1031
1022
1020
1026
1024
1023
1023
1023
1023
1023
1019
1015
1026
1020
1025
1024
1029
1026
1024
1029
1022
1024
1029
1020
1028
1024
1027
1027
1035
1032
1031
1036
1029
1025
1024
1034
1031
1020
1027
1025
1024
1027
1023
1027
1031
1035
1032
1038
1026
1028
1027
1021
1021
1021
1016
1027
1025
1041
1029
1040
1031
1028
1034
1034
1029
1025
1029
1027
1037
1029
1024
1033
1031
1037
1041
1038
1031
1038
1042
1032
1026
1034
1037
1036
1032
1031
1027
1024
1031
1041
1033
1038
1031
1035
1033
1028
1038
1031
1035
1036
1028
1036
1036
1032
1031
1034
1027
1033
1037
1027
1021
1034
1022
1035
1040
1036
1028
1027
1019
1032
1034
1035
1035
1037
1031
1036
1031
1032
1026
1031
1036
1036
1036
1033
1028
1032
1029
1032
1034
1024
1023
1036
1029
1034
1034
1035
1024
1026
1031
1032
1029
1033
1031
1037
1037
1041
1029
1031
1033
1029
1032
1029
1029
1028
1030
1027
1033
1033
1031
1038
1032
1038
1027
1027
1026
1031
1027
1034
1033
1030
1037
1027
1026
1031
1027
1034
1034
1042
1038
1031
1031
1032
1038
1035
1040
1031
1023
1033
1032
1023
1027
1032
1031
1026
1024
1032
1029
1031
1032
1023
1018
1025
1031
1030
1035
1031
1022
1033
1033
1031
1037
1036
1031
1042
1033
1036
1040
1034
1040
1035
1025
1033
1035
1038
1029
1032
1034
1034
1032
1030
1028
1028
1029
1030
1032
1024
1030
1028
1033
1029
1033
1031
1025
1022
1018
1021
1020
1024
1027
1033
1030
1031
1035
1026
1017
1031
1023
1025
1028
1028
1035
1032
1029
1029
1030
1028
1030
1043
1036
1030
1030
1033
1035
1033
1031
1031
1030
1029
1036
1034
1036
1034
1033
1036
1041
1027
1030
1029
1031
1035
1038
1033
1030
1039
1038
1038
1036
1040
1035
1034
1029
1036
1030
1027
1035
1029
1029
1024
1028
1027
1031
1030
1040
1041
1029
1040
1044
1042
1041
1040
1044
1043
1036
1030
1045
1043
1037
1044
1042
1031
1029
1040
1035
1032
1037
1040
1032
1033
1033
1035
1038
1043
1036
1035
1047
1044
1039
1037
1034
1041
1036
1043
1035
1040
1032
1039
1028
1034
1036
1046
1032
1029
1025
1031
1031
1035
1031
1035
1033
1039
1037
1037
1037
1037
1029
1039
1041
1035
1035
1038
1041
1044
1041
1043
1049
1035
1038
1040
1033
1037
1041
1034
1034
1039
1044
1040
1049
1046
1038
1045
1033
1035
1045
1042
1041
1047
1050
1042
1040
1041
1041
1045
1043
1039
1043
1049
1049
1044
1038
1042
1041
1034
1043
1045
1039
1040
1031
1035
1036
1041
1039
1040
1034
1041
1040
1038
1037
1046
1042
1042
1038
1047
1043
1047
1035
1037
1031
1040
1039
1034
1040
1032
1034
1039
1040
1037
1044
1039
1039
1040
1044
1030
1035
1029
1037
1035
1031
1031
1029
1037
1036
1036
1035
1037
1034
1046
1041
1039
1045
1042
1041
1041
1040
1038
1043
1043
1035
1037
1044
1041
1035
1036
1039
1039
1034
1032
1042
1044
1037
1043
1046
1039
1041
1041
1050
1039
1039
1039
1037
1050
1045
1042
1046
1045
1041
1046
1045
1046
1044
1045
1046
1041
1044
1037
1038
1037
1033
1036
1042
1037
1040
1039
1032
1039
1039
1039
1040
1040
1040
1035
1029
1032
1032
1040
1029
1037
1029
1040
1032
1040
1039
1036
1033
1031
1031
1039
1036
1036
1032
1030
1030
1026
1038
1034
1035
1037
1037
1033
1031
1030
1024
1040
1032
1032
1032
1034
1032
1037
1031
1040
1037
1041
1034
1036
1037
1045
1033
1027
1034
1037
1035
1037
1036
1041
1036
1029
1034
1037
1021
1032
1039
1037
1037
1035
1035
1036
1039
1031
1032
1038
1038
1041
1032
1033
1035
1037
1028
1023
1028
1032
1038
1040
1045
1033
1033
1030
1033
1033
1027
1027
1024
1029
1041
1030
1034
1030
1030
1033
1036
1032
1035
1035
1031
1025
1024
1033
1023
1036
1032
1038
1036
1043
1040
1044
1044
1042
1035
1043
1036
1043
1037
1032
1038
1047
1045
1041
1044
1049
1035
1044
1043
1049
1039
1043
1052
1045
1037
1039
1047
1036
1048
1035
1036
1042
1046
1039
1043
1037
1041
1040
1040
1047
1030
1029
1037
1028
1042
1036
1036
1050
1045
1044
1049
1051
1045
1044
1052
1052
1046
1047
1047
1048
1043
1045
1043
1042
1045
1037
1045
1035
1042
1049
1032
1041
1041
1041
1033
1043
1041
1045
1037
1033
1040
1039
1039
1042
1040
1044
1039
1043
1036
1035
1042
1034
1037
1044
1040
1042
1039
1042
1032
1037
1031
1032
1025
1036
1030
1035
1041
1038
1045
1043
1039
1043
1044
1043
1045
1041
1040
1036
1038
1030
1038
1039
1037
1038
1030
1033
1028
1034
1031
1033
1035
1034
1036
1030
1030
1038
1029
1030
1032
1039
1035
1047
1044
1038
1036
1040
1034
1044
1037
1037
1041
1030
1034
1030
1034
1037
1034
1029
1034
1040
1031
1043
1034
1039
1038
1047
1039
1037
1032
1040
1041
1043
1046
1042
1037
1040
1043
1042
1035
1040
1039
1038
1034
1031
1050
1042
1044
1045
1044
1051
1045
1045
1040
1046
1047
1034
1045
1031
1033
1039
1038
1047
1046
1045
1049
1045
1048
1045
1043
1043
1037
1040
1044
1042
1038
1037
1038
1043
1038
1043
1038
1032
1035
1037
1034
1034
1029
1036
1021
1027
1030
1034
1036
1036
1024
1039
1044
1046
1046
1051
1045
1047
1048
1047
1045
1053
1048
1049
1052
1049
1052
1054
1056
1055
1056
1047
1051
1052
1048
1041
1052
1053
1054
1056
1056
1055
1051
1051
1056
1055
1055
1057
1056
1056
1057
1059
1054
1053
1054
1059
1058
1052
1047
1045
1051
1049
1043
1054
1062
1051
1046
1049
1055
1051
1045
1048
1050
1057
1060
1059
1055
1056
1052
1053
1058
1050
1057
1058
1050
1052
1050
1052
1052
1065
1058
1055
1058
1052
1053
1054
1050
1047
1056
1053
1054
1059
1056
1055
1061
1055
1059
1054
1056
1057
1053
1059
1062
1034
1043
1034
1039
1036
1041
1038
1029
1038
1038
1037
1042
1043
1036
1044
1044
1046
1038
1047
1038
1041
1049
1051
1041
1043
1039
1043
1043
1040
1045
1045
1036
1042
1043
1040
1036
1041
1026
1040
1037
1031
1033
1036
1038
1043
1046
1040
1039
1040
1034
1036
1036
1036
1044
1041
1044
1033
1037
1039
1039
1037
1038
1039
1036
1045
1042
1046
1040
1044
1043
1042
1038
1043
1039
1041
1040
1041
1041
1048
1038
1046
1040
1042
1040
1046
1046
1039
1041
1045
1045
1046
1040
1038
1042
1044
1046
1043
1043
1046
1044
1039
1041
1047
1039
1041
1040
1050
1033
1039
1039
1036
1042
1044
1045
1039
1028
1040
1042
1040
1035
1033
1032
1044
1038
1039
1044
1038
1052
1047
1049
1051
1037
1043
1042
1044
1045
1043
1047
1044
1045
1045
1037
1039
1043
1039
1034
1037
1034
1032
1038
1047
1042
1037
1035
1042
1044
1043
1034
1035
1038
1035
1036
1039
1032
1036
1039
1040
1036
1037
1046
1043
1039
1045
1041
1044
1039
1040
1040
1030
1034
1036
1041
1043
1044
1035
1039
1037
1041
1036
1040
1044
1040
1041
1039
1038
1040
1040
1038
1040
1035
1025
1031
1035
1029
1026
1037
1037
1043
1037
1044
1043
1045
1042
1046
1046
1039
1047
1041
1043
1042
1042
1045
1041
1043
1051
1049
1041
1037
1048
1045
1048
1047
1050
1040
1046
1044
1036
1044
1039
1046
1043
1044
1046
1049
1042
1052
1048
1046
1044
1042
1045
1038
1042
1048
1046
1050
1044
1047
1048
1041
1051
1047
1039
1037
1051
1047
1046
1042
1045
1043
1035
1051
1049
1043
1049
1048
1043
1045
1049
1045
1040
1034
1038
1035
1035
1042
1036
1039
1047
1049
1045
1047
1041
1034
1043
1042
1043
1042
1034
1042
1041
1039
1040
1033
1034
1031
1037
1035
1033
1037
1043
1038
1036
1034
1033
1027
1036
1029
1040
1029
1031
1031
1032
1025
1018
1031
1029
1031
1030
1039
1038
1040
1030
1033
1022
1034
1026
1024
1031
1026
1031
1034
1028
1038
1031
1028
1029
1024
1025
1031
1027
1025
1029
1030
1026
1031
1038
1042
1028
1036
1029
1038
1034
1029
1035
1036
1043
1044
1044
1039
1039
1031
1034
1030
1034
1029
1030
1028
1031
1029
1032
1026
1030
1032
1032
1040
1034
1038
1036
1029
1030
1034
1033
1022
1028
1036
1033
1032
1030
1030
1029
1028
1032
1030
1028
1028
1024
1030
1032
1032
1035
1029
1038
1037
1037
1033
1038
1034
1040
1039
1027
1037
1039
1037
1047
1042
1035
1036
1040
1040
1042
1046
1034
1038
1044
1039
1034
1042
1028
1036
1037
1038
1037
1038
1038
1035
1035
1040
1038
1038
1034
1035
1031
1039
1039
1037
1039
1034
1047
1048
1046
1044
1045
1037
1044
1044
1038
1040
1042
1045
1054
1048
1045
1051
1046
1037
1044
1036
1036
1035
1034
1036
1036
1032
1029
1033
1028
1041
1033
1038
1045
1040
1040
1034
1042
1042
1046
1041
1036
1042
1043
1037
1039
1044
1039
1039
1037
1037
1032
1037
1034
1038
1036
1037
1036
1041
1050
1041
1036
1035
1030
1036
1038
1035
1036
1043
1036
1036
1040
1040
1039
1037
1045
1044
1037
1047
1045
1039
1038
1039
1039
1027
1040
1035
1030
1032
1034
1029
1034
1031
1043
1035
1038
1036
1032
1041
1036
1034
1031
1042
1044
1037
1033
1033
1033
1039
1038
1033
1031
1036
1027
1031
1036
1032
1032
1040
1029
1031
1036
1032
1024
1030
1027
1032
1037
1037
1041
1031
1039
1034
1036
1034
1037
1040
1041
1039
1036
1031
1034
1036
1043
1042
1046
1038
1029
1038
1043
1041
1047
1040
1038
1043
1047
1039
1042
1047
1041
1038
1042
1037
1033
1030
1039
1035
1037
1044
1039
1033
1036
1030
1033
1034
1035
1031
1037
1037
1044
1040
1036
1035
1040
1034
1040
1039
1025
1032
1031
1037
1041
1044
1046
1047
1046
1038
1039
1040
1045
1038
1037
1034
1031
1038
1044
1042
1029
1043
1032
1036
1041
1045
1030
1037
1042
1042
1041
1039
1037
1047
1045
1042
1041
1038
1044
1038
1041
1046
1046
1040
1044
1050
1049
1044
1047
1044
1045
1047
1047
1043
1043
1044
1043
1043
1052
1043
1046
1051
1051
1049
1049
1047
1050
1054
1044
1043
1041
1049
1041
1047
1048
1047
1043
1047
1041
1043
1046
1046
1045
1045
1040
1039
1043
1039
1049
1041
1045
1040
1042
1036
1032
1042
1045
1045
1041
1045
1034
1042
1044
1039
1039
1047
1050
1049
1053
1049
1053
1044
1048
1043
1049
1049
1052
1050
1046
1045
1042
1049
1044
1036
1047
1040
1047
1051
1046
1042
1050
1052
1047
1050
1043
1045
1052
1053
1056
1053
1050
1055
1050
1051
1054
1045
1042
1048
1042
1041
1047
1047
1040
1042
1039
1038
1037
1049
1043
1036
1041
1055
1043
1046
1038
1045
1044
1046
1040
1051
1035
1041
1044
1042
1039
1032
1038
1037
1041
1028
1040
1037
1042
1034
1034
1042
1043
1038
1040
1045
1040
1046
1045
1043
1043
1042
1043
1037
1033
1047
1045
1041
1046
1049
1048
1046
1040
1041
1046
1051
1046
1049
1050
1049
1045
1044
1036
1036
1035
1048
1047
1044
1039
1043
1036
1039
1047
1046
1044
1043
1040
1043
1038
1038
1043
1038
1047
1052
1048
1038
1035
1043
1041
1045
1046
1044
1052
1052
1050
1043
1040
1047
1045
1045
1040
1045
1044
1054
1055
1044
1047
1045
1041
1045
1045
1054
1053
1052
1053
1052
1042
1046
1043
1039
1048
1037
1048
1045
1044
1048
1048
1043
1047
1049
1045
1052
1037
1051
1061
1050
1045
1044
1049
1049
1051
1048
1048
1050
1055
1051
1055
1051
1049
1045
1043
1041
1041
1050
1048
1045
1046
1056
1052
1048
1050
1052
1046
1056
1055
1051
1045
1045
1043
1048
1044
1044
1042
1047
1044
1044
1042
1040
1045
1043
1045
1043
1050
1050
1050
1049
1057
1046
1046
1050
1052
1040
1042
1040
1043
1043
1044
1052
1055
1053
1055
1049
1042
1051
1048
1049
1057
1051
1048
1046
1044
1054
1045
1044
1049
1047
1046
1049
1058
1059
1050
1047
1050
1046
1049
1051
1044
1054
1055
1050
1046
1051
1046
1046
1052
1047
1049
1052
1050
1054
1054
1055
1052
1049
1042
1049
1053
1049
1050
1055
1056
1051
1048
1052
1050
1056
1056
1051
1041
1050
1048
1053
1048
1048
1045
1053
1047
1048
1050
1057
1049
1049
1045
1050
1053
1044
1047
1049
1049
1043
1044
1037
1048
1054
1052
1051
1047
1049
1050
1049
1055
1054
1050
1055
1061
1050
1061
1055
1053
1056
1048
1050
1056
1062
1058
1050
1051
1059
1047
1049
1053
1053
1058
1051
1060
1057
1058
1050
1064
1059
1052
1051
1055
1054
1051
1055
1052
1052
1049
1050
1049
1047
1046
1048
1041
1049
1050
1055
1047
1052
1050
1054
1052
1050
1053
1050
1052
1054
1053
1053
1050
1055
1052
1052
1060
1046
1052
1058
1050
1048
1051
1053
1045
1041
1049
1046
1045
1044
1046
1048
1049
1054
1054
1047
1051
1043
1049
1051
1050
1050
1052
1044
1052
1049
1053
1052
1058
1049
1042
1047
1051
1046
1053
1041
