994
989
994
994
998
993
997
990
991
997
1003
998
992
1001
1004
995
1008
999
1001
1007
1012
1000
997
996
998
988
997
996
992
991
994
988
1004
998
1004
1003
993
982
995
1000
1005
1000
1008
1009
1006
991
1000
1000
991
1001
1001
1001
996
1003
1000
996
1002
995
997
998
1002
994
1003
1000
1007
1006
1002
1001
996
998
996
994
1000
1001
1001
991
991
993
991
999
998
1002
1000
998
997
995
1001
995
999
998
994
992
996
990
1000
1004
999
1004
997
1002
1003
998
997
999
993
1002
991
998
997
995
998
991
998
1002
995
991
997
1001
998
1000
999
994
998
996
994
989
994
991
993
989
988
990
993
987
982
993
994
982
989
989
987
990
998
995
990
990
994
994
996
993
1000
995
995
996
1000
994
998
985
995
994
990
990
987
993
998
995
992
996
992
993
998
988
991
998
995
993
989
992
992
1001
997
990
988
987
994
993
994
989
992
993
997
996
1000
1003
988
993
1000
989
990
985
987
983
995
990
981
984
989
996
989
991
992
983
980
991
984
988
993
983
990
990
985
982
981
987
981
990
987
984
975
987
983
988
988
985
988
983
989
986
981
985
973
983
986
989
983
984
988
994
989
985
989
988
993
984
988
995
991
986
991
990
994
996
998
991
985
992
995
992
998
1000
1002
1000
992
998
998
991
991
998
1000
994
996
991
995
993
993
987
997
998
995
1002
990
999
998
1004
995
1006
1006
1003
1004
1001
1005
998
1006
1004
989
994
988
997
988
993
998
996
994
995
991
995
990
992
993
1000
990
998
1004
993
996
1001
997
1005
1000
995
1000
1000
998
1006
1004
1000
999
995
1004
1002
1002
995
1002
999
999
1000
994
996
997
1005
995
998
1003
996
1000
1004
1004
1009
1003
1000
1002
1001
1009
1004
993
1002
1000
1009
1002
1012
1000
1012
1009
1012
1018
1009
1019
1010
1014
1006
1008
1008
1011
1009
1017
1000
1005
1011
1010
1001
1010
1012
1008
1005
1010
1016
1008
1018
1022
1017
1018
1022
1020
1013
1008
1016
1020
1021
1018
1018
1024
1023
1024
1023
1022
1023
1026
1026
1025
1013
1015
1013
1017
1016
1016
1018
1021
1013
1016
1016
1019
1023
1018
1024
1022
1009
1014
1010
1010
1010
1010
1023
1015
1016
1017
1010
1015
1009
1014
1014
1021
1022
1022
1022
1013
1024
1017
1014
1015
1019
1015
1031
1024
1023
1023
1019
1024
1004
1007
996
1002
999
994
1001
1000
993
999
1001
994
1005
1004
1005
1005
996
1006
1006
1003
1002
998
1006
1005
1011
1012
1004
1002
1003
1011
1005
1004
1008
1006
1008
1009
1010
1010
1006
1000
1005
1007
1004
1010
1002
1007
1004
1000
1009
1008
1016
1020
1014
1019
1018
1012
1009
1012
1011
1012
1011
1002
1012
1011
1016
1017
1009
1012
1014
1016
1018
1012
1018
1014
1015
1013
1011
1015
1007
1002
1008
1013
1015
1014
1012
1006
1017
1009
1006
1005
1005
994
1007
1009
999
1011
1007
996
1001
1000
995
1006
1005
1016
1007
1014
1013
1014
1017
1014
1016
1010
1015
1009
1014
1003
1009
1009
1005
1010
1008
1004
1006
1006
1004
995
1000
1010
1012
1012
1012
1013
1019
1019
1014
1011
1013
1014
1015
1008
1005
1007
1008
1007
1008
1005
1013
1011
1013
1004
1005
998
1003
999
1007
1004
1002
1006
1015
1008
1021
1010
1006
1009
1017
1005
1010
1009
1011
1003
1007
1004
1016
1008
1012
1014
1005
1008
1015
1005
1011
1012
1004
1015
1011
1012
1001
1010
1005
1009
1003
1002
1006
1011
998
999
1003
1007
1000
1007
1008
1010
1005
1014
1013
1015
1020
1014
1012
1017
1005
1016
1016
1002
1008
1004
1009
1010
1001
1004
1011
1005
1001
1006
1013
1004
1009
1004
1008
1013
1012
1013
1018
1013
1006
1006
1004
1012
1010
1010
1015
1013
1008
1016
1011
1013
1002
1006
1003
1001
1006
1007
1005
990
1005
1008
1011
999
1001
1006
1002
1005
1004
1005
1002
1003
1000
1001
1005
1006
1004
1012
1008
1001
1000
1002
1004
1008
1008
1009
1013
1015
1011
1009
1013
1012
1005
1013
1011
1009
1005
1008
1008
1008
1000
1006
1007
1017
1013
1009
1006
1017
1008
1013
1016
1019
1020
1014
1006
1005
1004
1010
1013
1009
1011
1014
1001
1005
1010
1011
1012
1019
1016
1018
1011
1016
1014
1025
1016
1015
1012
1005
1014
1022
1020
1016
1016
1016
1009
1009
1005
1005
1011
1011
1015
1014
1016
1011
1011
1008
1020
1013
1005
1017
1019
1015
1023
1022
1019
1017
1017
1016
1013
1013
1006
1017
1016
1018
1015
1004
1012
1012
1014
1015
1017
1019
1018
1022
1019
1008
1008
1008
1009
1014
1016
1010
1021
1017
1012
1019
1016
1009
1014
1019
1008
1012
1010
1011
1018
1008
1003
1010
1009
1020
1011
1012
1014
1011
1015
1013
1016
1007
1012
1015
1013
1016
1006
1007
1007
1001
1006
1009
1013
1014
1009
1001
1006
1013
1013
1014
1015
1019
1017
1010
1009
1011
1015
1015
1014
1009
1012
1010
1007
1010
1003
1005
999
1000
999
1000
1007
1005
1009
1007
1001
1010
1008
1003
1008
1005
1004
1006
1003
1010
1006
1003
1007
1005
1002
1005
1007
1000
1003
1001
1005
1011
998
1000
1006
1008
1002
1005
1000
1008
1003
1005
1014
997
1010
1006
1006
1005
999
1009
1004
1005
1007
1013
1012
1007
1016
1011
1017
1015
1017
1018
1010
1017
1010
1017
1013
1017
1014
1014
1023
1014
1018
1013
1016
1013
1009
1017
1012
1010
1004
1013
1016
1022
1011
1015
1011
1016
1015
1018
1015
1010
1012
1013
1009
1016
1021
1018
1015
1011
1025
1013
1020
1020
1019
1019
1010
1009
1015
1012
1009
1013
1008
1014
1007
1003
1007
1014
1007
1009
1006
1013
1018
1006
1013
1012
1005
1012
1009
1002
1010
1008
1001
1006
1008
1010
1010
1009
1000
1009
1014
1011
1006
1009
1005
1010
1015
1008
1010
1003
1011
1008
1014
1007
1012
1012
1015
1011
1015
1011
1014
1005
1010
1015
1017
1011
1009
1014
1009
1006
1008
1005
1015
1005
1000
1012
1008
1011
1006
1004
1003
1010
1009
1000
1002
1001
1005
999
1002
1015
1009
1010
1011
1012
1010
1011
1010
1009
1009
999
1015
1006
1002
1013
1005
1001
1003
995
1000
1003
1006
1004
1006
1010
1009
1013
1008
1007
1000
1008
1004
1009
1006
1010
1012
1004
1001
1009
1003
1014
1001
1005
1010
1006
1009
1006
1009
1019
1012
1011
1006
1009
1010
1015
1016
1013
1014
1023
1012
1014
1012
1018
1005
1003
1007
1008
1006
1012
1008
999
1008
1006
1014
1014
1013
1010
1015
1005
1010
1010
1012
1016
1015
1011
1005
1014
1002
1006
1008
1009
1015
1008
1015
1006
1011
1015
1010
1008
1005
1002
1004
1008
1002
1001
1002
1004
1000
1000
995
1007
1002
1011
1001
1002
1003
1002
1004
1000
1000
1001
1005
1005
1007
1009
1003
1004
997
995
999
1004
1003
1003
1005
1004
1005
995
1001
998
1000
1005
1000
998
997
1003
1004
996
1004
1010
1011
1011
1010
1003
1005
1008
1006
999
1002
1009
1004
1007
1008
999
994
1001
1006
1004
1000
997
1011
1010
1001
999
1002
1002
996
1006
1004
1000
1004
1004
994
999
993
999
999
998
1002
1002
1006
1007
1008
1007
1012
1008
1011
1008
1014
1015
1006
1012
1010
1012
1009
1006
1009
1013
1007
1007
1005
1012
1017
1011
1007
1007
1014
1013
1008
1016
1012
1014
1015
1007
1004
1009
1006
1004
1017
1005
1005
1004
1006
1007
1002
1002
1005
1005
1003
1001
1010
1012
1003
1010
1008
1009
1002
1011
1007
1000
1001
1016
1014
1018
1017
1014
1018
1021
1016
1014
1008
1015
1017
1018
1016
1023
1014
1017
1020
1023
1024
1015
1022
1025
1015
1029
1021
1023
1017
1015
1007
1016
1014
1024
1008
1019
1010
1013
1025
1016
1020
1016
1015
1015
1017
1008
1010
1007
1009
1010
1009
1013
1021
1016
1015
1009
1012
1014
1010
1015
1017
1017
1018
1019
1017
1014
1018
1015
1017
1020
1017
1021
1022
1015
1019
1025
1026
1031
1015
1025
1022
1019
1026
1017
1024
1019
1020
1016
1022
1020
1013
1017
1015
1009
1024
1020
1009
1019
1016
1009
1017
1013
1014
1021
1017
1011
1005
1018
1003
1014
1014
1012
1015
1018
1010
1015
1012
1003
1011
1013
1013
1011
1009
1010
1009
1013
1019
1011
1024
1020
1018
1021
1021
1016
1020
1018
1020
1019
1003
1008
1016
1008
1017
1020
1017
1008
1013
1016
1009
1015
1016
1019
1015
1020
1012
1014
1016
1014
1014
1016
1009
1009
1014
1018
1017
1016
1024
1019
1013
1019
1020
1016
1022
1019
1015
1027
1024
1017
1016
1017
1017
1020
1021
1021
1018
1020
1026
1020
1019
1018
1019
1022
1020
1019
1017
1024
1019
1017
1018
1015
1018
1020
1015
1021
1020
1027
1021
1014
1021
1023
1027
1012
1023
1022
1021
1018
1024
1024
1020
1019
1016
1021
1024
1020
1020
1013
1021
1010
1012
1025
1020
1019
1015
1019
1011
1011
1019
1020
1016
1020
1024
1023
1023
1018
1018
1020
1018
1019
1019
1022
1026
1021
1022
1019
1013
1015
1020
1023
1020
1018
1018
1017
1023
1024
1024
1013
1018
1021
1016
1013
1014
1017
1008
1014
1019
1024
1023
1017
1008
1016
1010
1018
1022
1021
1025
1018
1020
1027
1029
1017
1022
1015
1019
1007
1003
1006
1013
1014
1010
1013
1012
1013
1021
1015
1020
1011
1013
1009
1015
1016
1009
1020
1017
1015
1018
1015
1020
1012
1024
1019
1023
1028
1021
1023
1023
1018
1023
1021
1023
1020
1011
1019
1025
1019
1023
1018
1022
1018
1022
1031
1021
1019
1020
1019
1021
1023
1023
1018
1017
1021
1016
1017
1018
1009
1009
1016
1018
1017
1012
1017
1019
1019
1016
1022
1017
1017
1021
1021
1021
1022
1020
1024
1015
1026
1026
1029
1020
1019
1026
1022
1028
1024
1022
1018
1022
1028
1018
1017
1012
1024
1026
1023
1025
1023
1021
1021
1026
1026
1036
1025
1033
1025
1028
1034
1026
1027
1032
1022
1029
1019
1030
1024
1032
1029
1020
1021
1022
1024
1025
1021
1023
1025
1030
1025
1029
1030
1034
1035
1031
1028
1030
1023
1026
1025
1035
1019
1022
1032
1032
1026
1030
1034
1025
1023
1028
1027
1024
1033
1027
1023
1030
1016
1016
1016
1020
1025
1026
1020
1014
1025
1019
1028
1017
1016
1028
1027
1024
1025
1023
1021
1023
1022
1025
1026
1021
1015
1024
1025
1026
1018
1022
1024
1033
1031
1030
1020
1029
1034
1038
1043
1036
1036
1025
1036
1036
1034
1026
1036
1023
1036
1042
1035
1035
1025
1041
1035
1032
1039
1035
1041
1037
1043
1042
1038
1037
1033
1034
1033
1038
1037
1036
1037
1041
1046
1041
1036
1032
1040
1045
1044
1040
1044
1038
1035
1043
1038
1038
1036
1037
1036
1041
1033
1040
1037
1043
1046
1038
1047
1041
1042
1031
1032
1032
1026
1038
1038
1038
1036
1036
1042
1030
1031
1024
1031
1035
1036
1031
1026
1039
1039
1028
1027
1032
1031
1031
1033
1026
1036
1038
1030
1032
1032
1036
1033
1040
1035
1035
1044
1038
1042
1041
1035
1042
1037
1027
1041
1039
1038
1032
1032
1029
1030
1036
1030
1036
1028
1027
1034
1036
1033
1041
1035
1037
1035
1030
1029
1036
1032
1035
1037
1037
1034
1043
1033
1033
1042
1034
1047
1041
1042
1035
1034
1032
1044
1040
1046
1040
1044
1044
1047
1046
1047
1044
1046
1042
1044
1046
1036
1034
1036
1040
1035
1036
1037
1028
1043
1039
1045
1037
1045
1037
1040
1036
1038
1031
1036
1036
1031
1035
1028
1032
1036
1034
1034
1039
1035
1036
1039
1040
1036
1036
1035
1038
1036
1034
1032
1035
1035
1041
1036
1030
1029
1030
1032
1023
1030
1029
1029
1036
1022
1020
1029
1024
1017
1025
1024
1028
1030
1030
1029
1026
1032
1037
1029
1032
1026
1032
1019
1033
1033
1028
1036
1033
1028
1029
1040
1029
1032
1036
1041
1036
1038
1037
1033
1034
1048
1039
1042
1047
1042
1045
1040
1042
1042
1047
1042
1032
1032
1042
1032
1031
1032
1034
1031
1031
1040
1038
1035
1040
1031
1026
1037
1031
1043
1032
1035
1034
1032
1027
1030
1028
1026
1028
1025
1032
1036
1031
1040
1035
1029
1020
1030
1024
1030
1032
1036
1032
1029
1027
1030
1029
1034
1028
1021
1026
1027
1032
1029
1031
1025
1024
1030
1033
1038
1039
1037
1030
1030
1025
1026
1037
1033
1035
1025
1027
1029
1027
1025
1041
1027
1027
1030
1027
1023
1036
1031
1032
1027
1020
1016
1031
1025
1028
1027
1020
1032
1022
1024
1024
1029
1028
1029
1033
1034
1033
1035
1028
1035
1023
1025
1023
1029
1030
1021
1024
1028
1034
1037
1023
1028
1029
1032
1033
1024
1033
1026
1024
1028
1036
1039
1032
1035
1032
1028
1037
1033
1025
1028
1031
1026
1030
1021
1030
1029
1019
1023
1032
1030
1027
1030
1028
1027
1014
1022
1015
1028
1025
1034
1030
1022
1029
1016
1028
1026
1020
1024
1031
1028
1028
1031
1027
1036
1026
1029
1031
1030
1036
1028
1037
1036
1035
1033
1038
1029
1030
1037
1034
1031
1032
1031
1037
1022
1030
1028
1027
1036
1033
1032
1030
1025
1029
1028
1036
1032
1036
1030
1027
1033
1029
1030
1030
1027
1034
1034
1030
1032
1018
1027
1029
1034
1025
1028
1032
1028
1029
1034
1028
1027
1032
1026
1027
1038
1032
1035
1032
1027
1035
1040
1036
1036
1031
1026
1027
1029
1031
1033
1034
1034
1030
1035
1025
1023
1034
1037
1030
1035
1036
1033
1031
1024
1030
1027
1037
1034
1035
1033
1031
1026
1036
1030
1029
1033
1033
1035
1035
1035
1031
1022
1036
1034
1031
1027
1032
1031
1032
1033
1029
1030
1023
1029
1025
1024
1027
1015
1024
1032
1027
1033
1031
1031
1030
1029
1029
1030
1032
1038
1032
1035
1033
1037
1035
1035
1030
1038
1040
1028
1037
1037
1035
1031
1034
1030
1026
1026
1025
1027
1027
1024
1025
1021
1029
1029
1033
1030
1039
1040
1041
1035
1025
1023
1026
1021
1029
1029
1031
1031
1028
1031
1030
1031
1029
1033
1030
1033
1033
1033
1028
1032
1035
1033
1024
1038
1032
1035
1035
1029
1029
1033
1036
1036
1032
1033
1034
1024
1035
1043
1038
1035
1034
1042
1032
1032
1035
1027
1040
1036
1029
1027
1023
1036
1028
1028
1033
1026
1022
1030
1028
1034
1023
1031
1034
1034
1034
1036
1041
1037
1034
1030
1025
1027
1028
1035
1029
1029
1031
1025
1029
1027
1033
1036
1030
1033
1036
1031
1036
1029
1030
1026
1033
1035
1033
1031
1038
1030
1039
1040
1045
1049
1040
1044
1040
1040
1035
1032
1036
1026
1023
1033
1036
1028
1034
1026
1029
1025
1029
1032
1038
1032
1032
1027
1033
1027
1030
1020
1030
1023
1027
1030
1022
1032
1034
1028
1031
1036
1030
1037
1021
1025
1027
1031
1035
1033
1037
1031
1035
1038
1041
1030
1046
1033
1033
1030
1031
1030
1029
1033
1027
1028
1022
1028
1024
1033
1028
1030
1030
1033
1037
1035
1034
1035
1030
1032
1030
1036
1037
1033
1030
1028
1036
1030
1025
1033
1037
1031
1032
1024
1038
1029
1032
1033
1034
1038
1025
1039
1035
1033
1028
1033
1026
1031
1025
1022
1029
1022
1023
1020
1020
1020
1038
1031
1031
1026
1035
1028
1027
1025
1027
1031
1038
1029
1035
1027
1030
1025
1028
1023
1033
1028
1032
1032
1020
1036
1027
1029
1034
1031
1031
1028
1022
1036
1027
1031
1027
1021
1023
1024
1033
1033
1031
1029
1024
1020
1022
1020
1022
1020
1030
1027
1026
1030
1032
1035
1033
1028
1039
1031
1030
1031
1028
1030
1029
1035
1033
1036
1033
1030
1034
1037
1034
1032
1033
1031
1026
1033
1024
1038
1036
1031
1038
1036
1032
1027
1032
1034
1033
1035
1033
1036
1029
1038
1035
1031
1030
1036
1035
1038
1038
1026
1037
1036
1042
1045
1045
1043
1038
1049
1035
1038
1036
1042
1030
1041
1034
1035
1040
1037
1039
1047
1038
1039
1046
1028
1033
1036
1039
1040
1031
1035
1026
1037
1030
1031
1035
1025
1019
1028
1030
1027
1029
1021
1031
1033
1032
1035
1034
1027
1031
1040
1030
1037
1029
1040
1035
1038
1027
1039
1032
1038
1034
1031
1030
1039
1029
1036
1035
1035
1032
1028
1030
1036
1040
1040
1036
1035
1032
1034
1028
1034
1034
1034
1034
1036
1035
1035
1024
1029
1031
1033
1034
1035
1029
1030
1036
1036
1025
1031
1023
1031
1028
1031
1031
1033
1029
1026
1023
1030
1030
1029
1024
1027
1032
1026
1022
1033
1027
1034
1035
1036
1034
1049
1039
1045
1037
1035
1033
1037
1039
1042
1037
1038
1039
1046
1043
1043
1046
1041
1044
1039
1042
1036
1040
1045
1042
1036
1044
1048
1038
1038
1042
1038
1042
1036
1035
1041
1045
1044
1041
1044
1042
1039
1041
1043
1039
1041
1035
1040
1040
1038
1039
1033
1040
1033
1024
1036
1044
1034
1041
1032
1037
1038
1037
1041
1050
1045
1045
1044
1045
1037
1040
1037
1037
1043
1040
1039
1039
1040
1033
1041
1040
1043
1040
1039
1039
1036
1033
1027
1027
1033
1036
1041
1044
1045
1043
1045
1045
1047
1044
1044
1037
1045
1037
1041
1038
1041
1042
1039
1043
1037
1033
1044
1036
1041
1036
1040
1034
1041
1035
1035
1041
1032
1039
1042
1037
1036
1037
1028
1032
1029
1033
1039
1041
1034
1035
1044
1031
1032
1039
1035
1029
1025
1032
1027
1034
1043
1045
1044
1036
1035
1038
1048
1032
1044
1048
1041
1039
1049
1043
1042
1042
1039
1047
1045
1042
1042
1038
1038
1047
1044
1039
1040
1044
1041
1045
1036
1032
1033
1033
1033
1036
1031
1033
1041
1032
1037
1032
1035
1037
1038
1041
1040
1044
1043
1031
1038
1039
1036
1035
1038
1037
1035
1042
1033
1035
1030
1032
1043
1035
1043
1034
1035
1031
1031
1036
1032
1035
1036
1038
1039
1035
1038
1035
1040
1034
1040
1029
1033
1032
1038
1038
1035
1037
1031
1033
1041
1035
1029
1033
1036
1047
1035
1033
1042
1034
1034
1034
1034
1029
1038
1035
1032
1032
1036
1032
1035
1036
1032
1039
1031
1034
1033
1033
1029
1037
1037
1034
1034
1033
1026
1025
1027
1025
1041
1031
1030
1034
1031
1032
1032
1032
1036
1038
1034
1041
1040
1035
1032
1043
1038
1039
1040
1043
1044
1040
1044
1043
1047
1039
1042
1030
1035
1045
1039
1040
1038
1037
1044
1038
1043
1038
1034
1041
1048
1040
1040
1035
1043
1039
1029
1038
1034
1035
1034
1033
1033
1037
1035
1029
1038
1026
1035
1031
1035
1031
1036
1036
1030
1028
1020
1028
1025
1026
1030
1025
1029
1033
1031
1029
1035
1032
1033
1034
1034
1028
1034
1036
1040
1041
1029
1025
1031
1023
1033
1026
1037
1033
1030
1037
1031
1032
1034
1040
1037
1032
1037
1034
1039
1038
1035
1038
1032
1035
1035
1037
1026
1034
1040
1041
1040
1029
1042
1047
1042
1039
1035
1045
1033
1034
1037
1035
1032
1031
1036
1034
1031
1036
1033
1029
1031
1035
1032
1029
1035
1025
1037
1030
1032
1037
1030
1036
1034
1033
1029
1034
1039
1036
1037
1034
1034
1026
1029
1042
1044
1044
1032
1032
1032
1035
1033
1033
1038
1035
1023
1030
1036
1042
1045
1038
1042
1046
1050
1041
1038
1044
1037
1044
