871
891
896
887
899
901
895
888
894
897
895
896
898
898
885
900
895
888
880
887
887
883
886
896
899
904
908
922
903
909
916
914
900
914
914
908
892
899
893
889
889
891
895
890
891
905
896
895
900
888
901
897
902
892
894
910
901
899
900
907
907
908
899
910
911
918
911
905
911
915
907
906
911
919
918
911
913
906
915
910
905
905
907
902
918
903
911
914
917
905
909
909
905
907
901
911
908
908
907
925
917
909
906
909
902
915
906
908
909
909
911
908
906
902
899
905
910
910
916
915
916
912
907
916
905
920
913
911
919
903
912
911
906
907
910
909
908
901
904
907
917
915
906
912
913
912
913
908
905
915
922
930
925
915
923
923
916
915
925
920
907
907
914
912
909
917
911
917
912
912
910
911
918
912
907
912
913
930
921
916
914
904
908
903
917
926
917
917
919
911
918
919
913
904
899
909
914
920
911
922
915
907
920
913
917
909
909
926
908
905
917
917
927
923
918
920
918
914
914
920
910
908
919
913
907
924
919
920
931
915
922
917
913
915
923
913
915
908
909
914
905
912
900
908
909
918
911
908
923
918
910
915
914
918
910
920
926
920
914
917
916
918
921
906
928
919
921
918
920
916
927
922
938
924
927
925
921
911
925
916
918
917
919
919
930
928
926
921
928
924
925
919
919
922
924
917
921
917
905
906
920
908
918
923
931
913
925
914
916
925
928
913
913
913
921
916
924
920
921
921
918
916
931
927
927
923
913
917
913
923
914
910
911
918
918
925
922
925
900
913
908
916
910
917
919
922
912
919
911
918
922
921
908
913
912
910
916
911
917
919
917
920
921
916
908
911
914
915
920
923
915
934
922
926
923
922
937
926
919
924
920
930
923
920
914
911
915
923
918
917
923
920
917
920
917
923
920
910
911
914
918
922
908
912
930
918
912
917
915
912
915
909
913
915
920
923
914
910
922
912
920
913
916
906
922
904
916
922
916
908
921
919
915
913
915
906
909
912
916
912
916
910
920
915
927
915
920
913
913
913
913
907
914
910
919
914
912
921
923
918
934
927
926
918
917
927
927
922
922
919
923
923
922
915
918
910
909
914
913
911
912
