887
908
889
898
897
900
909
917
910
911
906
905
898
899
905
898
908
898
911
910
921
912
902
913
896
910
903
884
912
908
911
906
909
917
914
908
913
918
908
907
917
909
911
916
913
915
925
913
906
920
911
930
914
919
916
918
915
916
926
926
923
929
933
946
930
933
943
938
950
937
950
950
952
936
950
947
945
949
945
944
947
943
944
950
946
945
949
944
942
946
949
955
953
950
942
945
940
940
932
938
944
937
938
938
933
941
943
955
958
953
954
959
952
958
951
962
957
956
953
951
938
946
941
941
950
957
947
951
945
955
952
956
961
958
967
959
968
964
945
953
960
962
956
952
950
955
957
950
957
949
952
950
951
950
953
948
937
942
938
938
943
948
942
941
943
943
932
929
931
936
946
950
945
953
945
929
939
933
943
942
938
937
937
936
935
939
935
940
940
940
941
935
939
930
941
937
937
942
934
939
941
936
945
949
939
946
945
940
954
934
938
949
954
943
941
937
936
947
939
955
940
946
949
941
950
952
952
940
952
945
949
940
950
937
941
940
936
943
947
948
940
934
936
948
942
956
944
941
939
942
938
945
942
942
946
937
932
934
944
948
948
954
954
950
945
930
940
948
941
943
953
937
943
956
943
942
950
950
954
933
950
945
948
951
941
938
944
946
941
952
948
944
943
948
957
948
951
949
937
949
946
951
946
943
931
941
952
947
943
940
947
937
942
940
944
938
942
944
947
944
945
944
938
953
952
944
933
951
949
934
933
939
935
940
932
945
942
932
923
940
944
945
947
933
936
951
940
949
946
945
955
954
951
944
952
963
951
951
947
961
947
941
955
950
950
952
948
949
942
945
940
941
944
948
955
959
950
945
954
949
955
950
951
945
952
947
947
939
935
947
939
945
937
945
935
948
942
950
946
952
960
961
954
956
957
965
956
967
957
963
953
951
951
948
956
953
953
942
938
951
947
952
944
941
938
947
947
946
943
948
940
945
945
937
943
939
945
947
936
950
946
945
950
951
945
946
941
940
953
949
944
946
948
953
958
968
970
961
967
961
965
959
956
959
959
