870
881
881
898
887
897
904
889
901
889
889
901
897
899
898
901
905
908
910
899
913
913
907
911
901
906
909
910
910
904
893
902
897
904
898
910
898
908
904
900
901
897
895
892
899
905
901
904
891
898
899
902
904
903
906
911
913
902
918
910
914
917
924
920
917
921
923
928
921
921
907
916
925
916
912
905
910
911
912
926
926
927
929
937
921
918
913
916
917
911
915
933
922
916
917
913
914
915
908
919
919
921
931
926
921
932
926
922
925
922
930
922
925
922
922
921
927
912
918
916
926
931
921
911
918
919
917
914
918
919
928
918
922
921
918
913
916
925
923
918
922
930
929
925
926
937
932
934
919
930
932
930
929
927
923
927
930
931
921
928
920
917
924
926
914
930
929
925
925
925
925
914
918
927
918
914
925
923
919
916
919
927
931
934
928
922
930
936
924
931
926
923
913
920
918
919
934
922
918
925
933
931
924
922
925
930
929
926
917
921
916
915
928
924
928
932
936
936
921
925
928
927
927
932
930
936
936
938
945
935
936
926
937
929
933
930
934
934
940
940
930
930
933
943
942
930
923
928
937
939
934
934
936
944
927
936
933
941
933
930
940
932
931
930
929
931
930
923
931
928
925
930
931
939
934
934
932
930
944
926
935
941
951
935
941
938
935
945
944
944
947
943
934
943
936
938
945
940
935
937
936
939
932
935
927
927
934
931
932
925
926
937
932
925
925
923
931
935
931
929
928
930
936
931
940
942
930
941
926
938
928
926
925
925
936
924
921
922
927
918
915
921
930
924
919
944
930
930
940
938
930
928
920
940
918
930
929
925
920
922
929
917
929
925
929
921
921
920
927
921
926
928
928
922
928
927
929
933
922
913
933
937
930
925
926
926
923
923
918
915
935
935
929
925
940
925
929
927
930
931
939
940
936
939
933
938
930
925
927
928
929
921
917
927
928
930
917
924
919
932
926
931
935
931
934
935
931
935
932
937
940
929
916
929
932
936
936
939
937
918
929
922
932
927
909
925
925
921
920
923
921
929
926
925
929
937
933
932
941
931
927
924
930
930
926
931
924
918
919
921
922
922
940
945
939
937
943
942
934
