880
885
892
896
914
920
914
921
918
914
919
908
903
920
914
913
920
902
905
918
917
927
922
933
936
940
927
920
921
924
921
917
925
939
931
943
945
954
944
941
947
946
949
944
963
956
949
959
956
953
960
962
972
959
963
957
955
960
966
966
969
964
960
968
960
972
968
974
975
983
984
979
968
982
982
977
978
977
978
971
970
977
964
964
968
974
976
971
971
962
970
961
979
966
973
977
966
971
958
973
966
967
972
969
973
969
964
963
961
965
963
970
973
965
981
978
962
978
975
986
972
967
968
976
978
974
986
979
981
973
982
985
983
974
977
981
980
976
968
983
989
978
986
982
985
969
979
985
984
990
975
977
982
976
981
981
978
971
976
976
952
978
972
973
973
966
975
968
971
966
963
971
978
971
974
970
974
979
976
987
981
980
979
987
976
975
972
966
964
978
979
974
982
993
976
958
969
973
973
976
972
967
965
969
968
979
976
972
977
963
965
969
967
964
967
974
971
974
963
966
979
976
978
973
962
968
977
967
972
969
970
963
963
969
978
974
974
964
972
975
972
967
963
969
975
966
971
974
984
982
969
969
985
970
979
979
972
970
987
981
988
977
982
979
996
993
975
965
980
975
964
974
972
986
969
975
972
970
961
964
959
978
988
987
997
981
982
979
979
980
979
969
980
985
989
973
982
987
981
979
979
979
981
990
982
991
983
982
980
980
979
981
985
981
983
983
975
983
985
986
988
994
1000
989
989
996
992
988
982
987
979
989
990
983
978
986
982
983
989
979
971
989
983
987
981
982
974
979
980
971
974
967
984
985
976
979
979
977
989
983
977
982
967
980
972
981
981
974
975
985
978
975
982
977
978
982
985
982
982
989
982
981
988
988
986
990
990
983
990
992
988
992
991
990
999
992
987
995
989
981
986
985
987
975
979
982
983
976
977
980
986
987
982
982
978
978
986
978
983
991
981
979
987
999
994
982
980
982
986
981
986
975
976
975
977
973
977
974
979
973
973
979
982
981
979
