886
894
901
907
904
927
913
911
910
917
912
916
918
915
916
914
908
903
922
926
911
926
931
934
930
931
920
921
930
929
923
931
927
938
931
931
934
943
940
946
942
935
935
934
934
931
938
941
942
932
935
931
944
926
945
934
943
937
926
929
941
937
935
939
941
939
953
947
938
932
933
939
926
931
931
941
942
935
923
925
926
928
941
929
934
932
930
935
935
938
946
934
927
946
932
933
929
933
943
938
925
929
934
928
943
936
935
926
940
943
951
953
941
953
948
944
945
947
946
945
958
950
957
949
941
949
952
953
948
956
952
961
954
956
961
956
950
952
975
965
970
971
962
966
960
965
970
961
962
970
969
965
972
968
969
976
967
962
967
969
968
967
968
977
964
970
968
973
968
966
966
965
963
969
959
961
966
965
970
962
975
971
971
972
968
970
973
965
966
978
969
970
973
973
983
979
987
977
973
971
974
968
974
979
966
971
974
975
975
973
979
982
973
963
965
963
969
966
957
978
980
974
987
977
975
976
978
970
974
988
976
978
966
988
972
972
967
980
979
981
975
978
976
979
988
977
970
980
982
974
968
974
974
965
965
966
979
975
978
978
976
981
990
998
1000
987
992
982
987
991
978
984
984
980
979
979
969
980
985
984
983
977
987
978
979
981
977
981
983
985
987
987
980
991
989
992
987
988
993
983
983
979
986
990
985
978
994
980
984
981
992
990
988
981
980
985
993
988
986
984
981
987
976
981
977
992
991
987
986
991
990
974
987
985
985
988
988
993
984
983
984
980
986
986
987
988
985
995
994
989
990
989
982
980
975
976
972
978
986
980
981
983
984
986
983
977
984
985
980
986
978
979
976
977
979
970
988
983
984
986
986
981
980
976
982
998
994
993
989
1002
985
981
998
983
984
986
987
985
975
978
990
984
998
985
990
993
997
1002
993
1012
1008
1012
1004
1018
1010
1008
1000
1016
1006
1003
1008
1004
995
1010
1007
1003
1008
1008
1010
1001
1003
1001
997
1008
1004
1006
1008
996
1006
1000
1009
1002
1003
999
1001
993
987
1002
994
