879
879
888
893
896
877
882
899
888
891
900
891
896
894
901
897
885
895
903
907
911
916
904
893
898
877
899
897
892
905
899
892
900
902
910
903
910
898
905
906
900
916
903
902
904
907
914
914
906
918
914
908
891
901
909
920
898
917
905
913
914
914
907
915
906
900
901
901
908
900
905
900
910
901
908
906
910
917
904
915
917
908
911
906
917
903
908
913
917
914
914
922
920
916
914
910
914
921
910
901
906
912
907
905
903
900
897
899
911
915
915
910
910
913
905
903
906
902
900
904
902
903
895
892
899
903
902
903
914
913
911
915
906
910
914
921
914
908
902
909
909
909
907
909
913
915
911
923
904
918
920
914
916
916
905
906
915
910
918
913
911
916
922
912
923
913
912
918
924
921
921
911
914
918
915
919
925
918
924
925
912
919
915
913
922
927
921
912
918
914
929
918
936
934
943
921
934
928
932
933
931
936
934
940
937
931
926
941
938
936
926
933
927
925
935
929
930
932
927
921
939
920
930
934
928
933
925
924
928
933
921
922
924
923
928
937
938
925
926
927
931
915
922
927
926
923
914
926
926
932
927
925
929
932
933
926
925
934
938
925
940
931
933
928
913
924
927
909
928
938
930
927
927
930
917
920
922
912
926
923
927
926
923
925
927
926
918
934
931
929
930
929
936
926
930
938
924
924
926
925
928
939
928
931
922
927
931
935
929
922
923
928
924
931
923
924
929
929
930
934
930
926
930
921
927
935
939
931
947
929
937
939
940
949
936
934
945
941
948
966
959
953
950
953
949
952
959
960
958
958
964
953
957
952
958
958
952
957
952
944
950
953
954
953
948
942
949
949
952
950
948
947
954
951
951
946
947
947
949
945
953
950
949
953
946
941
946
951
948
957
952
953
954
957
952
951
960
960
960
945
960
954
958
954
954
964
959
958
955
957
951
953
951
946
954
959
951
946
954
945
940
943
952
952
954
959
953
952
954
952
947
953
953
950
956
950
948
950
953
961
953
956
953
957
958
955
953
944
948
948
944
948
953
947
943
959
953
958
946
944
949
946
948
942
949
958
954
960
952
956
956
950
959
955
961
954
943
