876
883
881
881
881
884
878
895
896
902
902
912
915
904
895
903
889
888
894
896
896
895
894
896
893
897
889
891
883
894
896
898
905
896
910
911
912
897
906
918
905
903
916
909
900
911
903
912
900
899
900
906
904
908
906
905
908
906
898
914
913
912
909
906
910
904
913
919
917
910
928
904
920
914
918
920
916
918
920
915
918
912
921
914
924
913
911
919
915
900
909
915
900
905
913
899
913
903
910
911
908
903
907
903
905
893
904
905
902
906
911
899
896
901
903
903
904
911
903
901
902
913
903
908
903
910
911
920
918
910
910
900
905
896
908
910
911
910
916
909
900
905
902
905
907
907
903
904
909
906
905
907
906
906
911
916
912
905
907
906
906
902
913
906
909
903
904
900
917
923
906
920
910
918
922
916
913
907
915
914
911
909
915
908
919
916
915
920
912
909
915
915
923
920
917
923
931
926
923
923
917
916
921
919
922
924
931
925
911
912
918
920
921
912
922
913
908
912
918
914
916
924
928
939
940
931
926
930
924
930
937
935
939
944
933
932
919
924
931
923
929
925
930
924
919
915
918
928
929
927
923
929
923
935
945
944
943
929
942
931
944
945
940
939
931
923
936
925
919
940
932
942
933
935
946
936
950
937
948
930
928
925
928
929
931
934
933
940
942
944
947
939
935
931
932
933
935
941
944
934
942
925
935
936
945
932
930
935
934
931
926
937
921
940
930
925
937
927
928
932
937
928
938
927
928
928
931
926
921
917
930
928
926
921
928
926
925
926
930
937
927
929
941
929
928
930
920
923
924
938
933
934
937
932
940
933
935
939
942
946
942
946
944
938
947
941
934
946
937
947
949
932
936
934
932
939
940
937
933
939
934
932
938
928
942
937
939
933
949
936
929
945
947
942
940
943
943
937
952
950
944
937
934
929
933
935
932
931
922
929
941
934
949
943
941
946
941
942
933
931
930
933
926
936
938
936
937
934
933
933
929
939
929
935
931
936
940
934
930
930
935
939
944
935
941
943
944
930
933
941
939
936
939
939
939
945
929
942
927
942
924
927
930
936
916
927
926
930
936
931
929
929
931
938
933
934
926
930
927
938
933
936
