878
896
908
905
902
907
907
904
912
906
915
914
903
909
912
909
916
910
911
919
906
908
907
916
924
916
916
919
910
917
920
913
916
921
917
911
910
917
914
921
918
910
918
920
918
918
936
915
923
923
917
918
918
922
925
924
929
928
923
942
951
946
948
942
939
954
953
951
957
942
953
957
952
938
959
956
943
947
944
942
944
941
944
942
945
942
939
954
961
948
962
959
958
961
954
960
956
960
962
964
954
958
968
960
957
961
963
959
957
965
960
953
952
953
954
960
957
962
943
950
955
953
950
957
957
953
967
968
969
974
973
975
970
974
974
981
985
979
978
982
978
980
972
982
975
983
976
979
970
969
954
971
962
981
968
969
965
966
984
979
974
983
981
979
978
975
975
976
982
985
966
978
981
980
983
977
991
999
988
995
975
986
996
983
988
977
992
993
990
1000
992
982
989
980
976
984
986
980
981
973
983
985
984
978
981
983
978
982
983
979
981
977
969
980
973
982
984
984
986
981
980
981
973
995
979
979
976
977
975
978
991
978
981
986
981
983
980
985
981
981
981
968
977
974
978
975
977
982
983
983
996
987
980
980
977
991
989
988
979
983
992
988
991
988
993
989
983
986
992
987
982
985
980
991
988
988
981
982
979
985
1002
973
981
991
982
989
979
985
983
983
985
986
978
996
985
974
994
994
989
989
1000
999
1007
996
998
1009
1001
998
1000
991
999
996
988
987
986
986
980
994
980
985
981
992
987
991
992
995
998
991
998
997
990
999
996
1001
1009
993
987
995
992
1005
999
1006
1016
1015
1005
998
997
999
999
1003
1002
996
998
1003
1000
1000
987
1000
996
995
1004
1003
1001
994
1003
996
998
992
993
1002
1001
1001
1002
1002
990
991
985
1000
991
996
987
996
992
1001
994
995
996
1008
1003
995
1000
994
1005
993
996
1001
998
992
998
1005
991
989
983
992
985
1000
985
992
994
996
985
983
1000
996
1005
997
1003
988
1004
1002
1005
1005
998
995
1001
1009
999
1001
1000
1000
1004
1009
999
999
1002
1010
997
1006
1004
1008
1014
1009
1020
1013
1003
1010
