890
884
896
903
900
899
912
913
910
916
914
911
917
907
907
919
918
923
926
929
921
916
920
930
921
911
921
920
934
929
929
933
932
932
925
930
917
931
937
940
937
941
931
932
923
923
934
923
937
949
947
932
932
936
934
936
938
949
934
947
940
934
940
931
931
931
933
937
937
941
932
930
928
932
930
929
934
932
937
931
932
930
937
939
933
941
932
931
937
942
945
946
936
934
940
941
930
932
955
940
951
949
940
942
944
937
947
930
927
928
936
942
925
935
929
929
925
926
937
932
937
932
934
938
932
925
927
934
944
949
937
941
938
937
937
932
937
939
933
932
931
936
926
930
925
930
922
913
916
926
933
924
935
937
931
934
941
925
933
933
931
935
922
932
937
924
925
930
932
921
924
924
927
922
937
929
932
933
925
933
929
922
931
933
929
926
936
941
933
923
923
920
923
937
936
926
923
929
931
931
931
931
926
920
925
920
927
933
930
930
929
926
928
934
924
934
943
944
937
938
944
939
931
940
941
929
932
926
917
929
932
938
939
939
938
941
935
935
936
939
929
922
933
928
926
927
929
931
927
938
934
934
928
932
930
931
938
940
931
925
913
936
929
937
934
931
935
929
928
929
937
943
934
933
935
925
937
927
936
934
943
939
941
942
932
938
929
937
941
928
935
941
938
929
925
936
938
940
934
928
932
942
934
937
929
931
942
944
932
928
939
938
933
942
929
928
928
933
936
934
931
929
940
935
938
924
937
934
929
943
932
930
943
950
935
947
946
941
937
949
939
951
940
943
933
937
937
942
939
935
931
920
931
928
927
938
940
936
933
936
946
939
938
939
939
935
934
940
936
945
934
924
938
935
940
940
937
933
933
936
919
924
924
934
924
929
937
940
934
933
928
937
931
917
937
938
933
938
935
929
935
928
926
925
931
932
942
935
937
931
925
935
916
927
929
920
918
932
932
928
925
926
927
940
936
922
925
925
933
936
935
938
934
937
935
926
926
917
927
934
923
936
936
924
928
936
935
937
936
929
928
925
926
913
927
919
914
925
933
923
943
941
928
936
934
922
936
935
928
931
936
936
940
929
925
