881
881
888
886
895
893
891
891
904
901
911
911
907
910
910
906
899
907
898
902
899
903
911
906
911
914
908
899
913
902
900
900
901
897
902
901
908
898
904
910
912
900
901
905
903
904
898
899
905
899
897
902
906
900
899
904
915
918
918
898
911
920
910
924
922
918
922
927
921
919
914
910
921
916
909
920
921
910
919
917
920
934
929
924
915
930
929
915
924
927
930
920
924
924
927
932
914
922
920
919
919
914
917
919
918
917
908
920
909
909
914
924
909
902
910
908
913
912
916
921
917
920
915
914
916
920
924
912
921
920
923
923
929
914
933
931
923
926
929
925
917
909
912
904
911
915
913
917
903
909
909
912
906
914
909
906
912
908
914
912
896
904
910
917
918
913
896
900
903
916
913
917
914
918
914
921
922
910
921
909
917
909
915
912
919
904
911
917
901
902
901
901
899
908
913
904
900
905
899
900
904
893
901
909
919
911
913
923
914
912
913
910
902
915
912
911
909
908
909
899
912
916
915
916
908
919
918
908
908
904
920
921
913
923
925
929
906
914
916
912
913
928
921
918
920
928
921
935
923
923
923
926
923
924
928
917
919
926
933
927
923
919
925
928
931
929
930
929
919
931
930
931
928
922
931
936
918
930
922
917
925
926
922
930
932
926
914
910
915
922
922
915
921
922
931
935
921
926
925
914
931
939
933
923
923
937
928
923
919
923
919
921
916
912
919
919
908
914
909
912
913
915
908
915
911
908
903
913
914
921
917
919
917
925
914
920
920
925
924
925
928
928
922
919
917
929
922
922
922
914
922
915
924
921
917
918
914
927
923
911
913
921
919
913
918
929
925
915
914
912
924
922
921
929
931
923
927
922
929
925
922
924
924
928
924
932
926
935
917
937
929
925
941
939
928
922
926
926
921
921
936
921
908
910
906
909
906
905
911
909
914
916
908
915
909
904
907
906
910
919
914
912
909
909
912
912
904
916
921
926
921
921
926
925
917
918
916
919
927
918
921
925
918
909
918
923
919
917
920
915
919
925
924
902
910
911
914
900
903
906
914
920
916
909
913
913
911
917
910
907
914
921
912
918
911
910
910
912
911
914
923
917
