897
899
912
905
923
919
911
926
923
922
925
928
928
919
922
918
926
930
935
930
926
934
927
926
928
926
937
921
931
928
941
935
929
934
947
941
935
939
936
941
944
940
942
938
945
940
935
935
931
929
924
929
912
917
915
913
922
917
918
929
936
936
923
934
932
934
926
922
920
926
938
925
937
931
933
925
917
931
936
935
931
929
934
932
932
934
938
948
947
949
945
939
958
955
949
948
940
945
936
940
928
938
935
934
943
939
941
937
948
932
930
925
936
934
948
934
940
942
938
935
946
947
947
946
949
952
956
951
956
948
946
956
954
960
958
956
950
947
948
954
958
963
952
948
955
949
955
953
952
957
954
952
950
941
953
956
954
952
960
960
950
950
950
955
956
952
957
953
957
959
961
948
956
958
944
950
950
957
953
951
941
945
958
951
944
953
959
944
945
942
951
945
943
941
944
947
950
951
941
944
948
946
939
948
951
946
946
946
949
954
953
943
957
947
939
952
943
945
944
950
943
949
955
949
948
941
963
959
955
970
971
975
968
969
975
981
984
983
978
974
973
970
977
980
979
972
976
976
973
975
970
979
986
967
976
973
970
968
975
977
978
975
974
970
972
969
962
977
975
975
976
983
980
976
975
975
969
974
985
981
972
979
989
981
996
989
985
999
981
991
996
992
988
996
990
980
980
984
978
986
979
988
973
976
978
973
975
976
965
971
974
975
990
989
990
985
976
987
988
993
985
991
989
988
988
993
985
985
979
978
982
980
980
989
995
989
989
999
993
993
996
989
984
984
981
991
984
992
991
987
980
992
992
982
975
989
985
993
982
990
983
991
980
993
985
993
988
992
988
997
998
992
992
985
989
988
991
988
981
984
988
987
995
995
993
996
992
989
985
985
989
986
987
988
989
990
989
983
986
988
993
993
987
977
988
987
991
991
995
986
996
997
996
999
989
998
988
987
985
983
983
992
984
979
972
972
984
987
992
980
984
987
984
979
976
986
993
988
997
985
985
980
984
983
996
987
1004
990
992
987
988
988
989
994
995
986
984
992
991
990
993
