882
894
891
889
882
875
882
874
887
887
898
887
898
893
886
880
891
889
884
887
883
882
885
886
880
881
889
884
881
886
886
881
885
877
891
885
891
891
892
892
902
894
916
905
903
901
897
891
887
905
896
898
898
903
906
910
908
917
913
909
904
914
906
906
907
906
909
909
898
901
910
910
917
916
908
922
915
906
914
908
912
906
910
916
911
908
906
914
920
911
918
918
916
916
919
917
921
915
907
911
911
910
905
907
918
919
918
921
918
909
906
919
922
919
913
928
929
923
924
918
923
920
923
913
909
923
920
921
916
924
923
917
926
906
913
919
923
917
903
904
906
901
910
922
913
915
907
903
909
905
907
910
912
901
911
904
901
900
903
919
916
907
910
914
907
901
910
894
909
907
922
912
912
913
901
903
911
899
907
905
910
897
902
904
927
914
907
901
915
910
915
909
908
910
917
908
908
909
907
905
899
905
909
909
910
911
912
893
910
908
912
905
903
903
911
904
910
906
899
903
903
910
919
917
907
913
913
918
911
922
912
912
903
911
903
908
922
911
905
902
904
901
897
905
911
909
905
903
902
907
897
909
904
906
906
904
902
909
908
894
904
904
909
908
904
905
907
907
902
910
913
905
910
903
911
914
901
903
909
914
927
919
919
921
911
911
915
925
913
924
921
926
920
909
925
926
922
925
922
925
914
921
917
902
925
918
921
922
906
906
900
919
901
916
914
912
912
918
917
924
913
916
909
914
916
916
913
913
923
923
913
913
916
925
927
924
932
932
928
925
928
929
933
921
928
928
934
935
919
932
926
930
931
927
927
931
924
923
917
916
920
922
925
932
920
919
928
915
937
924
929
922
929
937
932
929
926
924
919
932
924
926
923
916
927
933
937
925
930
925
931
940
936
922
930
934
925
917
922
923
926
925
924
928
936
938
934
926
921
940
937
928
934
931
934
925
935
920
931
923
936
941
945
943
941
931
927
937
940
937
940
940
934
936
934
934
937
946
939
944
934
934
943
941
938
933
935
941
938
951
948
948
938
946
950
942
946
942
940
944
947
938
937
944
950
939
936
950
949
943
937
940
943
944
932
941
949
934
947
948
