880
892
892
897
902
902
904
906
904
928
921
928
907
903
904
915
924
915
917
918
922
931
919
928
939
931
932
936
934
926
936
938
932
946
951
947
943
940
939
950
946
944
943
938
937
937
949
943
941
933
924
928
931
944
926
930
928
926
938
931
933
928
938
934
937
943
941
942
939
946
938
939
935
937
933
935
932
939
937
932
939
940
942
940
940
943
943
942
928
925
940
942
924
926
921
932
927
931
923
926
933
929
932
927
932
933
924
924
928
927
935
931
935
941
939
932
938
936
938
944
943
938
935
940
940
934
943
949
940
942
948
943
941
940
936
939
929
933
931
937
932
932
935
932
936
943
938
934
938
949
937
934
927
930
939
932
934
933
937
938
934
930
932
929
943
936
935
934
938
941
943
936
939
938
928
932
934
932
932
929
934
937
935
941
934
930
926
938
937
932
924
924
928
915
922
927
928
936
933
940
936
942
942
939
943
934
942
935
937
941
932
935
937
938
934
931
929
934
926
939
934
938
938
936
937
936
941
940
936
937
933
934
946
948
946
954
952
946
957
954
943
949
948
941
941
953
950
949
953
942
935
944
942
933
926
938
927
945
931
941
933
935
940
944
947
945
939
944
938
931
940
939
937
940
951
948
951
957
963
948
953
943
942
947
950
948
939
941
939
938
940
942
954
940
942
955
952
947
956
955
955
956
958
949
949
942
943
951
947
941
946
945
938
945
948
943
944
949
937
949
948
951
944
954
944
949
951
946
946
955
951
950
954
953
958
954
953
959
953
941
943
952
952
951
947
938
944
950
942
940
940
922
944
937
939
940
948
942
949
936
946
947
943
958
948
949
941
946
948
942
935
953
946
941
947
949
952
955
940
954
955
938
952
941
949
949
962
953
953
950
954
939
950
955
952
952
948
950
954
942
951
936
947
946
939
943
937
940
950
940
946
940
949
941
949
946
953
947
944
939
940
932
935
933
940
936
946
939
942
944
948
943
938
936
940
938
943
939
938
932
930
944
943
934
949
941
946
953
946
948
945
941
945
943
940
935
945
952
945
940
950
949
948
942
957
944
947
947
937
939
936
941
939
945
951
942
940
951
949
944
937
934
940
944
