879
878
883
878
880
876
871
889
890
897
895
879
884
894
886
899
890
895
901
895
904
892
895
905
899
907
905
910
899
893
903
897
891
893
895
901
907
899
907
915
912
916
908
914
904
893
921
911
919
917
914
904
920
911
930
918
919
912
912
908
905
906
911
910
906
910
923
915
914
919
906
914
908
908
915
916
903
902
905
921
923
911
906
914
912
916
915
918
925
922
919
912
921
922
923
918
922
905
916
916
915
914
921
928
918
937
935
921
925
927
917
924
925
921
921
930
925
930
917
926
925
919
920
926
930
921
921
921
922
920
913
924
915
915
918
913
926
930
929
921
921
929
923
933
921
926
925
937
937
934
921
912
926
923
937
925
930
924
921
928
923
922
928
927
930
935
944
937
926
937
941
937
939
952
940
943
945
942
940
934
941
940
934
938
934
942
937
921
941
927
928
923
927
927
934
933
930
926
928
928
926
918
928
924
917
928
923
928
917
921
930
928
937
938
937
924
916
917
922
927
932
936
929
934
932
938
930
942
927
914
933
927
941
926
925
929
938
938
943
935
925
940
925
925
924
934
929
921
921
931
923
926
927
926
928
924
928
933
930
929
934
936
940
934
935
939
936
942
939
930
945
945
941
939
944
937
927
938
946
945
935
931
947
942
943
928
938
932
932
936
938
936
938
946
952
942
941
934
931
932
939
930
926
939
941
939
952
946
949
943
937
943
938
932
935
932
930
921
930
940
933
942
947
949
938
938
936
938
941
936
941
945
942
932
946
940
949
936
929
934
938
935
930
940
936
934
931
939
930
934
935
927
934
939
940
939
932
936
942
941
938
941
933
944
946
938
939
940
935
938
943
934
946
939
941
949
945
936
931
930
926
926
937
926
942
936
940
950
942
943
953
949
944
931
943
939
931
947
951
943
954
939
944
946
936
955
951
935
950
962
944
943
944
943
944
943
954
936
945
940
949
946
942
943
944
937
936
949
942
940
937
939
942
937
936
943
948
944
942
940
942
936
935
944
944
931
935
941
940
933
946
940
934
941
939
937
940
938
936
937
936
935
944
946
939
943
931
940
939
939
932
941
940
941
935
932
931
932
934
924
