881
877
895
889
894
892
887
885
894
893
905
904
909
904
903
895
885
903
905
903
899
902
907
905
908
910
911
912
916
911
917
913
910
916
918
908
903
902
908
916
912
918
919
928
912
915
916
911
916
907
910
905
909
915
909
913
913
905
908
914
912
916
917
906
910
921
910
910
907
912
917
919
916
914
922
912
917
916
914
916
919
907
915
916
915
906
905
911
912
916
907
907
905
916
914
904
912
907
914
918
917
903
908
912
912
920
905
916
924
915
922
921
909
912
926
920
925
923
921
921
919
927
918
921
919
913
908
919
910
916
912
906
914
916
911
920
920
922
917
914
914
916
908
913
916
913
917
914
917
910
911
916
912
909
915
910
908
926
929
925
932
922
928
935
936
934
945
931
944
947
942
946
940
946
939
940
941
950
941
952
947
946
952
950
945
949
948
945
948
951
950
938
948
945
952
941
941
937
938
945
947
929
938
943
936
933
933
941
944
947
956
955
940
945
946
952
941
947
942
932
947
947
941
953
947
938
941
954
947
948
943
941
938
948
935
936
945
956
944
942
947
937
946
943
945
948
952
941
950
952
954
948
948
954
944
951
949
943
945
950
948
946
951
943
943
950
948
943
940
948
945
953
952
940
948
951
944
949
951
946
954
950
948
940
943
947
936
955
953
943
943
944
956
946
944
947
946
959
949
946
944
950
935
944
952
946
943
946
945
946
935
940
944
956
948
943
937
950
943
944
955
940
948
947
941
942
948
949
942
941
940
945
939
950
945
932
942
954
945
948
945
951
949
944
942
949
948
946
942
946
951
941
952
948
947
947
954
938
946
946
953
954
956
955
946
955
944
950
953
945
943
939
949
955
953
942
956
947
951
945
950
957
944
941
955
953
954
957
968
954
965
957
953
943
951
950
947
952
951
955
953
954
950
948
948
951
949
950
951
945
952
947
958
953
953
947
952
935
944
946
942
944
938
939
938
927
932
936
933
941
935
935
936
945
937
940
938
935
941
938
935
932
939
936
944
938
941
937
940
939
942
935
946
950
950
954
941
936
950
942
947
938
943
939
943
943
939
936
945
940
941
