883
877
881
870
889
886
888
889
889
889
892
894
891
898
906
903
909
904
915
908
896
895
897
889
899
882
897
889
891
895
905
895
901
900
903
904
902
904
914
901
907
914
909
921
932
930
927
924
912
913
913
904
922
916
917
910
917
927
907
909
900
900
906
908
914
912
910
909
910
920
914
912
912
911
911
918
907
922
909
907
909
916
921
912
912
906
911
909
918
907
904
906
917
905
910
897
909
904
909
911
911
928
929
927
916
928
922
927
925
934
924
921
923
922
926
920
936
932
920
935
922
923
914
914
926
929
931
922
920
923
923
928
927
925
919
934
926
933
930
924
924
925
927
925
920
922
925
933
925
929
926
937
936
923
930
932
929
930
919
920
934
920
932
935
944
941
943
938
927
927
932
928
933
933
930
939
932
931
921
934
930
920
926
928
926
927
926
925
921
914
913
916
917
914
911
917
915
919
919
923
923
916
925
929
930
924
937
928
925
933
927
929
923
927
918
926
925
925
927
912
929
924
929
930
919
923
923
924
916
928
929
929
935
927
924
917
926
923
927
923
926
925
922
930
927
920
926
927
935
926
928
926
938
936
923
926
930
929
922
937
934
929
927
938
937
927
936
920
931
930
930
925
930
926
919
917
925
933
921
924
927
922
935
936
931
932
935
929
927
929
927
924
928
936
930
931
924
924
923
918
927
927
925
922
921
920
919
919
931
927
930
934
930
926
913
926
915
920
925
922
928
933
929
927
919
918
928
924
921
931
924
931
922
921
918
927
926
922
917
916
917
912
917
919
919
919
919
921
932
932
927
933
931
928
918
912
919
918
898
909
922
916
917
923
925
924
929
910
923
930
934
934
930
921
924
924
922
924
921
924
923
925
923
921
923
917
922
926
919
921
921
915
919
918
922
929
921
915
919
918
922
914
933
923
927
925
935
924
921
925
925
925
934
930
935
938
929
927
935
937
946
941
938
929
942
932
936
937
934
935
935
922
934
941
943
933
939
935
925
930
927
927
920
927
926
936
937
932
941
922
940
929
932
932
932
930
932
938
948
933
944
943
938
941
938
930
943
939
946
939
940
938
930
936
934
938
940
