878
895
900
910
905
902
917
917
918
929
913
904
931
917
920
909
919
925
925
915
917
926
918
920
930
914
933
921
925
916
922
918
919
915
921
913
919
923
909
911
911
917
922
922
910
915
912
921
908
915
913
906
915
926
923
915
915
918
918
922
926
931
915
907
910
908
916
915
904
904
904
912
912
914
919
921
928
925
929
927
923
929
924
928
921
915
922
917
908
922
921
923
932
915
911
921
915
914
915
922
911
915
918
917
919
913
922
907
917
913
916
911
924
919
912
910
921
905
919
907
918
911
908
913
907
912
906
897
908
899
908
900
901
909
912
904
910
911
917
917
916
923
929
934
935
937
930
927
918
919
927
928
930
920
922
927
924
925
924
919
921
917
920
929
929
929
922
922
915
921
921
917
920
932
921
919
921
923
916
927
928
919
920
916
919
910
907
914
914
926
921
919
917
924
917
912
915
902
921
924
922
918
915
924
918
920
918
918
924
917
920
920
923
911
913
924
907
925
919
916
913
920
922
914
917
916
915
924
913
915
915
927
926
925
920
921
929
934
917
918
913
923
917
925
925
924
930
930
918
926
920
935
932
941
934
930
926
925
923
928
927
930
926
929
912
924
927
921
916
923
925
918
914
922
923
919
913
917
918
929
928
920
925
933
924
926
922
932
929
921
915
926
919
931
917
932
938
928
918
918
917
918
925
919
919
926
906
919
912
905
905
905
921
924
928
931
925
919
922
916
915
925
925
931
929
935
925
923
925
910
926
930
923
925
931
934
929
927
927
923
915
915
923
928
928
929
923
924
930
920
920
918
916
913
910
918
922
925
911
925
923
913
929
921
922
922
920
919
918
927
926
920
923
904
906
922
917
914
927
925
924
922
918
911
935
923
926
920
930
917
934
926
926
924
934
932
927
937
928
929
931
936
933
933
935
930
930
924
919
924
917
932
922
924
921
918
934
941
928
931
933
928
934
933
929
925
934
934
941
932
938
927
930
922
930
925
918
918
933
931
936
933
937
935
933
937
939
933
930
929
924
926
932
921
932
935
937
937
928
936
943
936
946
938
934
934
947
944
936
940
936
945
935
942
934
934
938
941
