879
887
881
883
879
883
886
895
899
897
893
891
890
895
903
901
902
908
904
911
922
909
909
906
905
921
913
896
901
898
904
896
902
898
905
900
903
923
913
907
923
912
910
909
927
914
913
925
916
913
915
910
911
918
921
919
916
915
910
914
903
913
899
916
923
918
903
905
917
921
913
914
924
922
924
919
910
918
910
910
914
912
922
923
912
919
913
924
920
906
906
911
911
906
917
918
900
909
919
911
913
916
912
911
921
925
924
924
924
924
911
908
905
917
920
913
912
931
923
929
921
928
917
913
931
926
919
926
919
924
918
926
921
923
932
923
924
922
928
933
930
933
928
927
917
929
930
935
933
931
928
926
932
926
926
929
930
936
935
937
932
929
925
919
920
918
924
924
912
924
926
932
927
926
927
925
926
924
921
917
921
926
924
915
926
926
928
929
923
924
935
937
928
919
932
937
937
935
935
927
926
929
933
932
938
933
932
934
936
932
930
929
927
930
917
924
927
942
931
934
930
926
923
928
932
935
939
924
933
937
926
925
930
931
924
923
922
924
934
926
935
933
926
934
936
947
930
930
942
938
934
934
943
934
925
933
936
942
929
930
943
937
946
943
931
939
936
940
937
929
934
935
938
942
942
940
948
937
938
933
947
947
945
950
940
944
941
934
929
936
926
927
928
934
931
922
930
932
928
928
937
937
940
924
933
931
926
929
923
930
931
931
932
932
931
937
926
934
931
931
936
933
938
939
932
928
931
937
949
949
939
948
940
947
946
950
934
938
947
940
936
935
929
937
940
944
947
943
941
946
946
941
945
945
944
951
945
941
939
935
940
938
933
943
942
943
934
942
937
933
934
937
933
940
939
927
934
937
940
938
934
938
934
922
932
938
934
941
939
926
947
934
933
941
931
933
933
935
933
932
934
941
935
933
937
926
931
936
938
936
928
938
933
944
940
943
948
939
945
942
938
946
942
936
934
944
938
938
940
937
934
927
937
931
934
939
937
938
936
944
933
943
936
939
940
939
943
941
935
940
939
934
941
932
939
935
943
937
944
940
936
931
937
938
941
937
930
924
922
924
925
