888
886
879
888
883
893
895
897
893
896
896
892
893
892
906
902
902
903
890
893
905
893
914
904
913
901
919
913
906
913
908
897
912
905
901
911
898
906
910
907
908
910
898
902
893
900
898
894
898
901
904
906
905
908
906
897
906
896
893
899
902
899
911
901
904
895
904
904
906
904
904
895
897
897
897
888
902
903
894
906
912
908
899
902
901
903
890
901
889
894
894
905
896
897
897
907
903
900
900
900
907
912
903
900
892
905
904
916
912
910
906
914
919
922
920
914
904
900
913
900
893
911
904
898
907
913
901
894
911
906
912
899
908
909
911
921
916
904
915
908
901
902
916
911
899
902
903
916
904
903
902
899
914
914
922
907
903
905
905
910
907
916
904
907
893
908
903
899
902
900
904
903
899
902
902
910
907
908
915
916
910
913
914
908
909
910
917
918
916
916
912
909
910
906
899
910
905
910
909
908
909
906
915
901
902
908
911
904
909
902
906
906
902
906
901
899
902
913
906
894
902
913
915
919
913
912
898
909
907
905
898
914
904
896
903
895
901
915
907
905
913
918
918
913
903
909
911
910
912
906
895
911
902
906
906
913
907
909
907
906
906
905
908
898
895
909
899
904
902
901
907
912
906
917
912
896
894
894
902
906
893
898
903
905
897
897
901
900
903
893
898
905
897
890
902
901
904
894
894
880
900
906
888
903
905
905
897
897
899
912
901
904
911
910
915
915
904
917
910
905
905
917
917
913
918
908
909
906
907
923
905
912
896
908
902
898
913
904
908
904
925
926
922
909
910
922
913
925
925
929
917
922
925
922
921
918
927
929
926
930
931
928
932
917
919
927
926
929
923
920
925
917
915
924
927
923
923
933
924
916
925
921
917
917
920
927
921
924
919
923
909
915
918
917
921
921
912
905
917
911
920
913
901
920
916
915
921
918
924
922
917
914
913
920
920
922
926
923
923
922
925
915
925
922
923
933
926
927
920
933
933
930
920
931
919
929
925
924
916
916
903
913
919
927
917
911
918
925
924
921
913
917
919
915
907
911
913
917
921
905
924
914
925
922
926
927
920
934
921
921
919
935
921
929
924
915
922
926
927
925
923
