874
883
890
897
906
899
904
891
904
903
905
898
908
903
893
893
896
892
907
897
912
912
911
910
910
906
901
902
902
896
892
901
901
910
910
902
913
920
911
904
903
905
900
893
899
905
908
906
914
912
920
910
910
908
920
916
913
924
919
920
924
905
911
912
903
913
909
914
924
918
919
906
905
912
920
909
913
900
908
916
909
908
911
916
925
912
911
916
907
912
921
923
919
916
906
918
927
919
916
919
925
926
925
918
911
917
914
916
905
901
908
907
898
901
910
904
906
908
915
914
919
910
906
917
910
910
912
918
919
921
906
919
918
923
916
923
922
921
924
926
930
925
914
914
919
917
914
922
920
926
922
923
922
918
921
916
916
918
917
909
913
910
914
911
914
917
913
917
913
919
924
916
928
924
912
920
931
933
928
934
923
922
931
922
920
927
924
922
920
921
924
913
926
917
921
927
922
919
924
923
920
918
925
921
923
923
926
922
924
932
931
928
927
923
926
915
919
928
935
942
925
925
914
913
913
922
917
926
937
924
923
927
929
920
924
910
919
921
923
920
921
920
927
918
935
925
915
916
915
918
917
919
915
914
926
932
930
931
925
929
928
923
925
935
923
919
920
926
921
918
921
903
910
915
914
915
915
921
924
923
924
916
920
907
919
915
915
919
908
920
923
911
923
923
929
930
929
926
925
924
913
925
926
914
921
917
926
920
936
925
922
934
931
935
928
930
927
937
935
930
927
928
935
925
935
922
930
930
928
928
941
932
926
927
929
921
930
925
931
925
934
930
916
924
928
924
916
927
923
926
920
928
915
926
927
931
934
932
937
928
922
928
917
923
923
917
923
924
933
928
924
917
920
918
911
913
920
923
918
918
917
916
914
918
921
911
919
918
920
921
923
920
915
929
924
920
932
922
924
924
929
924
933
933
929
918
929
926
922
930
924
929
918
918
923
926
932
930
926
928
927
935
926
920
931
929
927
932
927
927
926
924
930
934
920
928
939
929
927
930
923
912
925
921
937
936
929
931
936
935
942
935
939
936
940
934
930
938
945
948
951
938
935
940
939
927
931
930
925
932
925
924
927
930
931
933
931
936
927
