860
875
882
905
915
920
909
923
935
939
937
944
961
945
941
947
940
940
956
942
946
961
963
973
976
972
968
965
973
958
970
978
976
973
983
976
968
970
974
975
986
971
969
966
970
967
978
977
975
971
976
977
981
977
978
977
977
983
978
991
990
983
978
987
977
983
987
985
984
970
981
982
988
983
977
985
989
984
982
981
980
990
990
988
979
979
978
983
991
983
988
973
987
1004
1008
1009
1014
1006
997
1000
992
1002
1000
994
1002
999
1005
999
1001
1002
1001
1005
1001
999
998
996
1007
998
993
1005
996
997
999
999
1000
996
1001
1000
994
1005
1002
1003
996
1001
1002
1019
1009
1005
1009
1015
1011
1018
1022
1015
1006
1011
1025
1021
1010
1024
1008
1020
1017
1007
1011
1001
1010
1016
1006
1012
1016
1022
1030
1021
1025
1039
1022
1022
1031
1023
1015
1025
1017
1018
1021
1019
1017
1013
1024
1023
1025
1017
1023
1033
1019
1018
1019
1019
1017
1026
1020
1035
1029
1027
1020
1026
1023
1027
1024
1022
1019
1011
1019
1022
1020
1023
1016
1018
1019
1022
1021
1027
1020
1022
1020
1023
1020
1028
1019
1023
1017
1032
1028
1018
1035
1022
1028
1035
1034
1028
1019
1026
1020
1028
1030
1036
1031
1030
1036
1033
1031
1027
1033
1034
1033
1028
1027
1031
1028
1040
1030
1032
1049
1044
1042
1041
1038
1033
1024
1029
1032
1032
1029
1028
1034
1029
1033
1038
1025
1032
1040
1029
1023
1029
1026
1020
1034
1036
1028
1028
1034
1034
1033
1031
1033
1038
1023
1034
1035
1032
1018
1031
1021
1039
1039
1026
1028
1043
1037
1044
1037
1030
1036
1039
1030
1033
1037
1039
1043
1040
1038
1032
1030
1027
1037
1031
1033
1030
1027
1021
1037
1030
1035
1028
1027
1026
1029
1022
1025
1025
1029
1024
1023
1031
1023
1035
1035
1037
1029
1037
1029
1030
1032
1042
1030
1028
1029
1033
1031
1030
1026
1026
1021
1015
1017
1017
1022
1021
1028
1019
1023
1015
1029
1029
1032
1037
1032
1031
1028
1026
1037
1024
1031
1037
1029
1033
1023
1009
1025
1024
1025
1028
1031
1026
1027
1012
1022
1017
1011
1018
1016
1024
1020
1008
1014
1017
1019
1008
1014
1018
1019
1021
1025
1026
1018
1028
1027
1026
1029
1020
1023
1017
1031
1036
1028
1028
1025
1028
1033
1014
1023
1019
1019
1020
1007
1013
1007
1013
1017
1006
1017
1011
1015
1023
1016
1018
1011
1026
1020
1022
1024
1015
1021
1019
1017
1026
1019
1019
1023
1019
1022
1022
1032
1026
1028
1031
1018
