875
873
878
904
912
906
914
912
901
910
921
908
922
921
910
910
918
927
937
948
932
939
950
942
941
946
947
948
949
944
950
936
952
944
947
942
951
940
949
948
950
952
961
966
961
962
962
958
962
968
953
959
960
957
968
969
963
968
966
960
967
965
972
973
963
967
962
951
971
952
955
966
969
961
959
967
960
968
972
966
977
967
979
981
974
987
979
981
978
987
980
984
987
983
979
978
983
988
978
981
977
984
974
978
980
983
982
987
976
987
981
971
990
993
985
988
987
987
992
989
987
997
972
979
977
981
989
982
968
985
980
976
986
979
985
977
981
977
970
975
986
982
987
993
986
982
988
996
993
986
987
987
982
992
985
987
988
994
982
984
982
982
989
985
988
982
981
987
988
987
985
981
985
989
984
987
993
984
988
985
985
987
975
981
988
983
991
983
971
977
988
969
975
976
982
980
988
979
979
984
987
985
971
981
987
981
971
982
978
976
972
979
972
974
979
974
986
986
971
986
984
982
983
974
974
979
986
981
976
978
971
975
977
969
971
974
989
980
993
979
990
980
980
988
975
991
981
994
991
990
988
994
991
997
985
995
998
991
989
988
990
990
981
991
996
1001
997
997
993
1000
994
1000
999
989
998
996
994
990
997
992
996
1003
998
996
1002
999
996
988
990
997
989
992
988
989
992
992
989
995
988
989
994
985
989
983
980
984
989
986
986
985
989
1002
993
993
994
1003
998
1000
996
1001
1001
999
998
992
995
999
996
990
992
994
986
991
979
997
986
996
985
986
999
994
995
984
985
987
988
994
988
991
991
992
995
989
984
983
982
991
974
982
976
982
988
987
986
990
985
979
988
988
990
986
984
975
982
994
970
988
992
993
982
981
980
991
989
992
998
999
1002
1006
997
999
1004
989
983
989
984
989
980
984
992
985
993
987
996
990
976
985
986
981
973
991
980
983
984
980
977
992
995
990
983
983
983
989
984
982
982
971
979
984
991
989
989
994
991
989
984
978
983
975
984
987
991
983
996
990
979
985
979
982
983
980
987
984
979
