870
871
872
878
877
874
880
882
886
895
889
904
918
908
917
919
919
920
922
929
932
940
936
942
944
943
940
938
943
947
949
942
946
948
957
967
978
975
969
969
968
966
963
959
959
967
972
967
970
973
980
970
976
990
992
992
1000
998
1001
1012
1017
1012
1011
1010
1008
1017
1016
1002
1007
1009
1008
1004
1020
1021
1015
1020
1013
1019
1007
1009
1012
1009
1017
1008
1015
1019
1025
1020
1011
1023
1024
1018
1029
1025
1023
1021
1028
1010
1008
1015
1020
1017
1018
1020
1026
1012
1021
1023
1024
1022
1015
1029
1021
1034
1016
1026
1021
1016
1016
1022
1027
1027
1028
1030
1025
1026
1009
1021
1012
1013
1015
1011
1010
1023
1015
1020
1020
1013
1020
1014
1022
1022
1023
1019
1021
1019
1015
1021
1019
1011
1010
1014
1014
1026
1025
1015
1022
1023
1026
1016
1026
1027
1020
1013
1019
1016
1020
1017
1026
1026
1025
1026
1039
1025
1024
1019
1033
1025
1026
1030
1031
1025
1024
1025
1033
1031
1020
1026
1031
1027
1028
1035
1027
1021
1023
1019
1027
1036
1037
1028
1028
1026
1021
1020
1020
1021
1021
1026
1028
1021
1032
1038
1031
1028
1029
1035
1027
1038
1034
1027
1031
1035
1033
1023
1031
1030
1024
1033
1035
1029
1023
1037
1037
1030
1036
1029
1036
1026
1035
1030
1030
1038
1025
1029
1021
1021
1019
1021
1024
1025
1031
1019
1014
1029
1027
1028
1037
1031
1032
1026
1034
1036
1032
1030
1019
1023
1036
1026
1025
1036
1024
1017
1034
1035
1018
1031
1032
1023
1032
1029
1026
1031
1031
1022
1036
1028
1028
1035
1025
1031
1036
1033
1029
1032
1038
1035
1042
1033
1042
1050
1030
1041
1040
1038
1044
1034
1033
1036
1045
1046
1038
1037
1042
1043
1045
1042
1040
1045
1037
1037
1032
1054
1042
1052
1043
1044
1038
1052
1043
1044
1046
1050
1041
1048
1036
1050
1050
1037
1049
1038
1048
1050
1048
1044
1041
1042
1037
1048
1040
1048
1047
1036
1042
1037
1040
1039
1038
1036
1050
1033
1034
1038
1038
1024
1040
1034
1045
1043
1036
1049
1043
1043
1037
1050
1042
1047
1041
1034
1035
1035
1042
1040
1039
1042
1037
1042
1041
1036
1040
1043
1030
1033
1053
1043
1044
1041
1040
1049
1044
1042
1045
1039
1046
1036
1039
1048
1041
1049
1045
1046
1040
1045
1039
1048
1045
1051
1027
1045
1040
1032
1044
1039
1038
1042
1038
1028
1051
1043
1035
1027
1043
1024
1038
1035
1040
1034
1045
1034
1041
1033
1034
1041
1036
1034
1037
1031
1035
1040
1031
1036
1035
1030
1039
1037
1039
