859
870
865
859
872
909
901
915
926
930
939
944
940
944
950
936
950
955
952
952
955
946
952
963
952
946
951
945
956
960
971
984
979
984
983
966
971
985
974
982
985
998
998
999
985
980
978
969
971
987
977
978
979
982
977
969
986
979
977
981
982
986
974
976
967
973
984
985
990
986
989
1006
997
1001
1018
1008
1013
1016
1014
1013
1016
1015
1026
1026
1021
1015
1018
1019
1020
1021
1027
1032
1019
1031
1020
1029
1028
1024
1014
1011
1021
1018
1023
1019
1030
1019
1019
1020
1026
1030
1023
1031
1017
1013
1013
1007
1026
1007
1013
1013
1017
1009
1021
1019
1017
1017
1012
1014
1026
1014
1018
1015
1009
1020
1011
1019
1020
1016
1013
1009
1015
1021
1006
1011
1014
1006
1012
1010
1010
1009
1012
1014
1016
1019
1009
1003
1004
1012
1018
1015
1003
1006
1011
1012
1011
1019
1017
1015
1015
1011
1006
1006
1009
1010
1009
1009
1007
1001
1019
1014
1014
1010
1010
1024
1008
1011
1018
1001
1021
1005
1009
1009
1002
1020
1024
1016
1019
1011
1002
1014
1010
1003
1011
1002
1008
1006
998
1012
1007
1001
1015
1011
1015
1015
1014
1012
1013
1013
1001
1007
1015
1004
1009
1015
1012
1015
1011
1002
1023
1026
1019
1023
1012
1030
1016
1009
1014
1015
1017
1011
1006
1009
1012
1012
1005
1011
1014
1018
1017
1019
1007
1013
1008
1011
1010
1014
1017
1022
1019
1018
1024
1021
1017
1020
1011
1021
1018
1016
1024
1019
1010
1006
1022
1020
1020
1012
1012
1015
1013
1006
1008
1009
1018
1009
1013
1018
1007
1007
1013
1008
1014
1019
1019
1021
1018
1019
1022
1021
1013
1008
1013
1014
1019
1026
1013
1026
1018
1015
1016
1016
1015
1020
1029
1019
1012
1012
1013
1016
1015
1019
1008
1005
1016
1017
1022
1017
1013
1018
1014
1012
1015
1018
1014
1022
1019
1022
1019
1014
1021
1017
1019
1010
1019
1014
1007
1014
1012
1009
1001
1002
1019
1020
1017
1017
1016
1026
1021
1014
1018
1018
1015
1015
1020
1017
1006
1016
1016
1008
1005
1011
1019
1017
1010
1013
1018
1011
1019
1014
1007
1017
1010
1022
1024
1014
1021
1007
1009
1017
1018
1012
1021
1009
1017
1021
1019
1019
1022
1029
1022
1018
1019
1032
1022
1019
1021
1022
1018
1021
1030
1027
1014
1034
1031
1031
1029
1029
1018
1027
1025
1013
1012
1009
1012
1014
1011
1020
1018
1016
1019
1016
1027
1022
1032
1020
1023
1016
1019
1016
1019
1029
1015
1024
1020
1022
1013
1010
1015
1011
1007
1021
1004
1014
1009
1016
1017
