858
871
864
872
870
882
889
886
884
889
903
910
905
916
919
912
913
910
904
915
913
905
914
931
925
946
954
943
948
949
932
938
944
950
946
950
946
953
953
952
949
950
945
953
957
962
952
952
940
951
955
947
955
957
944
947
959
959
952
955
947
958
957
936
943
926
935
932
930
925
936
939
935
954
956
948
954
948
941
948
944
962
942
951
944
940
944
943
943
944
947
943
944
954
941
944
946
953
948
947
948
952
953
953
955
944
968
991
987
985
991
980
985
980
988
996
994
989
997
1004
1009
997
1004
989
995
989
997
984
988
998
995
986
989
999
989
993
994
991
990
989
986
986
993
997
992
992
987
986
990
993
990
991
991
991
991
987
1002
995
987
990
988
988
998
996
995
991
984
990
998
1000
1001
997
993
988
993
999
995
1003
1000
998
995
1004
999
981
988
984
990
981
990
991
993
995
995
996
995
987
1005
996
1001
982
994
987
989
993
997
987
987
996
993
1005
999
988
989
998
995
986
991
995
1000
998
1003
1005
990
992
996
990
991
994
998
995
1004
997
1000
998
987
997
1007
1003
1000
1002
1006
999
997
1000
1006
997
1001
1008
996
1002
994
998
996
994
1000
1005
993
1006
998
997
1007
1007
998
991
993
1007
1007
1005
1003
1003
1005
1006
1009
1007
999
1019
1012
1005
1005
1002
1010
1007
1010
1013
1005
1009
1003
1008
1009
1001
998
1004
1007
1007
991
1008
998
1004
1005
994
988
998
997
1008
1013
1003
1001
1005
1009
1005
1007
1004
1010
1004
1004
1010
1007
997
1000
1005
1007
1001
991
1000
991
994
998
1000
1006
999
1005
1006
995
993
1004
1003
1003
1004
1003
1004
997
1000
995
1002
999
1003
997
1003
1006
992
997
1000
1000
1011
1000
1004
985
984
985
980
989
995
992
988
990
988
988
986
994
1001
1007
994
998
1002
1003
1002
1002
998
1004
1005
1009
1001
1001
999
996
996
999
993
991
993
999
989
997
997
1002
1002
998
1000
998
1005
996
1003
1008
1001
995
997
999
989
1005
998
992
992
995
999
995
990
994
996
997
997
993
1001
1002
1001
1002
997
994
996
990
993
1001
998
1003
995
1001
1002
994
985
991
997
998
990
998
1001
1006
1004
1001
995
999
998
1004
1005
1006
1006
1000
998
999
1002
1014
1005
1008
1007
1003
1004
