874
865
870
878
877
874
878
888
892
895
905
907
904
902
910
912
915
933
931
942
942
938
938
941
935
941
940
937
936
947
941
944
939
938
934
955
938
962
950
950
942
952
957
950
945
940
939
948
952
948
927
941
946
943
942
937
942
935
946
945
935
941
955
947
947
939
947
942
949
948
949
948
959
958
967
964
955
955
956
947
956
949
960
950
946
955
941
933
942
958
947
962
962
959
965
958
954
964
957
952
956
953
960
952
959
952
955
959
960
971
953
960
977
965
970
968
969
975
968
963
963
952
963
968
963
978
964
960
970
966
969
968
976
976
965
972
965
960
962
964
959
966
971
962
979
979
976
972
976
974
964
967
973
977
983
983
974
980
985
988
979
977
977
978
983
971
975
979
989
977
980
973
981
970
983
980
978
978
967
978
972
978
993
988
994
989
995
994
990
999
974
992
980
985
997
992
989
985
989
976
998
1000
996
984
1009
998
1014
1013
1017
1004
1007
1013
1010
1014
1012
1011
1021
1025
1016
1028
1022
1027
1016
1013
1014
1007
1014
1013
1015
1018
1024
1035
1025
1025
1026
1032
1032
1034
1029
1035
1024
1033
1026
1019
1031
1027
1019
1016
1009
1030
1020
1024
1024
1020
1025
1027
1027
1028
1023
1021
1030
1026
1024
1029
1026
1016
1024
1028
1025
1020
1028
1031
1023
1015
1024
1026
1019
1026
1025
1023
1019
1022
1023
1029
1025
1027
1025
1023
1024
1034
1028
1019
1036
1027
1026
1019
1021
1022
1033
1025
1034
1025
1036
1023
1019
1025
1026
1031
1020
1030
1017
1027
1019
1030
1016
1029
1029
1021
1022
1032
1027
1017
1020
1029
1025
1024
1031
1029
1040
1022
1032
1027
1041
1044
1035
1035
1042
1045
1043
1033
1041
1040
1047
1031
1040
1036
1040
1040
1027
1037
1035
1042
1040
1039
1026
1036
1040
1031
1038
1044
1031
1031
1030
1036
1035
1023
1029
1030
1045
1033
1035
1032
1027
1030
1033
1036
1031
1033
1032
1039
1040
1039
1035
1036
1033
1029
1036
1031
1032
1024
1030
1029
1029
1029
1039
1032
1022
1021
1032
1030
1042
1039
1036
1038
1031
1030
1024
1037
1042
1031
1041
1038
1030
1036
1025
1037
1021
1032
1026
1033
1035
1034
1031
1030
1029
1027
1035
1024
1026
1028
1029
1036
1038
1038
1024
1024
1028
1037
1024
1025
1030
1035
1029
1037
1031
1026
1027
1027
1027
1042
1036
1041
1041
1032
1036
1035
1037
