852
866
863
878
871
875
871
877
882
880
880
874
883
881
894
883
896
895
887
893
885
891
891
906
898
917
921
925
919
926
934
929
934
938
942
933
931
924
931
918
922
924
927
927
926
932
922
931
926
935
923
933
931
927
927
940
927
953
954
942
938
943
955
956
949
944
949
956
962
958
953
958
958
961
970
968
975
970
971
967
967
970
979
971
983
984
986
975
979
996
982
967
956
964
976
963
964
967
975
989
989
977
982
983
968
972
976
976
975
979
983
977
973
973
1000
999
989
978
990
1004
989
992
1003
996
1000
1000
986
992
988
987
998
1006
991
995
997
998
988
987
1000
1003
1000
989
997
995
995
1003
998
1004
990
996
990
997
985
991
996
984
977
983
985
976
984
996
997
987
984
995
1014
1020
1006
1014
1016
1023
1008
1011
1015
1016
1012
1007
1007
1009
1002
1015
1021
1020
1015
1013
1012
1014
1019
1019
1014
1016
1014
1012
1014
1022
1021
1028
1022
1010
1020
1014
1018
1008
1012
1011
1017
1019
1015
1026
1010
1011
1022
1024
1023
1015
1026
1014
1021
1017
1022
1015
1024
1027
1018
1019
1022
1017
1016
1017
1020
1019
1017
1021
1009
1010
1020
1023
1029
1022
1030
1019
1026
1030
1018
1025
1030
1020
1019
1025
1021
1023
1019
1019
1008
1007
1012
1013
1012
1008
1016
1010
1022
1029
1020
1023
1025
1020
1012
1026
1021
1020
1025
1020
1024
1021
1020
1022
1009
1012
1014
1021
1016
1021
1029
1025
1022
1014
1020
1020
1026
1023
1019
1023
1025
1014
1028
1017
1019
1027
1020
1028
1023
1016
1012
1010
1017
1017
1020
1008
1019
1018
1020
1020
1017
999
1007
1007
1012
1009
1015
1013
1013
1003
1005
1011
1019
1011
1009
1009
1017
1005
1013
1019
1015
1014
1011
1022
1015
1023
1012
1009
1008
1015
1017
1015
1007
1011
1018
1008
1002
1009
1013
1026
1025
1013
1012
1017
1029
1025
1027
1021
1020
1016
1031
1032
1013
1019
1021
1020
1022
1020
1024
1032
1031
1036
1026
1028
1029
1018
1025
1022
1034
1019
1010
1018
1014
1023
1011
1015
1016
1017
1013
1013
1015
1019
1023
1020
1014
1021
1018
1027
1027
1016
1020
1019
1023
1017
1019
1015
1021
1008
1012
1007
1006
1011
1009
1005
1003
1004
1005
1003
1012
1005
1014
1012
1008
1004
1012
1006
1006
1005
1002
1010
1008
1014
1013
1008
1012
1008
1005
1007
1015
1009
1002
1017
1006
1009
1007
1001
1010
1008
1012
1012
1015
