861
861
862
865
869
870
880
883
882
882
880
879
883
896
895
892
905
906
909
917
916
928
929
921
926
928
923
923
926
928
924
925
930
924
934
922
916
925
921
914
927
938
932
926
926
935
933
944
933
945
946
932
945
934
929
932
925
935
945
936
948
947
937
937
943
950
954
953
942
940
944
944
943
948
941
946
951
941
942
934
935
934
924
938
928
931
936
933
925
929
938
942
941
937
936
942
932
940
948
953
966
955
963
961
944
940
946
951
947
955
967
966
962
966
962
966
966
956
971
964
961
964
961
965
967
963
963
970
972
962
962
966
973
973
955
957
984
973
960
964
972
966
965
965
964
962
967
968
977
962
968
976
978
980
978
972
964
980
978
976
968
982
985
981
981
979
972
983
981
977
977
980
978
977
986
982
978
975
976
967
975
969
969
969
976
968
978
983
980
993
988
997
992
985
991
988
988
993
991
985
991
994
1004
983
985
988
986
991
985
990
990
987
993
996
995
997
1002
998
1007
1008
1005
1006
1010
996
1007
1002
1001
1005
1011
1005
1011
1010
1003
1005
999
1007
1005
1014
1012
1018
1019
1006
1011
1009
1011
994
1000
990
995
1002
994
1009
1011
1004
1002
1019
1009
1014
1005
1025
1010
1006
1009
1016
1011
994
1003
1009
1018
1010
1016
1015
1014
1009
1005
996
1005
1011
1003
1010
1007
1003
1008
1003
1003
1008
1006
1007
1010
1014
1008
998
1020
1011
1014
1013
1013
1006
1006
1010
1010
1017
1002
1011
1005
1011
1009
1009
1014
1020
1018
1012
1005
1017
1009
1011
1018
1012
1022
1001
1017
1010
1000
1012
1025
1016
1014
1016
1009
1005
1011
1013
1012
1025
1006
1013
1014
1021
1021
1020
1024
1020
1015
1010
1024
1023
1023
1027
1026
1033
1030
1031
1025
1019
1027
1019
1018
1022
1018
1026
1021
1020
1024
1022
1020
1021
1016
1020
1021
1014
1020
1007
1014
1013
1018
1014
1018
1016
1012
1020
1028
1019
1018
1017
1013
1008
1027
1024
1025
1023
1022
1029
1021
1024
1022
1027
1020
1015
1015
1020
1014
1021
1016
1011
1027
1019
1007
1015
1017
1022
1017
1012
1017
1008
1006
1006
1008
1006
1008
1008
994
1010
1016
1011
1013
1010
1029
1012
1006
1008
1002
1001
1009
1003
1009
1005
999
1002
1015
1018
1014
1015
1010
1013
1009
995
1012
1001
1007
1000
1008
1012
1004
1005
1002
1015
1005
1004
