866
871
858
858
864
869
884
882
899
891
899
902
910
902
904
913
929
947
957
957
949
955
953
968
969
975
973
968
965
967
966
964
973
973
982
970
980
981
981
979
975
985
991
989
986
987
989
977
978
996
1004
1017
1009
1022
1007
1010
1021
1014
1005
1017
1010
1017
1019
1014
1020
1016
1019
1015
1009
1018
1012
1015
1017
1018
1016
1019
1011
1014
1023
1026
1033
1026
1010
1010
1018
1014
1009
1011
1024
1024
1019
1021
1018
1021
1030
1027
1024
1026
1028
1041
1038
1027
1027
1037
1033
1036
1044
1030
1041
1035
1030
1042
1045
1034
1035
1030
1045
1029
1034
1031
1028
1027
1032
1029
1041
1031
1028
1029
1036
1032
1021
1034
1028
1029
1030
1029
1034
1031
1035
1026
1034
1037
1033
1031
1029
1029
1022
1032
1017
1031
1034
1031
1028
1029
1031
1033
1037
1044
1044
1032
1036
1036
1041
1041
1031
1029
1031
1038
1024
1038
1031
1033
1031
1030
1028
1031
1035
1028
1034
1047
1044
1047
1047
1051
1046
1055
1043
1026
1040
1051
1039
1051
1042
1034
1034
1027
1049
1038
1031
1045
1043
1043
1047
1039
1031
1035
1040
1040
1038
1041
1041
1036
1044
1037
1027
1037
1034
1029
1034
1032
1035
1037
1035
1029
1029
1024
1027
1020
1030
1024
1033
1040
1030
1023
1032
1031
1020
1026
1034
1032
1044
1044
1032
1033
1041
1025
1032
1049
1041
1045
1034
1024
1039
1037
1032
1045
1035
1039
1034
1045
1038
1039
1047
1040
1040
1035
1041
1036
1037
1032
1031
1028
1035
1036
1026
1030
1025
1025
1033
1025
1023
1026
1034
1028
1026
1037
1037
1037
1047
1042
1043
1043
1031
1036
1044
1034
1048
1049
1049
1037
1031
1035
1036
1038
1039
1044
1047
1049
1032
1027
1031
1036
1031
1032
1037
1022
1028
1040
1046
1036
1030
1037
1036
1033
1035
1040
1034
1037
1029
1038
1041
1026
1028
1024
1039
1040
1041
1041
1046
1037
1044
1037
1043
1031
1037
1041
1054
1040
1041
1039
1048
1038
1036
1037
1044
1039
1044
1042
1047
1042
1040
1038
1034
1045
1052
1049
1048
1048
1039
1042
1038
1046
1053
1032
1041
1047
1038
1032
1051
1049
1052
1040
1052
1047
1049
1046
1050
1048
1047
1044
1049
1045
1042
1044
1046
1054
1064
1054
1041
1044
1045
1045
1053
1052
1044
1046
1038
1055
1044
1051
1047
1046
1051
1044
1050
1044
1047
1050
1051
1046
1048
1050
1046
1054
1049
1047
1053
1050
1048
1049
1053
1062
1059
1055
1051
1058
1052
1042
1046
1054
1058
1050
1053
1059
1063
1062
1052
1057
1059
