868
874
880
879
881
892
889
899
888
873
883
893
888
891
886
898
895
891
917
913
916
916
911
915
914
911
907
915
919
912
921
924
930
929
927
915
914
916
923
929
930
930
924
923
923
929
923
928
923
932
932
929
926
930
935
931
934
929
935
936
931
932
939
923
933
922
930
933
929
941
937
936
935
926
929
934
932
939
936
938
935
938
936
928
918
925
927
925
929
919
921
918
918
929
924
926
921
931
928
924
927
924
920
931
921
919
919
918
920
914
931
927
933
929
916
913
920
930
926
924
924
922
919
928
921
929
925
920
926
917
931
924
928
923
930
926
929
928
921
926
930
919
926
936
932
920
930
923
921
921
918
924
928
918
920
924
923
923
929
917
922
928
929
920
929
925
928
925
922
919
926
924
922
924
924
932
928
935
939
929
934
931
923
931
938
924
931
934
928
938
936
936
945
940
949
943
954
939
942
952
963
961
961
959
958
968
966
969
975
965
967
960
967
959
961
964
958
959
958
957
965
954
956
954
956
972
985
975
975
977
974
977
977
965
965
971
966
969
970
967
956
980
970
971
978
972
967
967
959
969
962
965
965
958
963
956
971
964
973
961
968
958
978
985
970
972
981
973
966
974
977
979
974
975
990
981
968
964
969
977
969
967
980
974
967
965
970
965
976
966
973
973
966
971
974
977
970
972
978
968
968
966
963
961
962
965
966
965
969
971
968
965
971
978
980
980
981
970
974
981
981
976
978
985
975
981
975
971
962
973
964
978
971
971
972
980
973
973
966
973
959
973
963
952
966
968
970
966
963
974
973
979
967
974
978
979
973
982
971
970
981
973
970
970
960
961
968
964
970
974
972
957
967
971
968
971
964
958
967
966
970
968
970
967
963
966
965
956
963
971
968
966
976
972
953
967
962
970
975
971
973
963
970
975
972
964
966
964
965
970
961
966
963
962
975
970
960
961
958
956
971
957
964
959
960
961
960
958
970
965
961
965
969
977
963
967
961
963
968
966
973
971
970
971
964
962
965
982
974
979
978
974
970
963
969
971
983
960
980
966
975
972
965
971
972
956
962
961
980
970
978
982
972
977
971
977
975
972
955
969
