869
873
858
862
868
875
876
884
885
900
908
931
934
932
932
932
934
938
946
947
947
945
970
960
957
962
970
963
968
953
965
964
967
962
964
959
966
960
964
955
970
963
967
964
973
967
963
966
973
959
976
981
984
971
982
978
973
980
969
973
961
971
958
974
976
977
978
976
988
975
974
986
975
970
964
979
975
967
970
980
976
992
977
977
980
979
974
992
983
980
977
967
988
991
995
1001
990
989
986
985
986
987
987
997
985
990
992
998
988
994
987
995
986
986
984
975
981
977
983
985
976
997
986
996
987
983
996
994
991
990
995
988
999
986
992
985
997
980
988
985
986
994
985
990
986
998
986
988
989
1002
991
998
987
987
995
997
1001
984
987
993
989
987
978
996
998
988
1001
998
993
1001
1004
997
992
993
999
1000
1004
999
991
999
996
1011
1003
1003
991
1006
1001
1007
997
1003
1005
1012
1002
996
989
1001
992
993
994
993
988
990
1001
1006
1006
1001
998
997
984
1005
995
990
994
998
996
1008
1009
995
1000
998
989
993
1003
1003
998
1003
992
989
987
984
998
996
989
994
988
990
983
985
993
1005
1000
999
994
1002
989
995
992
996
989
986
992
997
988
989
997
992
1008
1000
994
992
990
998
1002
994
998
994
995
992
990
990
986
980
986
995
1006
1002
1000
1000
982
992
1004
994
991
1000
998
1008
993
993
991
1001
994
1003
1007
988
999
993
994
1007
993
995
989
994
984
987
988
980
987
993
985
994
993
999
993
1003
998
997
996
1003
998
1005
1004
992
996
992
1000
988
992
994
996
996
985
988
983
978
984
988
1001
979
985
974
983
990
983
990
1004
994
1001
992
987
979
994
985
989
992
1008
999
998
995
994
982
986
994
1002
990
999
990
995
995
993
982
987
993
988
981
987
981
988
996
1003
1004
1003
1003
984
987
992
988
999
990
992
992
991
986
990
992
988
984
992
986
988
990
985
985
989
1000
997
995
998
994
994
997
990
997
1004
1000
1001
999
1005
994
996
998
997
997
999
1003
999
1003
980
997
994
989
986
992
996
997
997
987
1000
997
986
987
993
1000
1007
998
1000
1005
1009
1000
1003
995
994
1008
1008
993
1003
1001
1004
1005
1007
1010
1001
