859
862
861
879
889
892
903
912
899
915
924
920
921
922
945
943
951
963
957
957
963
959
959
956
961
954
960
962
973
955
958
951
952
953
953
947
947
959
961
961
964
969
963
950
959
958
960
955
953
960
964
968
958
969
960
961
956
952
956
965
968
961
961
969
971
962
966
967
967
967
974
974
985
981
975
976
981
976
986
989
980
983
981
989
980
986
989
983
986
987
990
982
983
993
993
986
987
988
982
990
993
984
986
992
994
984
991
985
984
985
992
991
997
992
988
995
996
992
995
989
1003
988
988
997
1000
1010
997
995
989
1003
1001
1001
1004
1003
1007
1004
1004
997
994
994
996
1002
999
986
994
995
999
1004
989
997
1009
1004
1005
1011
1010
1009
1010
1007
1004
1007
1004
1010
1010
1005
1002
998
1013
1004
1012
1017
996
1005
1002
987
1005
1005
998
999
999
1006
1005
1008
1009
1009
1006
1000
1006
1006
993
1000
1002
998
1002
1001
1020
1012
1009
999
997
1008
1010
1005
1002
1000
1002
1002
998
1002
1008
1005
1011
997
999
1006
1018
999
1011
1005
1012
1011
1019
1015
1014
1006
1011
1016
1009
1008
1010
1009
1017
1006
1003
1007
1001
1023
1012
1020
1000
1011
1018
1001
1007
1004
1002
1004
1015
1004
1000
1006
997
996
1001
1003
1000
1007
1000
1000
1016
1002
992
1006
1006
1010
1006
1015
1007
1003
998
1000
999
993
1003
1000
1007
1003
1004
998
1007
1000
1009
1004
1010
1001
1006
1009
1008
1014
1010
1017
1017
1011
1020
1014
1012
1017
1025
1017
1016
1018
1016
1015
1008
1026
1007
1016
1012
1017
1021
1024
1026
1018
1018
1018
1023
1023
1007
1008
1026
1019
1017
1019
1020
1005
1019
1012
1013
1013
1006
1008
1015
1020
1017
1022
1024
1019
1020
1011
1021
1015
1023
1013
1021
1013
1022
1022
1023
1012
1014
1018
1017
1024
1009
1024
1024
1028
1016
1017
1017
1032
1022
1022
1034
1013
1022
1019
1027
1016
1018
1022
1026
1011
1016
1010
1010
1017
1011
1015
1021
1023
1006
1004
1009
1007
1002
1013
1019
1011
1004
1012
1014
1012
1029
1022
1025
1024
1018
1024
1030
1033
1022
1016
1031
1019
1023
1019
1027
1028
1021
1020
1023
1029
1034
1028
1030
1031
1027
1023
1022
1014
1028
1012
1017
1018
1021
1017
1017
1024
1029
1030
1034
1022
1018
1027
1020
1014
1009
1003
1014
1025
1015
1022
1028
1027
1023
1017
1020
1014
1015
1021
1004
1014
1008
1018
1007
