860
863
863
867
892
906
909
905
908
918
909
907
912
912
922
912
912
912
912
918
925
918
922
939
923
923
933
940
934
935
930
949
948
955
945
963
942
951
943
958
952
951
960
951
957
954
955
978
975
977
974
968
976
971
970
965
970
998
996
990
1001
1001
1007
1001
1000
996
998
992
996
1002
998
999
999
992
1003
1001
998
993
1002
990
989
1006
999
1007
996
1013
1018
1007
1010
1006
1006
1014
1008
1009
1014
1005
1018
1020
1008
1008
1009
1015
1018
1002
1013
1017
1000
1007
1009
1009
1010
1006
1017
1014
1017
1017
1023
1017
1008
1013
1017
1013
1008
1018
1008
1008
1012
1002
1011
1003
1016
1005
1011
1011
998
1003
1009
1004
1016
1005
1006
1023
1000
1011
1008
1011
1019
1015
1010
1007
1013
1015
1001
1013
1012
1020
1008
1000
1012
1005
1016
1013
1010
1005
1004
1006
1010
1012
1003
1006
1008
996
1000
1015
1008
997
1020
1016
1017
1018
1018
1014
1020
1015
1011
1010
1005
1004
1012
1001
1011
1013
1002
1004
1009
1000
1007
1010
1008
1001
1004
1010
1007
1004
1009
1002
1003
997
1000
1001
993
1003
1005
1008
1006
1009
1004
1005
1007
1013
1005
1007
1010
1004
1004
1003
1005
1013
1005
1002
1012
1004
1013
1006
1013
1019
1011
1014
1004
1015
1012
1010
1011
1007
1018
1008
1005
1009
1019
1028
1011
1005
1003
1004
1006
1007
1027
1021
1020
1024
1022
1024
1028
1019
1009
1029
1015
1019
1010
1014
1023
1011
1010
1009
1026
1014
1010
1020
1015
1018
1015
1014
1012
1014
1020
1029
1023
1021
1011
1010
1024
1020
1026
1022
1020
1029
1021
1032
1027
1028
1030
1028
1020
1032
1031
1021
1024
1018
1020
1024
1026
1020
1017
1029
1027
1026
1036
1019
1013
1028
1024
1023
1031
1023
1036
1030
1030
1036
1036
1023
1031
1043
1039
1033
