859
863
868
877
869
872
877
885
896
924
918
925
931
932
930
921
924
948
957
959
971
966
965
974
975
962
979
975
985
977
978
974
984
978
987
1002
990
989
987
987
979
985
977
979
969
968
979
972
979
985
984
986
976
985
994
992
993
994
993
986
990
990
982
993
990
980
978
974
990
979
975
979
977
974
978
972
971
976
989
976
974
984
976
979
981
975
978
990
985
980
974
986
982
987
976
993
990
987
989
993
998
990
983
988
989
994
987
989
998
987
997
990
995
996
1003
1008
1002
998
1000
995
999
995
1007
1000
1001
995
1007
1005
1005
996
1003
1017
1004
1010
1018
1012
1013
1014
1017
1009
1007
1017
1001
1012
1013
1012
1019
1016
1005
1003
1010
1010
1005
1005
1009
1009
1014
1012
1011
1006
1004
1018
994
1004
1008
1003
1006
1003
1014
999
1004
1009
1008
1004
1009
1014
999
1011
1013
1011
1009
1004
1005
1014
1007
996
1004
999
1006
1005
1001
1014
1008
1018
1010
1009
1004
1006
1011
1016
1003
1008
996
1005
1004
1000
1004
1016
1012
1003
1005
1003
1005
993
997
1006
999
1005
1001
998
1002
1010
1003
1007
1005
995
1008
1000
1002
1002
1002
1000
1004
998
993
990
1002
1007
1006
1000
998
1006
996
998
1001
999
994
1007
998
995
1011
1006
1000
1005
997
996
999
1004
1007
994
997
1002
1003
992
987
1002
998
985
986
992
1001
998
984
993
984
993
990
995
995
1001
1006
998
992
1003
1002
1010
1009
1004
1009
1002
1014
1017
1013
1006
1008
1002
998
1002
1000
1004
1001
1002
997
991
999
1003
1005
1004
1006
1003
1001
1007
1000
1009
995
1006
1001
1005
1005
1020
1005
1017
1011
1006
1010
1021
1002
1005
1000
999
1007
1002
1004
1005
1008
1009
1011
1010
1015
1002
1013
1003
1001
994
1001
1004
1002
1002
997
994
999
1008
1004
1003
1010
999
1003
1006
1006
1006
1003
1007
1003
1013
1005
1008
1004
1009
1002
1001
998
1002
998
1000
1008
1004
992
985
996
998
1002
1004
1004
999
1007
1002
1001
1010
997
1003
1001
1004
1001
1008
1002
1008
1007
1008
1010
1015
1003
1001
1002
1007
1009
1004
1000
997
990
998
989
1004
1004
995
992
993
1004
993
996
997
999
1008
1004
997
1002
994
999
998
996
1001
1008
1007
1005
1002
1013
998
999
999
999
996
1000
1000
1000
1002
998
1000
997
990
985
989
1001
993
988
988
994
996
992
993
