863
867
869
874
882
875
881
905
907
915
919
915
915
925
925
923
932
941
943
939
939
947
949
949
949
944
956
960
952
949
952
950
939
952
949
961
959
979
959
970
966
967
962
962
990
990
991
1000
993
985
981
989
991
992
990
995
998
1004
1004
984
981
990
994
991
991
996
981
980
993
994
996
1000
991
991
982
988
982
979
987
997
995
994
989
996
987
982
998
991
994
1000
996
999
1000
995
1004
995
994
1002
1003
998
992
996
996
992
990
991
986
975
992
984
993
985
984
989
983
981
980
979
981
981
978
988
982
984
989
991
991
984
992
996
994
1000
989
985
987
995
990
981
989
985
983
980
989
996
991
987
1000
994
992
990
991
994
978
995
986
988
991
993
996
994
997
992
995
988
997
1008
1000
995
1000
986
989
995
995
991
992
990
988
997
994
989
984
983
993
998
999
986
993
993
993
996
996
997
993
1005
1005
1002
1009
995
1006
1006
1010
997
1008
988
996
989
1003
994
1004
1001
998
1006
1005
994
1000
996
999
1003
992
996
997
986
1000
991
1008
1000
1000
996
999
998
1002
999
1008
996
1002
991
999
1006
994
996
1008
1000
1006
1004
1006
1007
1005
1002
1004
1012
1005
1007
1008
1000
998
996
993
996
1005
1006
1010
1006
1004
999
999
1004
1001
997
997
992
995
995
999
995
1004
1003
998
1002
997
997
1001
1000
995
995
995
993
989
995
993
993
997
1003
995
999
989
999
991
988
994
1004
1007
986
991
990
993
995
995
1000
1005
998
1000
1001
990
997
1000
991
1001
997
996
1002
1004
988
998
996
1001
999
1002
994
993
1001
988
998
990
993
988
994
1000
1005
998
995
995
996
994
999
995
998
991
991
995
994
988
994
996
1004
999
1006
995
989
997
992
999
998
1005
981
999
992
996
1007
997
1005
1000
1002
1005
1005
1019
1011
1007
1000
995
1009
994
995
996
1002
997
1000
997
1006
1001
1002
1005
1004
1004
1002
1002
1002
1010
998
999
1005
1002
1007
1002
1006
1010
999
995
997
1004
989
997
992
1000
995
990
994
988
998
1000
999
1004
998
1000
1003
995
993
990
994
997
1003
997
992
988
992
1003
998
998
994
1002
998
1002
1003
999
995
1004
1003
998
1004
1001
998
1002
998
997
1000
1007
1000
992
986
993
1000
1011
