863
866
868
874
890
891
890
891
897
892
895
912
913
912
916
914
923
931
931
936
936
935
927
925
937
943
946
943
948
952
927
928
938
950
941
952
957
961
963
964
960
971
970
957
959
961
973
973
973
965
977
963
964
962
959
963
962
968
957
960
956
959
954
964
957
955
958
970
957
962
956
950
965
960
964
962
960
960
961
969
973
961
965
960
962
952
955
953
937
958
966
955
953
955
957
955
962
965
960
963
954
959
977
978
983
976
969
987
979
983
982
982
983
978
993
1001
995
992
988
986
990
980
981
988
979
990
989
987
994
986
987
986
987
980
984
988
984
985
968
982
991
989
989
992
988
986
979
981
988
980
981
978
973
980
971
971
978
991
986
989
986
988
973
982
982
981
977
990
986
971
973
976
978
973
984
984
975
974
985
982
990
991
989
992
982
976
991
986
989
984
983
981
990
993
986
992
990
992
996
995
997
992
989
985
981
985
997
988
994
989
999
996
1000
996
1002
1001
997
980
990
992
987
990
991
991
996
1000
1000
1001
1013
1010
1018
1015
1004
1003
999
1008
1017
1018
1010
1008
1010
1005
1006
1008
1005
1011
1014
1010
1004
1018
1013
1018
1015
1016
1013
1014
1014
1004
1001
1006
1004
1017
1021
1012
1019
1016
1022
1012
1009
1015
1026
1014
1015
1021
1015
1002
1018
1007
1013
1014
1011
1012
1010
1007
1008
1009
1009
1013
1011
1005
1014
1010
1012
1017
1012
1011
1008
1024
1015
1012
1014
1013
1013
1012
1012
1014
1013
1014
1017
1016
1017
1018
1020
1022
1012
1020
1005
1014
1009
1020
1018
1014
1016
1015
1001
1007
1009
1014
1012
1005
1004
1004
1000
994
1014
1000
1000
1003
1006
1002
1003
996
994
999
1007
996
1018
1015
1012
1017
1023
1002
1013
1022
1020
1020
1010
1018
1005
1007
1018
1013
1016
1018
1021
1012
1014
1019
1029
1019
1024
1014
1013
1018
1022
1011
1011
1015
1011
1016
1017
1018
1009
1008
1011
1009
1021
1000
1009
1022
1017
1007
1015
1015
1014
1018
1017
1018
1016
1026
1026
1012
1013
1017
1018
1022
1015
1009
1022
1024
1023
1014
1018
1026
1023
1020
1005
1012
1011
1018
1020
1018
1026
1011
1027
1029
1022
1020
1023
1017
1015
1004
1018
1017
1017
1013
1019
1018
1019
1009
1024
1020
1016
1012
1018
1027
1021
1021
1021
1025
1010
1014
1015
1019
1009
1017
1016
1011
1014
1019
