866
869
881
878
884
898
917
938
938
964
966
949
950
945
950
964
965
967
969
971
970
975
978
975
967
963
971
978
973
971
972
974
970
973
978
970
965
981
977
971
975
980
973
968
967
963
967
980
980
968
978
977
974
970
977
972
965
969
966
990
990
994
989
983
996
984
988
984
1002
999
996
1000
999
1000
997
999
1006
1003
1005
999
1003
998
1002
989
1007
1000
1006
1013
1003
1008
998
999
1002
1007
1017
1010
1010
1011
1006
1005
1005
1016
1014
1007
1020
1012
1008
1012
1023
1006
1006
1014
1006
1014
1023
1024
1023
1034
1031
1021
1021
1016
1024
1032
1028
1026
1041
1027
1027
1021
1032
1023
1034
1035
1027
1022
1023
1023
1025
1014
1025
1023
1036
1035
1029
1040
1028
1023
1024
1032
1029
1027
1023
1025
1021
1012
1027
1034
1031
1027
1034
1030
1029
1029
1026
1022
1015
1027
1031
1026
1017
1027
1029
1031
1026
1038
1036
1037
1030
1038
1032
1029
1027
1028
1022
1033
1028
1029
1028
1027
1030
1017
1024
1031
1028
1021
1025
1028
1026
1016
1024
1035
1024
1036
1031
1042
1041
1035
1038
1038
1021
1033
1032
1031
1029
1033
1027
1032
1031
1031
1026
1024
1025
1021
1021
1017
1019
1025
1035
1026
1031
1030
1028
1024
1025
1023
1024
1021
1011
1025
1029
1023
1030
1021
1020
1021
1021
1029
1028
1029
1031
1024
1020
1022
1010
1023
1022
1016
1027
1025
1024
1023
1028
1024
1016
1024
1031
1025
1026
1026
1019
1020
1021
1032
1029
1018
1013
1012
1017
1017
1014
1016
1021
1013
1018
1021
1023
1021
1026
1024
1015
1022
1025
1021
1025
1017
1025
1026
1035
1033
1028
1024
1027
1039
1035
1036
1026
1021
1028
1022
1031
1031
1029
1026
1030
1031
1027
1035
1022
1027
1029
1031
1023
1033
1030
1035
1032
1043
1021
1033
1031
1032
1040
1036
1024
1025
1016
1024
1025
1034
1020
1022
1028
1028
1038
1026
1024
1030
1034
1033
1026
1025
1023
1040
1024
1023
1021
1023
1023
1019
1022
1026
1025
1026
1020
1019
1021
1018
1027
1023
1024
1024
1008
1021
1030
1023
1021
1025
1030
1021
1031
1027
1015
1015
1009
1010
1015
1010
1011
1014
1023
1014
1020
1016
1020
1028
1021
1018
1017
1021
1023
1027
1022
1031
1030
1029
1026
1027
1023
1022
1029
1017
1023
1012
1020
1013
1016
1020
1018
1013
1021
1020
1030
1018
1023
1019
1019
1029
1018
1027
1017
1028
1011
1025
1021
1010
1011
1023
1021
1014
1012
1026
1031
1020
1014
1015
1009
