859
866
867
865
869
862
860
861
860
877
872
879
888
872
879
886
899
915
914
916
917
938
936
942
936
935
937
944
946
955
961
958
959
953
954
962
951
957
965
961
970
983
985
971
971
969
970
976
981
971
985
989
975
976
982
985
978
975
985
990
976
992
982
985
980
977
971
969
975
982
980
961
967
971
984
968
976
972
971
973
975
971
974
978
980
975
977
981
984
984
984
975
982
982
983
986
979
980
983
981
988
986
982
973
982
996
987
994
988
975
982
985
973
989
983
985
990
982
977
976
975
970
978
973
983
984
981
973
973
984
972
981
980
982
981
980
971
977
970
993
993
977
974
979
980
982
971
977
980
977
972
988
992
987
981
977
983
988
985
965
976
982
975
991
982
981
974
970
981
980
981
982
979
973
971
968
963
967
977
972
969
978
970
975
973
972
978
987
991
982
983
977
978
978
981
978
975
971
972
976
973
969
967
981
970
965
978
972
976
969
971
977
977
987
979
983
987
985
984
979
980
982
986
981
971
981
974
977
977
978
983
971
979
967
969
969
966
965
971
977
962
963
969
975
971
970
972
963
957
965
947
965
961
965
971
966
979
965
972
971
975
981
979
967
980
968
965
965
972
972
986
984
976
975
983
985
977
986
980
973
980
973
984
985
986
1000
988
988
998
982
984
989
987
987
994
986
999
1001
1000
1001
992
1008
1008
1020
1019
1015
1010
1005
1015
998
1015
1002
1005
996
1012
1007
1001
1009
1008
1011
1008
1002
999
1001
1011
1003
1010
1008
1007
1008
1008
1001
1009
1001
1014
1002
1002
1000
1010
1013
1002
1000
994
1011
997
1011
1008
1008
1005
1000
1004
1007
1009
1018
1013
1015
1021
1017
1013
1013
1020
1015
1014
1014
1002
1006
1015
1011
1012
1009
1006
993
997
999
1007
997
1011
1022
1019
1021
1029
1023
1031
1022
1025
1024
1018
1012
1014
1019
1019
1012
1021
1011
1009
1015
1014
1007
1003
1010
998
1003
1012
1014
1007
1014
1017
1019
1018
1016
1004
1019
1012
1009
1013
1018
1018
1015
1000
1008
1009
1015
1009
1007
1021
1011
1010
1004
998
1008
1013
1022
1018
1020
1015
1013
1016
1022
1011
1005
1013
1005
1006
1010
1018
1022
1016
1001
1009
1024
1017
1010
1014
1011
997
