856
883
895
890
903
895
908
905
909
904
926
925
933
927
931
935
932
920
924
929
941
941
943
950
949
951
952
953
965
957
961
959
947
955
958
964
974
974
964
967
968
957
962
960
959
957
982
976
972
971
975
970
965
966
977
978
986
981
975
982
970
974
977
974
968
967
968
977
975
971
963
979
980
972
975
970
970
964
976
976
979
982
999
1003
992
1004
982
1000
986
983
995
994
1002
1001
999
999
1003
995
1001
997
997
1002
992
1002
991
999
988
1009
995
1000
995
987
991
993
992
998
989
993
996
1005
1003
1008
1003
990
1001
997
1003
1009
999
1016
1016
1015
1011
1013
1009
1006
1014
1025
1012
1008
1021
1025
1017
1024
1010
1015
1022
1007
1010
1021
1018
1009
1014
1015
1008
1017
1014
1020
1013
1024
1019
1022
1020
1028
1012
1022
1014
1022
1010
1012
1016
1012
1015
1012
1013
1002
1005
993
1007
996
1001
1013
1016
1001
1004
1008
1011
1016
1008
1014
1008
1019
1016
1020
1012
1025
1021
1024
1024
1021
1029
1022
1029
1023
1025
1032
1020
1020
1024
1027
1029
1023
1029
1025
1030
1030
1024
1032
1025
1024
1028
1023
1028
1023
1018
1033
1029
1026
1022
1026
1023
1026
1030
1023
1024
1017
1026
1025
1019
1016
1019
1018
1024
1021
1014
1025
1015
1026
1011
1019
1021
1023
1033
1029
1017
1018
1010
1015
1011
1024
1011
1011
1017
1027
1033
1024
1020
1012
1021
1012
1022
1026
1023
1025
1029
1030
1030
1029
1029
1024
1030
1025
1031
1030
1036
1032
1034
1050
1038
1041
1032
1042
1035
1041
1030
1039
1039
1039
1043
1037
1039
1032
1031
1037
1027
1043
1031
1036
1031
1034
1035
1033
1036
1037
1031
1037
1036
1037
1032
1034
1035
1030
1029
1034
1032
1036
1028
1031
1045
1027
1036
1041
1037
1030
1030
1039
1040
1025
1029
1039
1033
1033
1033
1034
1026
1034
1032
1039
1034
1036
1028
1026
1033
1038
1035
1024
1028
1026
1030
1029
1035
1033
1029
1023
1010
1029
1025
1031
1033
1033
1026
1031
1024
1025
1036
1036
1034
1038
1024
1027
1026
1028
1035
1027
1033
1031
1030
1032
1019
1033
1024
1044
1035
1029
1032
1023
1031
1046
1032
1031
1026
1034
1027
1030
1024
1032
1032
1034
1044
1033
1032
1027
1034
1032
1027
1030
1040
1040
1042
1035
1041
1034
1037
1028
1026
1034
1034
1029
1039
1031
1029
1027
1033
1040
1028
1036
1028
1036
1029
1037
1035
1029
1030
1031
1021
1029
1024
1030
1032
1038
1033
