862
873
874
885
892
899
895
898
892
892
890
893
897
903
898
899
899
901
899
901
903
895
913
918
914
906
914
921
913
911
918
911
927
919
938
938
945
949
942
950
945
941
942
940
943
938
929
947
928
928
930
929
938
949
946
936
949
954
947
955
958
961
956
970
969
968
974
976
978
964
975
968
960
964
969
978
970
973
968
958
974
971
975
969
966
967
969
965
970
970
965
968
963
969
982
980
984
976
978
980
974
985
985
973
984
974
977
980
986
986
986
981
985
977
974
984
991
985
977
982
976
974
966
969
980
979
970
970
976
978
981
975
975
977
976
978
969
970
969
967
972
966
958
964
968
977
978
974
982
984
977
975
973
981
974
970
979
972
958
968
966
968
966
973
977
983
986
975
976
984
973
982
983
982
983
979
981
987
991
996
979
978
980
969
983
976
976
982
983
987
993
987
993
995
987
981
981
986
986
981
982
989
982
992
990
984
983
980
993
977
985
990
986
990
993
990
978
982
985
996
999
987
984
986
996
993
987
993
983
966
969
969
972
974
977
977
978
978
973
984
974
981
974
981
967
970
970
972
979
972
977
975
983
975
976
974
971
975
974
974
977
980
976
978
971
988
978
978
974
972
974
979
980
977
976
964
965
968
979
980
985
977
982
983
984
986
988
981
985
985
990
982
993
984
980
984
996
985
972
970
980
978
969
977
989
982
986
980
977
984
980
985
988
984
988
981
998
987
997
991
984
985
993
980
986
985
973
994
986
989
982
987
985
986
987
975
983
998
991
990
997
986
983
993
1003
1006
1006
1000
999
1001
997
992
987
996
993
994
1000
1004
1007
996
1002
993
995
989
990
1005
1001
993
999
1002
990
994
993
990
990
987
1000
994
1000
1007
1005
1005
992
998
998
994
992
1005
999
1002
996
990
995
994
983
991
995
995
994
995
989
996
994
994
994
989
997
998
993
999
996
1009
1004
1000
1007
1010
1011
1009
1006
998
998
1002
1015
1023
1012
1007
1009
1020
1006
1007
1003
995
999
1005
1007
1009
997
1012
1006
995
1006
1006
1004
1000
1002
991
987
999
998
997
1000
1000
995
1000
1004
1010
1006
1000
1008
999
1007
997
1005
1003
994
