661
666
663
659
663
668
662
664
670
660
666
656
660
663
652
666
662
666
665
663
660
666
666
664
667
661
666
666
668
668
665
667
668
661
664
659
669
666
661
668
664
666
661
668
671
666
664
666
665
665
667
663
672
666
670
666
675
667
670
667
670
669
673
673
663
670
668
665
666
675
672
670
665
670
666
664
668
670
674
671
666
672
673
672
673
674
669
670
663
670
663
667
674
672
675
666
671
668
670
670
670
669
673
666
667
672
670
670
668
669
664
664
670
669
667
666
667
669
664
664
662
672
668
666
670
669
664
668
666
667
667
670
674
667
667
666
669
668
668
664
670
671
665
664
668
666
669
670
665
662
663
662
663
664
661
663
667
664
664
667
658
658
668
667
662
668
673
672
668
666
672
660
667
658
667
667
672
662
671
673
666
664
663
670
668
671
669
673
665
668
667
666
673
667
667
665
669
673
661
667
663
662
663
664
664
665
662
664
662
668
666
664
659
665
667
668
666
659
668
670
672
671
670
667
672
670
670
666
665
671
666
666
666
666
666
665
669
667
