672
663
670
671
667
676
667
671
666
668
672
670
670
673
671
668
667
673
673
675
673
672
672
673
673
670
674
671
674
671
665
670
669
668
672
671
668
666
665
673
669
666
668
664
673
670
668
660
677
666
672
673
667
675
675
670
659
665
671
665
666
663
669
673
673
671
671
663
672
671
664
667
673
669
671
667
669
671
668
668
669
672
672
677
668
674
665
672
665
669
673
673
673
671
667
670
674
673
671
670
671
671
669
669
673
665
669
667
665
674
667
669
668
662
663
672
668
674
667
667
673
673
675
670
675
667
669
672
673
663
672
676
668
667
674
672
675
671
674
672
671
668
667
665
670
658
671
670
667
675
668
672
667
657
669
668
671
670
674
667
672
676
666
665
668
667
669
669
669
668
665
668
670
671
671
671
664
661
668
661
667
666
668
671
667
662
664
669
664
669
663
669
673
664
663
671
672
668
678
667
668
668
667
670
669
669
668
665
663
672
668
669
674
672
669
670
667
672
665
673
673
672
670
668
670
667
665
669
666
667
661
664
663
669
666
666
661
668
663
664
676
672
666
669
668
671
671
669
659
652
664
666
666
665
661
