663
666
663
665
659
666
661
665
672
672
667
662
664
669
666
668
668
668
669
669
672
667
666
670
669
670
664
673
670
667
668
663
664
660
661
673
674
672
668
669
668
673
673
672
670
672
672
666
668
674
666
663
668
662
667
668
673
669
667
669
667
671
663
667
666
673
670
669
659
666
670
669
665
670
666
666
666
671
666
669
669
669
666
669
658
664
671
669
674
667
663
663
669
669
674
663
668
666
668
664
665
670
667
672
667
668
671
672
659
663
668
668
660
661
669
668
671
675
664
663
670
671
669
669
672
668
670
667
668
673
670
675
677
673
665
668
670
670
665
673
664
667
668
670
667
666
673
664
667
669
665
663
667
664
666
666
664
667
666
666
663
665
664
663
668
666
668
664
665
661
665
657
667
660
661
664
665
665
668
665
669
669
669
669
667
664
666
665
671
670
665
667
666
667
666
662
664
669
664
663
663
666
665
665
669
664
665
671
675
668
660
669
661
668
662
665
659
664
665
662
668
663
667
665
664
657
666
666
667
666
671
665
668
663
669
667
661
672
670
667
661
669
666
667
669
668
664
662
663
663
