665
675
672
672
670
670
673
672
669
664
672
674
671
667
673
669
666
664
671
672
664
671
674
671
670
677
667
662
673
672
661
675
672
662
669
674
666
668
672
672
671
668
668
674
674
671
668
670
677
663
671
666
670
673
667
668
669
665
667
664
670
669
659
667
664
667
668
674
668
669
669
675
668
665
661
670
668
669
666
670
674
666
666
668
666
672
667
670
671
669
667
662
661
670
667
662
665
667
664
667
666
662
663
667
666
676
662
673
671
670
673
668
664
666
668
674
663
673
670
671
674
673
670
670
669
671
677
666
673
671
670
675
673
670
674
672
668
673
670
670
671
670
671
664
663
676
669
668
666
667
664
673
670
674
666
668
669
669
667
662
667
670
672
672
668
669
669
672
669
671
668
669
667
672
666
670
667
669
666
663
663
662
663
667
665
664
670
664
669
671
666
663
668
671
670
667
673
671
673
664
670
674
666
667
667
672
672
665
667
666
665
671
669
669
668
670
665
662
674
663
668
669
660
662
666
663
664
663
663
663
664
660
664
654
666
667
671
667
669
665
665
667
667
668
668
664
667
669
667
670
666
671
