670
664
669
670
669
670
669
667
672
673
666
668
673
670
666
672
674
666
669
668
668
666
662
668
668
670
664
667
667
668
670
669
671
667
669
675
666
667
659
668
666
668
664
661
669
661
662
671
669
665
664
664
670
671
653
665
665
665
666
662
666
667
663
667
666
664
665
670
663
669
660
668
671
671
676
665
666
667
667
667
671
665
672
670
661
667
669
668
669
666
668
668
664
662
663
666
671
670
670
667
672
674
670
664
673
673
672
669
670
671
666
673
676
672
674
670
668
670
665
669
663
670
671
665
669
667
672
667
669
669
667
668
663
666
669
668
665
665
664
668
668
664
662
663
664
664
666
665
665
669
664
670
670
672
676
674
672
663
670
670
670
662
668
670
674
672
677
666
673
673
673
669
668
670
669
665
673
671
673
664
668
670
664
669
674
667
669
665
666
672
667
663
668
663
664
667
660
671
664
663
669
660
659
662
665
659
671
667
669
660
665
666
664
672
664
665
672
663
669
674
669
668
670
670
667
664
669
670
658
668
672
668
675
672
673
666
670
677
673
674
661
664
669
668
668
674
673
671
671
675
674
670
673
667
668
670
664
668
669
664
669
665
679
671
673
666
673
676
673
673
668
673
