495
504
503
498
501
498
502
503
501
501
502
502
499
503
504
502
506
506
504
502
504
504
503
506
505
502
502
503
502
500
498
499
499
498
499
499
498
503
502
502
504
504
506
505
507
502
503
502
507
506
501
501
505
504
503
505
503
497
503
504
502
500
501
504
501
503
501
500
498
502
501
500
506
498
499
502
504
500
501
504
502
500
502
499
502
499
504
502
506
501
497
503
505
505
504
506
508
505
506
507
506
507
505
503
503
504
507
506
506
508
504
506
499
503
503
503
506
506
509
507
508
503
504
506
505
507
505
503
505
505
506
505
507
503
504
505
504
505
502
503
506
504
504
502
504
501
504
502
503
503
501
503
505
504
504
503
499
502
503
505
502
499
501
504
501
500
501
503
500
501
500
502
502
497
498
504
503
501
505
504
502
501
500
503
501
503
506
506
505
503
504
500
505
501
504
503
500
499
503
501
500
507
504
500
503
504
505
503
505
508
508
507
508
506
506
507
504
508
505
508
508
510
506
507
506
506
507
507
507
508
507
504
510
509
504
507
506
507
503
508
507
506
504
506
507
503
507
503
504
508
507
509
507
