502
505
502
499
506
502
504
506
507
506
504
506
506
500
506
508
509
507
507
506
507
504
506
505
507
507
505
506
506
501
504
505
505
502
506
508
508
508
505
509
506
507
507
507
506
508
503
509
504
509
509
508
507
507
509
506
508
504
506
500
502
504
504
507
505
501
504
505
506
507
505
502
500
504
504
506
504
504
506
502
504
502
506
504
505
501
504
502
506
507
506
501
506
504
507
506
503
507
510
513
509
509
508
504
505
507
508
510
509
506
509
512
508
507
513
508
508
507
505
502
500
502
503
508
503
510
504
502
506
504
503
502
503
508
506
499
505
506
504
505
507
503
506
504
502
507
507
511
508
506
506
509
508
507
507
504
500
505
503
507
509
506
506
505
507
505
505
504
504
503
505
506
504
508
505
505
504
503
511
512
500
510
508
508
506
510
507
502
509
508
509
505
508
512
508
509
501
505
506
507
509
503
507
503
508
508
512
511
508
507
510
507
507
502
505
509
508
510
505
510
512
505
513
508
509
504
508
508
511
511
508
512
512
503
509
508
514
512
507
510
509
510
509
509
510
511
508
508
509
506
511
514
511
