732 11
1 T -1 1
1 T 0 2
1 T 1 3
1 A 2 4
1 C 3 5
1 T 4 6
1 T 5 7
1 A 6 8
1 A 7 9
1 A 8 10
1 A 9 11
1 G 10 12
1 A 11 13
1 C 12 14
1 A 13 15
1 T 14 16
1 A 15 17
1 C 16 18
1 C 17 19
1 C 18 20
1 T 19 21
1 A 20 22
1 A 21 23
1 A 22 24
1 A 23 25
1 C 24 26
1 G 25 27
1 A 26 28
1 T 27 29
1 T 28 30
1 T 29 31
1 G 30 32
1 T 31 33
1 T 32 34
1 G 33 35
1 A 34 36
1 A 35 37
1 A 36 38
1 G 37 39
1 T 38 40
1 T 39 41
1 G 40 42
1 T 41 43
1 C 42 44
1 A 43 45
1 A 44 46
1 A 45 47
1 G 46 48
1 T 47 49
1 C 48 50
1 G 49 51
1 C 50 52
1 C 51 53
1 T 52 54
1 C 53 55
1 A 54 56
1 C 55 57
1 T 56 58
1 C 57 59
1 T 58 60
1 T 59 61
1 T 60 62
1 T 61 63
1 T 62 64
1 A 63 65
1 T 64 66
1 C 65 67
1 T 66 68
1 T 67 69
1 T 68 70
1 C 69 71
1 C 70 72
1 T 71 73
1 T 72 74
1 G 73 75
1 T 74 76
1 T 75 77
1 G 76 78
1 A 77 79
1 T 78 80
1 T 79 81
1 T 80 82
1 C 81 83
1 C 82 84
1 T 83 85
1 T 84 86
1 A 85 87
1 A 86 88
1 C 87 89
1 G 88 90
1 C 89 91
1 T 90 92
1 T 91 93
1 A 92 94
1 T 93 95
1 T 94 96
1 A 95 97
1 T 96 98
1 T 97 99
1 A 98 100
1 A 99 101
1 A 100 102
1 A 101 103
1 A 102 104
1 A 103 105
1 G 104 106
1 T 105 107
1 T 106 108
1 T 107 109
1 T 108 110
1 T 109 111
1 T 110 112
1 T 111 113
1 G 112 114
1 C 113 115
1 A 114 116
1 A 115 117
1 C 116 118
1 T 117 119
1 T 118 120
1 T 119 121
1 T 120 122
1 A 121 123
1 G 122 124
1 A 123 125
1 G 124 126
1 G 125 127
1 T 126 128
1 T 127 129
1 T 128 130
1 T 129 131
1 T 130 132
1 T 131 133
1 T 132 134
1 T 133 135
1 C 134 136
1 C 135 137
1 G 136 138
1 A 137 139
1 G 138 140
1 G 139 141
1 T 140 142
1 T 141 143
1 T 142 144
1 T 143 145
1 C 144 146
1 C 145 147
1 T 146 148
1 C 147 149
1 G 148 150
1 G 149 151
1 A 150 152
1 A 151 153
1 A 152 154
1 T 153 155
1 A 154 156
1 A 155 157
1 A 156 158
1 T 157 159
1 T 158 160
1 C 159 161
1 A 160 162
1 C 161 163
1 C 162 164
1 T 163 165
1 C 164 166
1 G 165 167
1 A 166 168
1 A 167 169
1 A 168 170
1 G 169 171
1 C 170 172
1 A 171 173
1 A 172 174
1 G 173 175
1 C 174 176
1 T 175 177
1 G 176 178
1 A 177 179
1 T 178 180
1 A 179 181
1 A 180 182
1 A 181 183
1 C 182 184
1 C 183 185
1 G 184 186
1 A 185 187
1 T 186 188
1 A 187 189
1 C 188 190
1 A 189 191
1 A 190 192
1 T 191 193
1 G 192 194
1 A 193 195
1 A 194 196
1 T 195 197
1 T 196 198
1 T 197 199
1 G 198 200
1 T 199 201
1 C 200 202
1 G 201 203
1 A 202 204
1 A 203 205
1 C 204 206
1 T 205 207
1 A 206 208
1 T 207 209
1 G 208 210
1 G 209 211
1 C 210 212
1 T 211 213
1 A 212 214
1 T 213 215
1 C 214 216
1 A 215 217
1 A 216 218
1 C 217 219
1 G 218 220
1 C 219 221
1 G 220 222
1 G 221 223
1 C 222 224
1 T 223 225
1 G 224 226
1 T 225 227
1 T 226 228
1 A 227 229
1 C 228 230
1 T 229 231
1 G 230 232
1 T 231 233
1 T 232 234
1 T 233 235
1 T 234 236
1 T 235 237
1 G 236 238
1 T 237 239
1 T 238 240
1 G 239 241
1 G 240 242
1 T 241 243
1 A 242 244
1 G 243 245
1 C 244 246
1 G 245 247
1 G 246 248
1 G 247 249
1 T 248 250
1 G 249 251
1 C 250 252
1 G 251 253
1 T 252 254
1 A 253 255
1 T 254 256
1 T 255 257
1 G 256 258
1 G 257 259
1 C 258 260
1 T 259 261
1 A 260 262
1 T 261 263
1 A 262 264
1 T 263 265
1 A 264 266
1 A 265 267
1 G 266 268
1 C 267 269
1 C 268 270
1 A 269 271
1 G 270 272
1 C 271 273
1 G 272 274
1 A 273 275
1 C 274 276
1 T 275 277
1 C 276 278
1 C 277 279
1 G 278 280
1 A 279 281
1 A 280 282
1 C 281 283
1 G 282 284
1 T 283 285
1 C 284 286
1 C 285 287
1 C 286 288
1 T 287 289
1 C 288 290
1 A 289 291
1 A 290 292
1 T 291 293
1 T 292 294
1 T 293 295
1 C 294 -1
2 G -1 297
2 A 296 298
2 C 297 299
2 G 298 300
2 G 299 301
2 A 300 302
2 T 301 303
2 A 302 304
2 T 303 305
2 A 304 306
2 C 305 307
2 T 306 308
2 G 307 309
2 C 308 310
2 A 309 311
2 T 310 312
2 G 311 313
2 C 312 314
2 G 313 315
2 C 314 316
2 G 315 317
2 T 316 318
2 C 317 319
2 A 318 320
2 A 319 321
2 A 320 322
2 A 321 323
2 T 322 324
2 A 323 325
2 G 324 326
2 T 325 327
2 T 326 328
2 C 327 329
2 G 328 330
2 A 329 331
2 T 330 332
2 G 331 333
2 T 332 334
2 G 333 335
2 G 334 -1
3 G -1 337
3 C 336 338
3 T 337 339
3 A 338 340
3 G 339 341
3 G 340 342
3 G 341 343
3 C 342 344
3 A 343 345
3 T 344 346
3 T 345 347
3 T 346 348
3 T 347 349
3 A 348 350
3 G 349 351
3 A 350 352
3 T 351 353
3 T 352 354
3 G 353 355
3 A 354 356
3 C 355 357
3 A 356 358
3 G 357 359
3 T 358 360
3 G 359 361
3 G 360 362
3 A 361 363
3 C 362 364
3 C 363 365
3 T 364 366
3 A 365 367
3 A 366 368
3 C 367 369
3 C 368 370
3 G 369 371
3 C 370 372
3 G 371 373
3 C 372 374
3 C 373 375
3 T 374 376
3 T 375 377
3 G 376 378
3 A 377 379
3 G 378 -1
4 A -1 381
4 T 380 382
4 G 381 383
4 A 382 384
4 C 383 385
4 G 384 386
4 C 385 387
4 G 386 388
4 T 387 389
4 T 388 390
4 A 389 391
4 G 390 392
4 C 391 393
4 C 392 394
4 A 393 395
4 A 394 396
4 T 395 397
4 A 396 398
4 C 397 399
4 G 398 400
4 C 399 401
4 A 400 402
4 C 401 403
4 C 402 404
4 C 403 405
4 G 404 406
4 C 405 407
4 T 406 408
4 A 407 409
4 C 408 410
4 C 409 411
4 T 410 412
4 T 411 413
4 G 412 414
4 A 413 415
4 G 414 416
4 G 415 417
4 G 416 418
4 A 417 419
4 C 418 420
4 G 419 421
4 T 420 422
4 T 421 423
4 C 422 424
4 G 423 425
4 G 424 426
4 A 425 427
4 G 426 428
4 T 427 429
4 C 428 430
4 G 429 431
4 C 430 -1
5 C -1 433
5 G 432 434
5 A 433 435
5 A 434 436
5 C 435 437
5 T 436 438
5 A 437 439
5 T 438 440
5 T 439 441
5 T 440 442
5 T 441 443
5 G 442 444
5 C 443 445
5 C 444 446
5 A 445 447
5 C 446 448
5 A 447 449
5 G 448 450
5 T 449 451
5 A 450 452
5 A 451 453
5 C 452 454
5 A 453 455
5 G 454 456
5 C 455 457
5 C 456 458
5 G 457 459
5 C 458 460
5 C 459 461
5 G 460 462
5 A 461 463
5 G 462 464
5 G 463 465
5 T 464 466
5 G 465 467
5 A 466 468
5 A 467 469
5 T 468 470
5 T 469 471
5 T 470 -1
6 T -1 473
6 A 472 474
6 T 473 475
6 C 474 476
6 A 475 477
6 G 476 478
6 C 477 479
6 T 478 480
6 T 479 481
6 G 480 482
6 C 481 483
6 T 482 484
6 T 483 485
6 T 484 486
6 G 485 487
6 T 486 488
6 T 487 489
6 G 488 490
6 A 489 491
6 T 490 492
6 A 491 493
6 G 492 494
6 C 493 495
6 C 494 496
6 A 495 497
6 T 496 498
6 A 497 499
6 G 498 -1
7 G -1 501
7 C 500 502
7 G 501 503
7 T 502 504
7 T 503 505
7 A 504 506
7 A 505 507
7 G 506 508
7 G 507 509
7 A 508 510
7 A 509 511
7 A 510 512
7 T 511 513
7 C 512 514
7 T 513 515
7 A 514 516
7 T 515 517
7 A 516 518
7 T 517 519
7 C 518 520
7 C 519 521
7 G 520 522
7 T 521 523
7 C 522 524
7 C 523 525
7 T 524 526
7 C 525 527
7 A 526 528
7 G 527 529
7 C 528 530
7 C 529 531
7 C 530 532
7 T 531 533
7 A 532 534
7 G 533 535
7 C 534 536
7 C 535 537
7 C 536 538
7 A 537 539
7 C 538 540
7 A 539 541
7 T 540 -1
8 C -1 543
8 T 542 544
8 T 543 545
8 G 544 546
8 C 545 547
8 T 546 548
8 G 547 549
8 G 548 550
8 A 549 551
8 A 550 552
8 T 551 553
8 T 552 554
8 T 553 555
8 T 554 556
8 A 555 557
8 G 556 558
8 G 557 559
8 G 558 560
8 T 559 561
8 A 560 562
8 T 561 563
8 G 562 564
8 T 563 565
8 C 564 566
8 T 565 567
8 T 566 568
8 T 567 569
8 T 568 570
8 A 569 571
8 A 570 572
8 G 571 573
8 T 572 574
8 G 573 575
8 A 574 576
8 G 575 577
8 G 576 578
8 C 577 579
8 G 578 580
8 A 579 581
8 C 580 582
8 T 581 583
8 T 582 584
8 T 583 585
8 G 584 586
8 A 585 587
8 C 586 588
8 A 587 589
8 A 588 590
8 C 589 591
8 T 590 592
8 T 591 593
8 T 592 -1
9 T -1 595
9 T 594 596
9 C 595 597
9 G 596 598
9 A 597 599
9 C 598 600
9 A 599 601
9 A 600 602
9 A 601 603
9 T 602 604
9 T 603 605
9 C 604 606
9 C 605 607
9 G 606 608
9 T 607 609
9 G 608 610
9 T 609 611
9 C 610 612
9 A 611 613
9 A 612 614
9 T 613 615
9 C 614 616
9 T 615 617
9 A 616 618
9 A 617 619
9 A 618 620
9 A 619 621
9 T 620 622
9 A 621 623
9 G 622 624
9 G 623 625
9 C 624 626
9 G 625 627
9 C 626 628
9 G 627 629
9 A 628 630
9 T 629 631
9 A 630 632
9 A 631 633
9 T 632 634
9 A 633 635
9 A 634 -1
10 A -1 637
10 T 636 638
10 T 637 639
10 G 638 640
10 T 639 641
10 A 640 642
10 T 641 643
10 C 642 644
10 G 643 645
10 G 644 646
10 T 645 647
10 T 646 648
10 A 647 649
10 A 648 650
10 C 649 651
10 C 650 652
10 T 651 653
10 C 652 654
10 T 653 655
10 A 654 656
10 A 655 657
10 A 656 658
10 A 657 659
10 G 658 660
10 T 659 661
10 T 660 662
10 T 661 663
10 T 662 664
10 T 663 665
10 T 664 666
10 T 665 667
10 T 666 668
10 A 667 669
10 G 668 670
10 T 669 671
10 T 670 672
10 A 671 673
10 G 672 674
10 G 673 675
10 T 674 676
10 C 675 677
10 C 676 -1
11 A -1 679
11 C 678 680
11 G 679 681
11 C 680 682
11 G 681 683
11 C 682 684
11 A 683 685
11 T 684 686
11 G 685 687
11 C 686 688
11 A 687 689
11 G 688 690
11 A 689 691
11 A 690 692
11 C 691 693
11 A 692 694
11 A 693 695
11 G 694 696
11 G 695 697
11 A 696 698
11 A 697 699
11 A 698 700
11 G 699 701
11 A 700 702
11 T 701 703
11 A 702 704
11 G 703 705
11 C 704 706
11 A 705 707
11 T 706 708
11 T 707 709
11 T 708 710
11 C 709 711
11 C 710 712
11 G 711 713
11 A 712 714
11 G 713 715
11 G 714 716
11 A 715 717
11 A 716 718
11 A 717 719
11 A 718 720
11 C 719 721
11 C 720 722
11 T 721 723
11 C 722 724
11 G 723 725
11 G 724 726
11 A 725 727
11 A 726 728
11 A 727 729
11 A 728 730
11 A 729 731
11 A 730 -1
