604
603
609
600
609
608
605
610
610
613
611
604
609
606
604
603
603
600
608
608
608
600
606
611
612
612
609
611
615
614
607
609
608
611
608
605
614
608
597
604
602
607
605
609
607
609
606
604
607
608
607
605
608
607
606
602
612
616
605
601
612
604
603
608
612
608
609
611
605
606
603
606
611
606
607
605
607
601
607
603
610
607
610
613
610
608
615
614
608
599
609
607
608
609
615
608
612
607
605
609
608
613
605
609
609
603
609
612
610
613
613
609
606
596
609
605
613
602
602
606
606
605
604
604
603
605
602
612
612
607
608
605
608
609
614
609
609
603
607
606
609
606
604
609
613
610
608
607
601
610
608
601
608
610
608
609
604
604
605
607
604
603
603
609
609
617
600
609
606
609
609
614
610
609
605
603
608
609
606
604
601
611
602
608
610
609
610
606
614
607
615
604
612
601
607
609
612
604
610
605
608
607
606
601
603
605
605
611
604
601
602
607
610
610
617
610
610
610
608
605
613
608
610
612
610
610
608
604
608
604
609
604
613
608
606
611
609
609
607
610
608
610
608
612
615
612
612
611
614
609
610
611
613
605
607
610
