598
603
597
609
613
614
619
606
611
611
618
613
609
613
609
616
612
606
607
609
605
613
606
612
608
611
611
606
611
611
613
610
613
610
609
612
606
607
605
606
606
607
608
612
609
603
611
613
612
610
604
615
614
606
614
612
611
609
611
614
610
612
608
610
611
613
613
613
607
607
606
611
611
607
610
613
609
612
612
611
611
611
609
614
610
617
610
606
607
603
612
604
603
609
613
611
613
610
613
614
609
615
605
607
612
607
608
613
610
611
609
612
611
604
611
610
606
607
613
615
603
608
608
605
606
606
607
604
607
604
603
611
603
606
598
608
605
599
607
608
611
608
605
606
607
605
605
610
609
607
608
613
610
612
607
611
608
606
618
609
609
606
597
601
596
607
605
601
603
602
608
606
604
607
605
604
607
601
604
603
609
607
606
603
606
610
602
599
603
605
607
604
602
611
610
607
605
598
607
607
609
604
606
599
610
604
604
605
608
607
605
610
607
612
611
611
604
607
612
616
614
610
616
613
614
609
604
606
607
610
607
608
607
601
608
606
607
613
603
608
618
603
608
601
611
609
616
619
615
619
614
612
612
610
610
610
