602
604
601
597
603
603
604
603
599
602
604
601
603
597
602
607
598
608
597
599
602
598
600
603
599
601
604
603
598
599
599
592
592
594
591
605
598
595
597
603
603
610
607
610
608
603
603
599
600
609
609
601
612
601
608
599
609
601
604
606
605
600
599
599
599
590
592
593
591
595
598
592
598
598
595
603
593
600
589
607
588
597
599
605
592
589
592
597
604
613
607
604
602
600
599
597
599
597
597
597
595
602
597
603
603
600
604
605
604
602
596
602
601
598
602
599
597
598
602
603
610
605
607
608
600
603
612
608
598
598
609
601
605
600
600
601
604
599
609
615
608
606
611
616
611
610
608
610
609
611
601
606
612
602
611
611
609
606
613
616
608
607
617
611
603
600
602
604
606
608
606
602
599
596
596
602
603
602
606
600
607
605
608
603
609
601
600
606
605
599
595
600
604
604
597
598
601
607
599
600
607
610
609
611
610
604
600
602
600
606
598
602
604
604
599
603
601
594
600
593
597
599
599
603
603
602
603
599
599
604
601
604
597
610
608
606
606
604
604
610
605
610
606
609
609
609
605
606
613
612
597
604
603
599
600
594
599
607
607
