605
598
608
603
604
604
607
612
605
604
609
610
610
606
605
610
601
604
606
603
597
603
602
606
602
605
608
607
611
602
603
611
605
611
609
608
608
606
603
608
599
612
605
612
605
597
606
606
607
610
607
605
609
602
602
605
608
604
610
604
611
604
609
610
609
599
608
609
606
603
616
617
605
601
604
609
605
608
611
610
606
605
606
607
605
607
607
609
613
606
603
600
604
608
600
609
607
606
607
604
609
606
608
602
601
607
609
610
606
607
609
613
603
606
601
601
611
612
612
608
611
610
605
608
610
611
606
610
601
614
605
604
611
607
612
602
615
610
613
609
606
605
611
611
614
611
611
615
616
611
615
614
610
614
611
608
603
611
613
611
609
613
609
609
606
620
612
610
610
617
615
607
616
604
611
614
612
616
610
612
602
611
611
608
606
610
613
608
614
609
616
610
610
610
608
613
619
617
610
616
613
613
612
618
609
607
616
618
615
610
611
611
606
615
607
620
609
609
616
614
610
611
616
611
609
608
613
607
616
615
612
620
612
616
612
613
612
611
611
611
603
609
612
613
614
609
614
609
615
610
611
613
614
618
612
614
616
619
609
614
609
612
608
