598
599
600
600
601
596
601
600
599
597
605
604
599
604
604
608
604
613
601
607
611
603
605
614
610
600
607
601
612
611
601
603
609
606
611
603
606
597
601
598
601
599
607
604
601
596
600
604
600
612
607
608
603
610
612
606
605
604
600
596
594
601
604
601
604
607
608
604
610
605
606
617
603
610
611
603
610
608
601
608
613
605
607
598
609
611
601
597
601
609
604
605
608
611
603
600
607
603
607
605
603
606
606
605
604
600
605
607
604
606
601
605
593
602
606
600
606
605
599
600
596
604
604
599
605
614
610
607
609
608
614
612
604
607
612
611
612
612
606
608
611
605
607
610
608
610
611
611
612
610
606
615
602
607
607
606
614
608
608
612
610
609
608
609
612
613
606
615
611
606
614
607
611
615
612
613
613
611
616
604
605
612
605
600
604
609
609
608
610
615
607
609
608
607
610
606
612
610
609
607
606
607
616
614
612
613
605
608
606
611
609
611
606
609
615
612
611
603
608
613
612
612
605
615
605
603
611
606
611
612
607
609
605
616
608
606
611
613
609
611
614
615
605
605
613
613
613
610
610
610
609
612
612
605
603
599
601
