507
513
518
522
512
516
517
515
524
531
529
518
516
517
514
519
515
535
527
533
521
522
520
523
529
526
530
521
523
525
529
524
524
529
538
532
534
535
538
541
550
550
547
550
547
545
542
547
548
539
538
549
545
547
546
550
548
536
540
542
536
537
542
537
534
540
544
547
539
526
530
535
539
533
529
532
531
533
530
533
539
536
537
531
530
530
526
530
533
532
537
535
544
543
541
544
543
538
549
551
550
537
538
533
528
536
532
538
537
533
545
546
537
534
541
535
533
539
539
541
544
540
534
533
542
542
536
533
543
546
542
543
543
543
533
540
535
535
547
537
547
548
544
544
546
543
546
544
536
544
539
541
536
538
545
542
539
540
543
541
545
541
541
539
551
545
550
544
550
549
548
552
540
542
537
538
540
543
549
542
547
545
542
542
543
549
542
544
546
542
554
548
556
559
557
544
544
551
543
541
545
547
548
547
553
547
553
551
542
536
545
542
544
538
542
536
533
540
549
546
547
544
540
547
545
550
551
549
545
547
539
543
540
532
544
536
541
543
540
543
532
541
540
543
535
541
541
541
542
539
533
534
543
537
541
536
554
547
545
541
545
540
543
545
548
538
543
545
553
552
546
538
542
