507
510
516
521
523
531
526
524
531
531
528
531
531
526
534
533
543
534
532
532
536
530
531
537
537
538
538
535
533
537
539
540
538
537
537
546
543
540
538
540
537
532
532
531
533
531
526
535
534
531
538
535
537
534
531
533
538
540
539
537
540
542
532
534
540
535
533
532
526
538
541
542
531
547
544
544
539
530
525
538
538
532
531
536
533
535
525
534
534
531
531
535
538
533
535
537
542
545
539
540
542
543
543
543
540
534
532
538
536
540
538
530
542
540
547
545
543
540
538
536
544
537
532
537
537
544
546
547
535
546
537
542
539
545
546
543
551
537
538
539
536
544
541
540
540
540
543
538
536
534
547
541
541
547
544
543
546
538
538
535
542
528
536
537
539
531
541
540
542
537
532
533
532
532
528
528
524
523
534
531
527
530
532
527
532
526
539
533
534
529
536
533
539
543
540
532
532
530
533
536
535
534
539
534
519
530
533
537
532
535
540
541
540
539
535
536
541
549
537
541
541
540
546
546
543
549
549
548
542
544
530
544
537
541
536
537
544
540
540
536
537
543
540
545
534
535
539
538
548
546
550
541
544
545
543
546
537
540
540
548
539
540
537
533
540
538
529
536
533
543
544
539
544
546
545
546
544
541
545
546
542
542
546
547
550
547
547
544
540
545
