343
359
369
382
391
394
408
408
402
422
413
433
426
433
434
437
441
460
468
460
463
457
467
470
461
460
464
466
469
470
472
487
481
481
485
488
480
491
480
492
488
496
491
491
492
498
508
503
514
520
522
518
521
522
530
521
517
520
516
524
513
516
515
520
519
523
520
520
521
523
523
519
528
519
514
527
528
528
523
533
533
523
527
530
529
531
528
527
531
534
535
531
524
524
532
531
533
533
533
531
530
531
534
534
531
535
529
536
542
539
539
539
548
542
545
545
555
546
547
549
547
548
551
549
553
549
544
538
534
540
538
543
547
549
541
539
534
536
526
534
534
540
536
530
531
526
530
530
513
525
533
543
542
532
539
539
531
533
538
526
528
537
536
543
539
531
534
536
542
545
544
542
542
543
543
527
527
535
537
544
541
544
534
533
537
542
536
538
543
545
549
549
548
544
553
552
553
548
542
555
552
552
547
553
549
557
548
561
549
549
551
565
565
565
556
551
558
559
552
555
555
542
551
551
549
549
551
558
559
553
564
558
555
562
564
565
563
566
559
569
563
559
566
566
567
562
562
563
576
565
562
561
563
571
572
567
565
568
567
567
576
571
569
573
570
557
566
563
564
567
570
562
558
565
566
556
567
565
564
571
566
565
565
568
562
572
567
575
567
567
568
565
571
572
571
576
565
572
577
575
574
571
574
580
577
584
576
569
570
569
563
570
583
578
572
568
586
576
585
576
583
580
580
579
586
584
585
583
571
577
580
577
577
579
588
575
572
580
574
575
577
578
567
579
571
582
579
579
577
572
583
576
587
588
595
591
584
583
582
589
594
590
591
596
593
593
596
601
599
599
596
593
603
587
602
598
589
597
597
590
599
601
599
605
609
594
598
585
594
597
598
607
608
602
598
610
612
595
599
595
600
602
609
606
602
605
607
608
611
607
604
601
595
605
601
592
598
594
594
597
603
593
604
593
587
592
596
594
594
594
597
590
588
595
592
591
597
596
598
598
592
596
584
592
595
592
592
590
594
599
598
595
590
589
587
587
592
594
601
596
585
589
599
590
593
594
