893
892
895
895
896
896
895
897
899
895
895
896
899
898
891
902
889
897
899
900
905
900
895
901
901
900
909
905
915
907
914
917
908
910
913
912
915
910
904
918
914
914
909
912
909
908
914
912
915
912
916
916
918
923
925
928
934
930
928
931
931
931
930
937
932
929
922
930
924
925
927
933
931
931
928
933
936
937
936
940
938
937
946
939
944
942
942
930
947
945
940
940
944
941
939
945
940
941
942
943
933
941
937
936
943
942
939
945
937
943
952
941
952
942
942
940
941
942
936
947
953
950
952
950
947
951
955
936
947
946
931
941
955
954
950
947
952
955
946
945
949
950
948
942
949
951
943
946
943
942
951
940
945
949
946
946
942
949
946
949
947
949
944
941
948
948
951
944
951
943
945
950
939
942
937
946
941
945
945
942
947
947
955
950
955
952
957
953
959
960
956
958
965
959
956
960
963
955
952
954
957
958
958
956
955
956
955
959
959
960
962
964
956
955
959
951
959
958
969
960
965
963
959
949
954
959
958
958
959
960
960
962
970
966
956
961
962
958
952
957
958
957
958
960
961
959
956
954
948
946
955
952
955
955
951
960
952
955
959
959
951
964
965
954
957
959
956
960
959
960
949
957
960
961
965
964
959
963
959
961
960
964
960
966
967
961
969
965
960
968
970
971
968
966
971
967
972
962
970
965
966
972
969
971
980
976
976
973
973
972
963
971
973
966
971
979
976
975
975
985
980
986
975
975
976
979
971
983
975
979
980
983
970
984
984
986
986
974
972
977
968
975
973
967
973
968
963
971
968
969
968
976
974
964
966
966
976
973
981
972
973
977
972
969
977
975
970
972
972
974
970
969
973
967
968
974
976
972
980
979
976
980
979
983
980
979
980
971
976
978
989
984
976
985
981
976
982
988
985
991
994
986
983
979
