891
896
901
905
889
896
899
900
899
900
906
890
901
905
905
908
912
896
906
907
907
904
902
916
915
913
915
918
913
912
915
917
922
921
921
918
912
919
926
927
925
921
923
931
927
930
931
924
934
922
931
927
926
923
915
922
923
935
926
933
924
923
924
935
925
927
934
925
930
926
928
925
928
923
921
921
932
929
935
931
933
934
933
936
945
939
932
928
932
926
935
936
936
939
928
935
935
934
939
940
935
943
937
941
936
937
936
938
931
934
934
938
941
935
944
944
948
940
949
950
949
953
945
952
947
946
949
945
953
944
950
933
942
945
947
952
949
946
942
940
944
943
943
951
947
937
946
946
951
947
950
948
959
954
958
955
950
952
959
958
960
959
956
964
968
959
960
963
959
958
958
953
956
959
957
957
954
961
958
965
956
958
958
959
969
968
962
968
964
962
966
963
972
969
971
970
967
972
968
963
969
960
963
963
956
963
965
969
972
973
976
970
975
971
962
979
981
977
978
965
966
965
968
963
965
970
971
961
961
968
969
964
954
971
970
965
969
971
969
970
970
966
970
972
966
967
960
963
957
961
955
958
964
963
957
961
947
956
955
959
953
954
953
951
957
952
952
963
960
963
963
965
957
958
959
967
963
964
962
960
967
963
967
961
959
964
963
952
962
962
966
968
963
968
963
963
963
963
961
961
953
962
967
954
965
971
966
964
970
968
971
976
972
971
978
977
979
977
987
983
974
976
976
981
974
983
981
983
979
983
978
983
981
982
978
980
978
984
982
982
980
967
974
982
973
974
978
985
984
974
979
979
981
981
987
987
975
979
980
983
982
996
997
988
995
990
987
985
984
981
985
983
990
988
988
989
988
985
987
984
986
984
987
986
979
987
981
990
991
992
983
986
984
990
987
991
