894
895
890
895
894
897
895
903
905
900
911
901
907
899
900
897
901
894
900
897
910
907
907
911
913
909
905
906
908
915
911
914
903
909
912
913
909
901
909
905
919
921
919
907
902
907
916
915
916
918
919
918
920
910
911
920
921
920
913
916
915
921
918
912
915
915
916
919
910
919
926
918
914
927
924
924
925
921
918
929
924
924
928
928
927
917
929
923
934
933
936
931
934
936
930
935
936
934
928
926
927
928
924
920
922
920
936
935
941
932
932
933
927
931
934
932
936
934
938
933
925
929
938
940
937
937
938
940
935
932
931
940
940
939
945
942
938
942
941
934
939
935
938
935
936
939
942
941
943
947
935
940
938
940
946
946
957
952
947
949
943
946
944
947
952
951
949
951
954
952
958
951
959
946
954
955
958
953
953
949
946
951
955
959
955
952
953
949
955
954
953
950
951
944
954
949
943
952
945
940
942
952
946
944
952
946
947
951
947
948
951
951
954
952
952
955
961
964
959
955
954
949
953
959
955
959
952
958
960
959
963
966
954
954
954
946
955
964
959
964
958
951
952
966
960
959
958
954
955
962
955
953
960
970
967
960
960
962
963
968
956
955
963
962
959
964
966
968
968
959
965
967
964
956
961
964
961
957
962
959
960
955
951
955
965
957
954
965
963
957
973
966
964
967
958
957
952
955
958
962
959
969
968
971
969
970
963
972
972
970
966
966
969
969
962
957
965
971
964
961
973
965
968
961
963
973
964
977
970
974
967
963
968
972
970
971
973
977
969
971
971
970
966
974
970
971
977
975
976
980
978
979
982
974
970
975
976
975
976
976
