896
892
900
896
896
897
898
894
894
900
901
893
895
895
906
908
907
906
905
898
902
905
905
913
909
907
910
903
906
909
902
906
909
910
904
914
911
914
909
904
907
916
907
908
916
916
909
917
912
914
915
913
918
911
913
915
914
918
912
912
918
917
923
927
920
923
923
921
920
923
921
921
916
927
923
926
926
923
915
917
931
923
928
925
921
923
923
922
926
928
929
930
926
927
929
932
930
928
923
919
922
927
931
921
929
931
931
928
932
931
941
935
939
937
937
940
935
944
929
926
930
935
938
940
932
936
923
931
922
939
933
927
934
934
925
933
931
930
935
933
934
938
937
929
938
935
940
937
940
933
932
937
944
935
946
952
949
949
946
953
944
947
950
951
953
951
950
940
946
954
952
948
944
942
949
945
945
939
952
947
942
944
951
950
951
952
942
949
945
950
946
948
959
955
956
949
949
951
953
949
951
948
954
945
943
944
945
947
942
948
947
950
943
945
946
948
944
949
949
951
948
949
950
947
948
955
953
948
954
948
949
947
949
939
949
952
951
950
953
954
942
951
949
953
946
955
954
949
952
951
950
960
955
949
952
959
951
951
947
955
951
951
949
953
949
949
944
953
954
955
950
952
955
952
960
950
951
959
969
965
963
963
964
961
964
962
961
957
958
964
963
956
958
951
963
959
967
965
969
968
970
966
969
970
963
964
970
970
968
964
968
969
967
959
962
969
970
968
967
967
971
976
973
968
974
965
963
964
964
970
976
969
964
971
973
966
977
962
972
970
973
971
966
973
971
970
964
972
973
971
970
967
972
967
973
971
971
971
