890
897
899
892
890
888
897
897
892
896
902
901
897
894
902
904
901
909
906
899
904
904
889
898
903
898
902
908
913
904
914
908
909
904
909
906
897
908
900
902
903
902
910
902
905
902
910
912
902
907
903
911
919
908
908
910
913
910
912
912
911
905
913
920
914
907
905
912
909
909
924
913
910
918
923
916
914
913
919
920
917
922
916
919
919
919
916
918
921
924
917
921
919
921
912
924
920
926
925
924
923
925
921
915
926
922
926
923
919
929
925
924
927
920
930
925
932
932
935
924
922
922
925
928
926
927
927
934
928
935
930
937
932
934
933
935
940
947
945
939
947
946
945
946
945
940
936
939
937
935
940
942
942
944
940
937
939
943
936
936
929
936
937
936
945
945
941
943
945
950
934
945
946
953
943
954
952
950
954
946
954
954
952
955
950
956
956
946
956
955
958
957
949
947
950
956
963
965
966
961
971
969
960
963
957
963
961
958
960
954
955
952
959
958
961
971
958
958
962
963
963
956
958
961
960
968
964
965
959
965
963
971
968
961
967
962
967
964
964
962
965
974
957
963
967
967
960
967
959
961
956
960
968
953
955
960
954
960
964
957
962
967
962
971
970
967
967
959
972
971
972
969
965
957
961
965
962
964
959
960
966
969
971
974
969
972
976
978
972
966
964
974
971
974
980
971
977
973
978
976
972
969
962
973
973
977
979
980
975
976
981
975
971
968
973
977
977
976
976
974
973
978
978
978
970
974
982
977
973
975
971
974
975
978
976
978
976
977
980
978
974
973
976
976
977
980
968
971
978
977
977
972
971
976
976
983
971
970
976
972
972
974
977
990
985
983
983
980
982
989
992
983
988
990
988
990
989
985
980
983
980
981
988
989
986
978
976
987
978
978
983
978
986
