888
897
895
904
899
895
901
903
903
901
902
910
910
912
908
903
906
911
906
907
905
906
915
912
904
897
896
907
905
903
911
909
918
918
909
915
908
906
899
902
907
907
917
912
911
920
914
909
905
909
903
912
918
915
908
911
915
913
917
916
916
917
912
923
912
919
920
919
927
916
919
921
922
917
921
926
915
916
916
928
933
928
927
925
924
922
919
919
918
923
914
917
915
921
919
918
922
927
925
923
924
921
919
922
931
924
922
930
926
923
927
926
927
925
929
937
937
945
943
941
934
940
931
937
928
937
930
935
929
934
934
931
937
943
930
930
920
928
929
925
931
930
936
930
931
939
931
932
936
938
937
931
929
933
938
941
943
944
941
943
943
942
942
949
948
947
944
944
948
945
947
950
944
944
946
951
955
950
958
957
953
948
951
942
943
947
944
946
945
956
946
952
955
944
947
944
948
941
944
943
944
938
953
962
958
957
954
962
956
961
963
962
962
965
965
961
960
955
961
961
961
964
961
966
957
960
963
959
956
956
956
962
964
962
962
962
964
961
957
963
961
966
970
974
961
972
967
970
965
965
966
974
968
976
971
970
967
967
965
970
967
963
962
957
962
952
965
963
963
972
964
970
971
970
967
965
958
958
973
978
971
973
977
972
976
973
970
973
972
971
977
979
985
984
982
985
984
996
989
990
985
992
993
987
993
996
995
1000
1001
1000
995
996
1000
992
988
988
991
992
989
993
995
983
989
998
988
989
986
991
987
994
986
986
986
990
985
999
992
993
998
999
996
999
1002
993
999
998
998
1004
995
999
992
999
989
1000
1008
1007
1002
1003
997
