895
897
897
895
905
891
906
903
902
912
905
908
916
912
912
907
907
903
900
912
905
904
904
907
909
912
912
902
910
909
912
910
915
912
902
905
921
920
918
921
922
922
923
928
932
929
934
935
931
933
932
925
931
924
933
938
933
933
934
929
929
938
932
937
935
933
933
930
935
933
926
937
934
930
936
936
937
943
943
945
950
943
937
949
934
943
936
940
936
939
946
943
941
946
946
943
939
945
944
943
945
945
937
952
950
944
945
951
950
946
941
944
950
941
950
952
948
946
951
950
947
954
946
949
950
956
958
964
962
960
962
972
973
966
962
963
965
966
965
971
972
959
965
956
964
970
970
974
983
968
977
979
976
975
976
975
978
978
975
981
972
974
973
977
977
978
986
979
976
981
968
970
966
968
973
973
972
971
974
977
968
980
973
974
975
979
975
984
977
983
972
984
971
977
971
975
974
975
971
969
972
976
978
978
977
972
964
967
968
957
972
975
963
964
958
964
967
970
966
964
974
976
975
973
972
977
983
977
986
977
986
978
980
988
978
986
985
980
991
980
983
981
982
982
985
990
984
988
987
987
981
986
987
987
988
986
982
982
990
986
983
985
986
982
982
987
990
998
992
995
992
987
986
984
987
990
987
989
987
985
984
977
988
982
990
988
994
987
992
993
992
990
987
992
992
985
982
981
990
985
987
987
988
986
984
988
987
979
986
987
991
992
995
1000
986
999
998
997
998
990
983
987
992
984
979
978
987
993
987
991
1000
995
998
992
993
989
1007
989
997
1001
1001
998
997
997
999
999
993
1000
996
1002
992
998
992
998
993
1005
999
1006
999
1001
999
1001
998
995
993
991
998
1000
1001
1000
1003
998
991
