895
886
896
892
890
894
900
901
900
893
898
894
894
899
901
904
903
896
888
908
905
910
900
905
903
902
911
910
907
910
901
902
910
903
910
902
899
914
922
910
921
911
914
918
909
914
913
910
912
908
909
910
914
913
905
898
910
915
913
915
918
911
915
909
916
917
917
913
918
919
914
909
922
921
914
921
928
923
920
924
918
916
920
921
914
917
917
916
923
921
915
920
917
917
926
918
931
926
915
916
918
920
920
921
927
921
924
924
924
924
911
915
924
921
932
926
923
927
931
936
929
930
937
930
927
930
923
927
913
922
926
932
924
921
920
923
926
932
933
932
932
937
929
936
931
933
926
933
932
938
936
933
928
933
937
931
932
934
925
938
924
931
933
931
935
933
937
942
938
937
931
941
941
940
939
925
935
938
930
934
942
944
943
939
942
942
935
947
945
944
947
940
944
947
948
942
948
940
947
941
940
951
950
946
937
938
949
946
949
946
949
954
947
947
951
951
957
946
954
942
951
956
951
959
957
959
957
957
953
954
961
955
959
956
959
948
957
961
960
958
953
959
961
958
957
955
958
961
963
953
951
952
944
949
957
959
959
957
951
951
953
954
960
964
956
955
961
954
949
945
959
960
953
955
955
945
959
947
952
952
950
957
948
962
954
968
963
954
959
955
961
964
960
961
957
954
952
953
956
964
957
957
961
963
965
962
962
963
959
954
958
955
961
966
960
956
962
955
967
952
961
954
952
959
959
960
958
958
953
955
960
955
948
949
950
948
958
957
955
955
960
964
967
972
968
970
972
975
972
964
962
975
968
966
960
965
962
962
968
967
959
