896
891
893
899
898
891
898
892
893
893
899
897
902
903
902
901
901
901
900
901
900
898
906
912
905
906
907
910
917
907
910
914
913
910
907
913
904
909
911
913
916
921
914
921
924
923
930
921
913
925
923
915
918
926
925
919
924
921
924
920
924
926
928
935
929
927
922
931
928
934
932
932
942
949
939
935
948
953
947
944
949
947
945
946
946
953
957
944
950
952
956
956
967
965
963
964
959
967
965
964
960
957
967
956
968
962
962
960
955
951
950
956
958
954
955
965
965
960
961
966
959
972
968
966
965
968
958
971
967
968
968
967
960
962
971
962
966
970
972
972
971
976
975
963
968
965
964
975
972
968
967
961
972
975
966
966
971
974
974
974
976
976
975
980
979
968
977
978
972
979
977
980
985
981
986
990
981
987
983
988
988
993
998
995
996
993
992
990
991
997
1000
996
1000
989
992
993
987
988
994
994
993
994
994
993
993
1003
987
1004
1007
1000
998
997
999
991
991
990
993
989
992
997
996
986
1001
998
994
993
991
995
991
988
989
993
992
993
994
994
992
995
995
992
994
982
990
998
991
998
1003
997
994
993
994
991
992
990
983
992
987
990
985
986
995
984
993
991
987
996
989
992
993
991
991
981
988
993
984
990
986
992
993
996
992
985
991
989
988
991
989
987
988
986
984
988
990
985
994
986
994
996
995
1000
999
989
989
993
997
995
997
991
993
988
987
995
996
1001
996
991
995
988
988
995
988
990
995
991
996
1004
992
990
986
992
996
990
990
992
995
995
989
998
993
989
993
990
991
985
989
992
990
994
986
995
994
985
992
996
996
