883
888
890
891
894
891
891
892
895
892
898
906
895
891
896
898
899
902
900
903
903
896
904
897
906
902
913
903
912
916
916
905
915
905
920
904
909
916
910
916
918
925
920
916
920
924
925
916
924
930
925
932
923
930
922
931
929
937
930
939
937
933
926
924
934
931
929
932
938
921
925
926
925
924
921
921
921
924
930
927
929
929
925
917
929
930
927
928
925
931
931
935
931
937
931
935
931
931
934
930
938
936
935
927
935
922
931
939
935
937
930
936
934
930
935
934
929
929
936
933
930
931
934
925
928
924
929
928
929
930
928
930
934
929
927
927
927
931
931
932
936
938
933
932
929
934
928
934
937
931
931
933
940
932
934
931
926
933
941
944
949
935
936
932
937
935
936
945
939
943
941
949
951
941
945
939
938
932
926
940
945
938
941
939
935
940
938
944
938
943
940
945
946
943
950
946
948
957
942
949
947
955
952
952
965
950
946
961
946
952
954
959
951
952
954
949
948
944
946
949
954
955
959
959
960
958
965
954
953
954
960
957
949
952
948
953
955
951
953
955
954
949
951
946
949
949
948
947
952
954
954
953
951
945
941
949
950
953
944
947
953
950
949
953
943
944
951
946
935
943
948
950
941
949
945
948
941
942
949
944
948
946
945
953
950
951
947
952
957
955
949
954
942
949
955
952
954
952
948
954
956
952
958
953
961
951
952
950
954
956
959
955
960
953
954
956
954
964
956
958
959
969
960
965
966
967
971
974
974
977
967
976
977
980
978
980
970
976
978
982
974
974
977
972
973
979
987
982
983
981
970
977
981
977
975
980
978
989
977
980
980
985
983
984
977
986
978
983
985
985
980
984
977
978
983
979
979
986
992
980
983
988
989
996
982
990
990
986
982
991
986
994
994
989
989
991
988
989
