894
891
895
892
893
893
892
893
902
898
904
905
909
904
902
910
898
900
899
899
898
901
896
901
900
903
904
908
915
915
915
920
908
913
920
917
923
917
928
927
918
920
911
917
912
913
917
923
919
921
921
923
924
921
916
916
924
920
919
917
908
923
923
920
923
918
926
918
923
921
916
914
925
921
922
927
916
925
915
925
916
924
921
915
920
915
924
920
925
919
923
927
926
928
929
924
936
921
931
927
929
930
941
929
932
930
941
940
933
936
939
934
943
935
925
929
929
925
927
928
931
929
923
920
919
920
919
921
926
924
928
919
920
930
921
927
919
916
918
925
922
917
928
916
919
923
922
915
919
921
920
916
917
920
924
927
920
923
921
923
922
926
921
923
927
918
915
914
924
929
927
928
924
924
927
915
923
926
924
927
925
923
926
929
925
925
921
923
924
927
924
924
935
930
929
920
925
923
926
924
930
929
934
936
932
934
933
934
929
934
936
936
923
927
928
929
934
922
934
934
925
938
935
934
930
935
932
933
936
944
934
932
933
932
939
933
932
934
934
932
930
933
931
934
932
941
942
951
945
941
943
945
942
939
951
938
943
949
957
949
956
951
947
946
935
944
943
945
948
944
949
949
951
949
946
937
949
949
948
947
946
932
941
950
944
947
948
951
953
945
951
946
944
950
953
947
950
955
952
947
956
951
954
964
954
948
954
959
958
945
957
947
950
956
949
959
966
960
961
965
958
969
965
961
956
949
952
940
944
952
947
949
946
944
944
943
955
953
949
946
947
948
952
958
962
956
960
962
956
950
953
958
960
959
955
954
959
955
