895
898
899
901
895
903
901
906
907
911
894
902
898
900
901
905
894
900
901
903
895
893
899
898
911
909
910
914
907
919
925
921
918
921
918
925
926
931
933
930
930
930
934
933
931
935
937
937
933
935
940
939
936
937
933
932
941
941
934
938
941
944
944
953
947
941
950
953
946
946
950
949
953
948
953
954
951
946
955
950
951
943
950
950
944
951
956
952
950
957
957
957
967
967
959
962
968
961
959
964
957
955
959
961
958
963
958
957
956
959
965
958
951
957
961
962
958
959
965
966
965
963
959
965
964
960
968
966
967
966
963
971
958
956
956
955
964
958
962
972
967
972
968
971
963
962
964
965
968
970
969
971
967
979
980
981
974
974
974
972
970
970
976
972
980
976
977
973
974
978
974
971
978
974
984
990
969
976
978
979
977
976
976
979
977
984
985
978
986
979
987
982
989
987
988
985
986
983
989
978
985
981
983
983
980
982
982
979
980
982
979
978
982
986
981
985
987
980
984
983
981
977
987
983
982
985
987
988
993
988
994
987
986
986
989
988
986
985
984
985
988
997
992
988
990
995
988
994
987
993
986
986
990
987
991
988
992
990
983
981
983
986
988
988
981
985
983
988
981
987
988
982
981
982
987
985
990
978
980
974
983
976
985
988
986
984
984
987
981
984
974
971
985
978
980
979
969
981
983
984
980
979
978
982
975
977
977
982
978
977
981
980
983
978
975
979
978
972
974
980
986
975
965
982
982
967
974
979
976
979
984
978
987
986
990
978
974
973
973
984
969
973
981
978
974
979
985
966
978
985
985
983
982
985
985
