893
888
890
893
885
894
897
891
898
896
894
896
901
894
905
906
901
903
911
896
904
902
906
896
902
898
906
897
903
904
907
904
907
912
913
917
913
910
925
915
922
913
920
922
918
916
920
917
926
936
925
928
929
917
924
914
920
920
924
922
926
919
933
930
932
941
942
934
929
929
927
937
926
935
928
935
931
927
935
931
937
932
940
939
923
935
930
938
934
945
934
943
941
944
934
941
936
944
933
939
933
935
939
942
939
945
938
950
950
960
956
950
954
947
959
957
953
959
960
957
959
965
966
964
964
953
959
955
947
950
951
952
949
957
954
952
948
950
952
949
952
949
954
943
952
944
944
954
950
951
950
955
961
956
952
963
954
955
946
956
955
959
945
948
951
960
957
958
955
956
953
956
952
954
959
955
964
968
962
960
965
958
960
964
958
962
969
965
966
951
967
959
964
969
958
961
958
966
966
970
969
971
967
967
968
963
973
967
974
963
964
964
972
968
972
971
972
976
974
973
974
972
972
970
977
979
973
973
981
982
989
981
975
977
977
967
975
978
973
978
978
977
978
979
979
979
977
977
977
984
985
979
989
983
980
985
985
980
979
983
986
983
981
977
968
968
976
971
983
980
980
989
985
979
982
987
986
985
991
989
993
981
985
988
992
987
978
984
988
992
990
987
986
990
977
981
978
983
979
980
990
988
995
989
993
990
983
986
987
991
993
990
989
991
1000
994
997
995
983
989
995
990
1000
996
999
997
993
995
1002
997
993
993
993
994
998
999
1003
997
1000
1002
1005
990
1002
989
999
999
994
998
1004
1000
1000
1001
994
996
991
990
991
989
992
990
999
996
995
992
999
1002
1002
1003
998
995
996
998
996
996
998
996
992
994
993
991
992
994
1001
1000
986
989
987
995
994
988
991
996
993
994
985
990
