902
899
894
896
891
896
900
898
892
894
902
900
905
904
897
897
902
903
902
907
907
905
911
905
903
906
913
900
914
912
921
912
911
912
918
917
914
913
914
916
911
922
923
917
923
922
921
924
917
922
921
923
924
918
920
916
919
916
917
916
929
920
930
922
923
920
918
916
919
926
919
916
906
923
923
922
926
926
921
922
918
920
910
924
922
931
931
931
932
929
939
938
932
941
948
938
937
940
950
952
953
957
955
952
953
944
949
949
952
949
952
947
950
949
957
953
953
951
950
954
956
955
955
962
957
964
962
963
960
960
957
955
966
958
967
967
957
963
965
955
957
963
962
963
965
957
968
969
961
970
969
974
969
973
968
973
968
970
970
975
967
963
965
967
964
967
979
967
968
966
969
967
968
968
964
970
966
964
969
971
961
962
969
966
971
959
962
964
961
962
969
963
957
959
968
964
962
971
968
969
960
968
970
966
966
961
963
961
963
968
960
965
957
962
960
973
967
959
962
969
971
977
965
967
970
970
962
971
963
969
971
968
970
977
976
974
973
967
975
960
974
976
965
972
969
965
972
978
981
972
984
976
980
981
984
984
979
973
978
983
971
977
973
976
976
977
977
982
984
992
980
985
985
985
985
988
996
991
989
995
998
996
997
1003
1000
1005
1003
1006
1007
1006
1000
1001
996
1005
1015
1014
1007
1006
1014
1008
1007
1006
1009
1009
1010
1011
1008
1007
1003
1001
1010
1016
997
1005
1011
1003
1003
1015
1010
996
1006
1004
1009
1013
1014
1005
1002
1006
1007
1003
1013
1011
1007
1013
1009
1014
1003
1013
1014
1008
1017
1011
1013
1010
1008
1012
1017
1012
1007
1023
1010
1014
1012
1014
1014
