891
896
891
900
893
890
897
894
890
894
893
899
897
908
898
897
900
897
896
901
909
896
899
908
907
900
904
896
898
898
896
900
900
904
905
900
900
903
910
909
905
908
910
912
907
904
907
899
902
910
905
911
900
904
900
902
907
902
908
906
903
907
916
906
901
907
913
910
916
914
914
915
914
905
908
914
901
903
910
913
906
905
909
915
906
909
916
914
918
914
910
911
907
911
918
917
925
908
920
908
920
916
913
916
919
923
926
922
922
924
924
923
923
925
922
928
927
921
920
918
926
923
925
923
925
916
926
923
929
928
929
932
933
928
919
924
924
920
915
918
920
918
910
921
921
930
924
924
923
924
922
932
927
922
927
929
922
930
926
925
925
928
926
931
929
919
926
919
928
922
932
929
921
927
923
928
926
924
929
922
924
931
918
927
929
919
918
921
912
924
917
916
921
921
923
917
916
919
923
927
922
925
919
917
915
926
931
931
932
936
942
932
931
931
935
930
929
937
941
935
938
937
940
938
932
940
946
938
935
939
934
931
934
930
932
942
936
929
934
933
935
925
933
932
931
943
938
944
935
937
938
943
936
938
930
937
938
936
934
934
937
935
938
942
940
945
937
941
948
948
946
949
948
945
941
944
941
939
939
935
938
941
942
933
943
932
940
941
927
937
936
931
936
938
933
937
932
932
935
937
940
935
935
935
940
938
933
939
941
931
934
936
942
940
953
941
948
945
953
940
944
946
951
941
944
941
940
948
946
948
952
948
955
960
957
949
950
960
957
969
955
957
962
956
958
965
962
954
962
961
966
953
957
958
962
962
954
948
950
952
955
