895
895
897
891
892
893
895
896
895
902
894
896
897
899
899
898
899
885
893
899
892
898
895
903
902
905
908
912
910
912
909
907
912
908
905
911
906
912
913
913
912
905
917
919
923
913
923
918
918
924
922
917
924
917
922
919
916
919
923
918
919
918
924
927
924
924
919
924
922
930
932
929
931
934
928
930
933
932
929
934
937
932
932
931
936
940
931
935
930
930
932
937
941
942
942
942
937
941
941
941
946
951
942
944
943
943
940
945
942
938
946
939
946
940
947
939
952
942
941
944
944
935
946
946
948
942
944
943
945
943
946
947
944
940
943
951
950
942
955
947
954
952
945
956
948
956
957
952
952
950
955
956
958
954
951
955
951
960
961
960
963
958
959
969
961
968
965
966
963
965
968
968
966
967
965
973
970
969
969
980
978
974
973
978
974
973
974
982
964
971
967
965
978
973
970
972
977
973
970
966
972
964
975
976
974
981
976
972
976
976
972
987
978
977
981
985
978
981
987
977
983
984
981
977
979
983
983
990
980
981
986
976
982
984
977
985
976
984
977
978
982
976
974
974
971
980
968
980
979
985
983
979
981
979
974
978
978
970
970
976
969
971
971
976
973
972
971
979
973
979
983
978
981
979
977
974
975
979
969
979
978
973
981
981
973
980
978
971
975
979
980
981
978
978
973
976
979
977
977
978
981
982
990
976
977
984
985
983
989
982
979
987
984
982
980
985
986
988
981
981
988
981
983
983
976
983
978
981
971
979
979
979
979
979
973
984
976
973
986
979
989
980
984
978
983
986
977
983
982
985
983
983
982
981
980
985
980
975
982
979
984
985
984
981
987
982
988
986
992
983
979
984
995
991
