887
885
886
884
898
894
897
904
899
898
904
905
905
901
910
907
908
907
904
901
900
900
906
899
906
901
897
900
905
908
904
906
902
909
902
908
912
907
911
912
919
909
914
914
917
907
916
905
915
908
913
912
910
912
913
919
920
920
922
914
915
917
922
917
915
914
920
920
918
912
912
918
921
912
911
904
917
921
917
917
929
918
915
919
919
918
921
921
923
913
922
925
915
923
914
915
921
925
922
925
925
930
930
925
926
925
926
927
925
927
933
927
932
931
938
938
933
939
939
934
937
945
938
939
929
938
940
940
942
938
941
937
931
935
945
938
931
938
936
936
936
938
935
931
934
946
945
943
946
941
941
940
947
944
943
946
940
934
944
941
936
952
945
947
951
950
949
945
950
956
957
960
956
957
954
956
958
954
961
960
956
953
961
966
964
968
965
961
964
965
958
956
972
961
968
978
978
971
981
973
976
981
972
985
984
975
969
972
975
971
971
973
967
972
971
969
972
974
976
967
973
973
975
977
980
978
977
979
979
977
983
977
975
975
971
970
974
980
984
982
979
978
984
981
978
971
975
976
976
979
981
976
980
985
989
981
982
985
984
983
976
979
983
985
986
978
985
980
982
978
982
983
988
985
986
967
980
985
996
991
987
979
980
976
979
984
984
978
976
990
987
986
990
991
987
982
988
990
987
979
983
980
976
979
983
977
986
984
975
985
997
990
997
989
982
986
985
984
984
990
986
991
992
992
985
990
991
992
984
997
987
987
989
978
990
986
993
991
995
995
989
987
993
1004
992
992
992
991
998
993
996
993
994
996
991
995
996
995
992
994
987
996
989
990
991
992
997
991
994
993
1000
992
1002
993
999
999
998
1004
990
996
993
986
990
989
994
1003
997
997
1001
990
993
989
999
1004
1005
1001
998
989
991
986
993
993
992
987
998
996
990
992
998
995
993
993
990
989
991
980
994
994
994
993
988
992
996
1000
996
986
997
998
998
993
998
998
993
1004
