895
889
893
889
895
898
889
891
898
899
894
896
895
899
890
897
901
899
908
912
914
912
907
906
905
913
906
908
917
921
919
909
922
921
919
916
923
921
915
922
919
915
916
917
914
922
917
917
919
921
925
920
928
922
933
925
930
932
926
930
939
923
924
929
930
930
933
930
926
937
928
933
930
939
940
949
947
941
938
933
945
934
945
946
938
940
936
945
949
944
937
945
939
937
949
951
944
947
941
937
936
936
941
940
942
939
943
943
935
948
939
935
938
931
940
942
935
937
944
943
937
944
940
948
943
947
946
943
945
940
944
933
946
947
941
950
950
955
950
962
951
954
947
953
951
946
946
946
943
945
954
960
955
954
950
952
956
970
967
957
965
963
959
956
964
960
966
964
963
969
971
970
977
974
975
981
975
967
975
972
969
970
964
968
961
964
963
965
963
967
967
970
968
963
965
969
969
973
977
975
973
973
976
979
978
972
978
977
976
978
989
985
987
977
988
987
988
994
987
981
982
982
994
992
990
989
989
980
991
981
987
983
980
983
986
986
989
986
995
986
983
987
986
982
987
994
987
994
986
990
985
987
987
990
992
989
988
996
993
998
995
996
1004
998
995
994
999
999
997
1004
1002
994
996
996
1000
1001
997
999
1006
999
999
1003
1003
997
999
998
1004
1007
1005
1002
998
1006
999
1011
1007
999
999
1002
998
1000
997
1005
1000
1001
999
995
996
993
992
990
998
997
997
1003
998
989
995
987
998
999
991
998
997
993
993
992
994
990
995
995
999
999
994
994
999
1001
987
990
989
995
988
988
996
990
998
993
996
982
989
991
995
994
1000
992
994
992
990
997
993
984
997
997
993
995
1000
997
995
991
993
991
991
999
992
997
994
991
994
1007
995
992
997
1002
1006
994
997
991
988
994
991
993
995
999
991
994
990
999
996
995
994
995
985
994
998
983
999
989
