896
882
895
896
900
898
891
891
896
894
898
896
904
905
907
900
908
910
899
908
906
904
908
912
909
904
906
907
911
907
908
906
901
907
908
907
907
901
900
903
906
903
908
914
905
912
914
906
902
914
907
913
907
908
909
918
912
914
918
917
921
917
914
919
908
914
923
915
916
915
915
907
913
916
925
925
909
915
915
927
923
920
918
925
933
924
923
930
924
923
918
930
924
927
929
927
933
935
935
924
930
920
933
933
933
932
938
933
934
937
935
946
939
945
946
942
951
945
951
947
944
950
945
947
946
944
952
944
939
945
947
945
942
948
941
947
945
950
947
937
948
948
943
944
948
938
947
947
946
944
946
947
942
951
944
948
952
946
950
949
942
940
942
943
945
941
950
949
940
941
941
946
956
939
950
950
946
944
940
948
945
947
945
949
937
942
948
942
946
946
929
942
942
944
941
947
954
940
950
949
948
947
951
943
950
957
952
958
955
964
960
953
956
961
962
956
960
954
958
963
969
961
961
964
961
957
963
961
963
965
954
962
961
964
962
968
964
961
959
958
956
958
953
962
953
957
958
968
965
963
968
964
964
972
966
966
972
966
966
964
975
973
974
965
969
971
972
970
975
965
969
975
971
974
969
965
967
973
972
974
976
981
979
977
975
977
972
978
973
970
977
974
970
967
968
967
970
972
976
968
971
978
978
975
979
991
985
986
979
981
980
986
981
978
973
983
982
978
986
987
983
995
984
987
995
996
991
984
993
982
995
992
993
988
992
992
987
989
986
985
984
992
982
987
979
984
990
989
993
994
990
990
995
995
989
985
986
989
989
989
987
989
988
987
987
990
987
991
986
993
993
991
989
989
996
991
989
989
992
994
998
994
994
997
995
998
992
996
990
991
993
983
992
990
993
988
985
986
991
989
991
995
991
990
990
986
995
986
984
989
988
989
994
990
991
988
992
