886
895
899
903
904
906
910
905
902
908
909
913
913
912
908
918
912
916
913
906
908
911
915
921
921
920
914
912
909
915
919
923
916
916
922
916
933
930
920
924
919
926
924
921
925
927
923
933
926
934
926
932
929
931
931
932
929
938
936
941
935
945
938
943
935
940
937
940
936
941
942
947
944
944
944
943
947
950
944
944
948
954
952
947
945
943
936
949
947
942
947
950
942
940
937
944
949
942
938
939
946
938
947
937
940
939
939
936
933
935
935
929
931
926
937
932
933
941
936
938
930
929
936
933
937
940
933
931
936
935
937
937
932
939
934
935
939
925
927
934
937
934
933
935
932
930
932
932
935
939
941
946
949
947
942
948
942
944
949
942
941
952
946
947
950
945
941
942
942
939
938
945
948
941
949
950
946
940
943
944
946
951
948
954
947
954
944
959
960
949
946
951
941
932
944
941
946
946
952
946
943
946
948
950
942
950
943
943
942
943
945
945
950
943
944
945
949
950
951
948
945
946
954
947
959
958
961
958
954
958
952
950
950
950
953
948
943
948
954
945
945
947
951
945
953
954
962
951
948
952
945
955
948
948
950
947
955
952
958
948
962
958
963
962
959
965
971
959
962
957
956
959
965
966
963
962
961
961
958
972
964
956
961
961
954
955
965
958
966
958
957
962
959
958
960
960
950
956
953
949
964
958
955
959
959
962
957
957
955
965
964
968
962
962
960
968
970
961
959
960
962
968
958
965
964
961
963
968
962
963
956
965
967
963
963
956
960
958
958
960
962
958
964
966
967
963
959
966
968
964
960
959
965
953
954
955
948
