670
671
669
678
677
676
667
669
674
669
670
667
666
666
664
670
670
671
662
673
665
669
672
667
673
669
673
666
674
672
669
671
669
668
668
664
670
668
665
668
671
662
666
665
669
663
669
666
668
665
671
670
667
667
664
672
667
667
672
673
668
671
669
664
669
675
668
671
671
669
671
669
671
671
671
666
665
676
665
672
671
674
670
669
672
673
667
673
673
668
669
671
674
674
672
671
671
677
669
670
665
675
673
672
667
671
668
673
663
671
669
671
669
670
670
672
675
664
667
667
661
665
668
669
668
670
668
666
665
669
665
665
669
663
668
663
665
672
665
668
672
664
664
661
667
664
661
657
662
667
661
665
664
667
669
667
666
669
669
671
664
665
671
665
673
665
665
669
671
669
663
665
668
669
666
661
668
663
661
665
668
669
671
672
674
666
673
663
659
660
666
665
666
661
671
664
668
675
673
673
672
666
668
665
668
663
666
666
674
671
672
673
667
671
673
668
666
666
663
662
666
661
659
660
666
665
669
668
677
672
666
671
667
671
668
664
668
670
664
667
669
667
671
674
662
670
667
668
668
667
670
670
670
668
670
