662
672
663
672
671
666
665
670
670
664
673
673
670
677
670
670
676
679
667
665
669
669
672
676
674
666
663
664
663
666
667
657
669
667
661
664
666
666
667
671
675
669
670
671
664
670
668
671
666
666
669
668
672
669
670
660
661
661
666
668
668
663
668
659
658
661
663
670
666
668
664
668
665
666
662
669
671
668
670
667
666
673
667
668
666
668
669
668
668
668
673
677
669
674
674
670
671
668
668
674
669
664
673
672
668
670
668
669
667
672
672
673
675
667
670
671
667
666
673
670
667
673
670
673
665
667
678
670
670
673
666
674
666
668
670
668
671
663
664
669
668
674
672
669
667
672
673
670
672
672
675
674
681
670
670
672
670
674
671
673
676
670
672
672
666
669
669
669
664
677
673
672
667
670
668
673
676
671
668
665
670
668
671
665
667
670
670
674
669
666
672
671
663
670
669
665
671
671
671
661
672
672
672
675
675
670
679
677
675
678
675
674
671
668
678
673
669
671
667
672
669
670
672
669
674
672
670
672
679
668
676
670
672
672
671
665
669
667
672
675
671
669
668
672
670
674
672
669
668
665
675
673
