669
669
669
667
671
669
669
670
670
670
674
673
672
674
670
669
664
668
669
667
670
671
675
673
673
679
674
676
673
677
671
674
679
666
672
669
675
675
676
678
672
669
672
677
679
672
676
676
681
674
676
672
675
676
675
668
676
668
673
677
673
674
671
669
673
677
672
676
675
673
676
678
668
671
677
674
675
673
673
675
675
673
673
676
672
678
677
673
674
672
675
672
676
670
674
672
672
681
676
672
676
675
676
673
671
667
674
678
678
677
672
674
676
677
675
676
677
666
673
676
675
676
672
674
676
673
673
669
666
667
666
668
667
671
665
670
672
663
671
671
670
671
672
670
669
667
670
668
668
665
666
668
668
670
661
663
666
668
668
676
673
674
672
671
679
670
675
675
674
674
675
673
665
665
674
679
674
675
672
673
677
672
670
661
670
673
668
672
671
671
673
671
672
674
666
670
667
666
668
671
672
670
672
670
672
667
668
676
667
666
667
666
671
673
675
670
672
669
662
671
672
675
670
671
669
669
670
