664
670
661
669
669
671
667
672
676
672
667
665
663
665
666
668
666
673
666
665
669
669
674
671
667
663
675
666
670
668
665
669
671
673
669
674
676
665
673
670
669
672
673
669
670
669
668
672
679
670
672
675
673
671
673
670
675
670
672
671
667
664
667
662
666
666
667
668
669
670
671
671
667
666
672
671
666
667
677
671
671
667
671
669
672
670
676
674
672
656
668
664
669
665
666
667
667
670
669
665
670
669
667
677
669
673
674
672
669
675
676
676
674
675
668
674
670
676
670
676
677
676
677
674
669
677
666
673
669
671
672
669
674
672
674
666
666
669
672
666
672
669
667
667
670
673
668
671
667
662
660
667
672
669
670
666
663
670
666
664
664
669
666
669
667
662
657
664
666
667
666
663
661
661
659
668
664
674
674
677
675
676
679
674
679
673
662
676
673
673
673
671
674
671
675
674
672
678
676
679
675
676
678
680
680
676
674
682
682
680
676
681
680
678
675
678
674
673
678
668
673
671
674
