664
673
669
673
675
668
675
668
670
670
672
668
671
671
663
673
670
673
669
668
669
670
669
665
671
669
671
677
667
665
672
666
673
668
671
671
672
673
674
677
671
679
678
677
674
679
670
674
671
665
669
669
671
672
671
674
670
673
667
671
670
668
667
665
670
673
664
669
671
670
672
673
677
674
668
678
679
670
675
672
671
672
677
673
667
667
675
668
668
663
671
675
670
673
671
665
672
662
660
668
665
662
663
670
667
670
668
666
661
666
667
673
671
672
672
679
680
677
684
675
673
678
678
674
676
678
677
680
675
680
675
673
668
675
675
667
664
669
666
672
672
667
670
668
666
671
671
671
669
668
677
670
672
670
678
677
674
674
671
676
673
674
676
674
673
675
672
671
673
671
676
671
676
671
676
673
680
679
679
680
679
681
677
674
677
674
681
676
682
679
678
678
682
678
676
671
675
681
672
681
676
679
678
680
675
679
673
681
675
678
672
677
670
673
669
675
673
677
668
671
675
672
670
666
672
669
668
667
669
673
670
672
670
672
670
675
671
671
668
668
669
673
669
666
667
