881
882
883
882
887
894
889
887
886
901
909
897
899
898
891
900
900
892
895
908
903
901
898
905
910
906
898
903
903
914
900
911
898
904
916
907
902
898
898
893
906
907
906
908
903
918
906
908
910
914
899
897
899
908
899
897
896
894
902
915
905
913
905
914
892
903
893
910
913
898
905
913
914
900
908
915
909
912
907
917
917
898
908
907
905
903
916
911
906
915
909
906
911
906
899
903
911
912
924
931
924
912
909
909
911
911
916
910
922
911
913
907
903
909
914
910
915
894
912
895
911
895
898
904
906
903
897
902
908
903
906
902
903
906
896
916
914
907
902
912
900
908
903
902
912
914
909
920
905
904
899
910
906
897
910
917
908
907
899
905
901
921
914
910
904
911
916
911
919
913
912
917
908
926
922
919
916
919
922
916
908
907
913
907
923
919
913
911
909
922
923
916
912
924
920
919
910
908
907
915
909
909
904
918
916
909
906
907
915
915
904
917
901
915
916
912
916
931
919
924
920
911
914
910
906
912
909
911
918
906
921
927
921
922
926
916
924
898
913
913
906
918
918
920
913
917
921
923
919
926
918
916
934
931
938
927
930
925
937
932
926
929
928
918
919
914
928
911
923
927
920
908
923
912
918
918
907
906
917
915
915
917
908
923
919
911
906
925
914
915
916
912
907
926
920
912
915
913
918
917
918
920
912
922
913
920
910
905
910
916
908
922
907
909
923
924
921
919
925
918
927
921
916
923
918
921
920
911
923
920
919
924
935
926
931
925
918
919
921
934
917
925
940
924
924
920
926
925
922
932
929
932
928
930
935
934
933
925
930
927
924
933
920
917
932
929
927
928
931
928
930
927
913
918
933
924
943
932
928
941
934
941
931
931
937
941
937
938
936
945
938
937
940
921
929
925
921
922
919
937
927
918
925
914
952
935
925
927
923
931
937
936
931
949
930
936
945
937
924
927
928
929
935
941
921
917
927
929
931
932
922
924
915
920
913
915
918
923
921
927
918
930
920
926
939
920
917
928
922
921
920
931
918
940
934
927
930
935
936
940
935
941
940
928
947
947
944
945
925
943
930
933
924
928
934
928
928
936
919
934
933
942
940
939
936
936
930
931
939
935
931
924
934
936
927
927
922
934
