893
899
901
902
906
917
913
911
927
913
906
916
928
915
916
920
919
925
917
916
918
922
922
922
921
916
921
925
917
924
927
928
918
926
916
917
927
924
929
927
924
933
929
919
925
913
911
920
915
922
913
915
911
928
934
932
919
921
941
926
925
921
914
916
917
922
922
925
915
904
908
908
915
904
908
905
909
910
915
917
898
911
902
912
911
912
910
918
919
928
915
925
912
927
915
917
926
928
910
916
925
922
918
913
919
913
905
918
913
913
920
912
916
920
917
920
915
928
916
928
923
915
919
919
925
921
918
926
920
920
914
921
933
922
924
924
926
933
929
922
921
935
928
925
919
921
916
914
919
925
924
946
922
926
930
920
919
928
931
945
929
930
930
929
927
911
925
916
912
918
927
925
931
920
931
928
930
913
926
925
936
922
933
916
918
920
924
917
922
915
934
918
920
932
909
914
931
925
923
932
923
923
924
918
914
914
910
907
919
910
915
908
919
929
924
922
921
934
924
928
923
917
923
922
917
910
914
916
904
914
914
925
910
932
921
929
927
915
918
931
936
928
920
916
920
924
916
910
931
915
916
927
917
925
920
927
921
929
916
921
927
927
926
915
928
926
916
927
929
930
927
924
926
931
938
929
923
934
924
925
930
923
918
931
930
926
923
918
914
919
927
920
917
912
915
913
906
933
925
919
923
919
914
913
933
924
932
934
923
911
917
922
935
927
922
919
917
924
922
920
918
913
918
920
913
919
914
925
927
900
915
920
909
900
913
918
922
921
918
916
916
911
920
915
927
925
912
915
914
905
911
907
912
913
914
903
914
895
916
911
917
907
913
913
925
913
919
923
917
916
914
911
914
912
910
908
905
923
915
906
915
906
914
903
901
904
913
912
914
918
911
913
914
904
920
916
902
913
920
906
899
907
909
913
909
908
900
901
907
901
912
903
903
912
897
928
911
909
920
920
902
905
902
906
913
920
922
921
914
922
917
909
926
923
923
907
905
910
922
921
923
911
915
928
919
936
930
925
910
916
912
914
924
931
923
920
918
923
925
911
912
908
917
923
920
921
913
921
929
923
924
913
911
