883
899
911
894
906
903
905
905
899
906
898
903
909
916
908
905
910
899
902
907
915
913
918
909
918
922
908
913
912
904
916
916
915
924
925
917
926
914
923
908
908
911
916
916
905
906
912
920
924
930
924
926
929
926
927
918
921
926
914
915
926
923
923
929
929
917
929
922
912
922
924
924
912
922
926
924
920
925
926
931
924
934
937
932
937
933
937
927
934
923
926
913
927
918
918
923
937
918
927
923
921
930
934
934
937
928
919
912
914
915
934
923
938
935
932
928
925
929
929
925
922
926
930
910
912
911
913
910
920
916
916
912
903
916
923
910
918
928
923
911
908
906
911
909
917
912
913
915
911
917
930
931
917
923
926
927
925
927
911
930
919
918
922
921
920
921
932
922
929
932
932
918
920
935
916
928
918
929
930
926
925
922
919
932
916
923
920
922
914
912
900
924
914
911
912
916
907
904
908
918
912
918
908
904
906
920
913
919
927
917
922
907
922
910
910
916
930
919
910
906
923
909
920
915
895
920
915
913
926
914
905
917
919
911
919
900
916
911
906
912
919
902
913
912
899
929
921
906
921
921
916
917
914
920
917
913
915
922
918
926
916
909
922
926
928
934
922
918
921
924
916
924
918
917
922
922
936
921
935
940
928
942
936
939
937
935
925
924
912
932
928
922
922
926
918
915
935
924
925
926
926
923
908
918
934
928
932
933
938
927
926
927
925
911
937
925
916
931
921
922
922
928
915
917
910
906
915
917
915
916
924
916
923
924
919
921
906
903
911
920
919
912
915
909
909
910
914
917
921
916
916
913
909
923
916
907
910
905
912
909
907
919
908
908
916
913
914
921
907
925
921
909
905
919
905
923
913
909
905
911
916
915
919
911
910
908
920
907
913
903
903
901
912
906
914
925
914
924
912
910
909
900
894
909
908
908
911
905
914
910
918
913
916
915
924
909
906
917
912
912
917
