884
887
899
901
906
902
907
918
915
927
925
925
931
935
920
917
909
922
929
926
928
928
922
925
938
927
926
929
923
927
935
921
933
928
931
924
921
925
930
932
929
927
922
940
932
942
947
942
933
933
946
936
936
938
943
937
934
944
939
943
946
943
954
931
955
945
941
945
939
950
951
949
955
950
944
962
946
940
948
946
950
951
942
944
946
954
949
951
956
946
944
948
958
950
947
937
950
939
953
944
960
945
942
943
941
953
937
945
945
949
946
937
958
947
948
955
957
964
951
951
951
954
955
956
948
963
949
968
959
964
968
950
956
949
960
950
961
962
953
948
942
943
948
940
955
957
935
935
936
947
938
954
954
948
947
936
934
945
941
946
941
940
942
938
937
956
940
948
950
952
938
950
942
948
942
938
953
943
938
948
943
943
944
936
957
948
941
941
941
932
935
933
945
942
957
949
942
932
938
937
931
933
943
934
942
946
950
928
934
935
945
943
939
936
936
944
942
943
945
945
950
945
941
941
949
950
958
948
944
948
945
935
937
943
932
937
953
947
940
951
954
945
952
951
952
951
949
958
964
961
959
951
949
955
957
961
957
963
940
958
970
953
947
957
951
969
943
956
945
959
958
954
948
955
953
949
956
952
954
955
953
963
959
966
960
965
976
959
958
981
976
964
961
966
955
956
958
956
959
958
945
959
972
981
974
981
971
963
960
970
968
963
947
960
962
956
968
964
953
957
947
951
937
966
971
953
959
961
970
967
967
956
969
965
976
970
953
956
955
940
955
953
965
955
945
959
958
959
955
947
956
954
953
965
966
951
956
947
967
954
958
939
942
952
948
948
946
942
944
946
949
953
946
946
946
958
946
955
960
957
948
949
952
942
958
945
953
946
960
955
948
946
949
949
954
947
956
960
956
955
956
958
951
961
956
952
964
954
965
949
950
946
937
953
934
937
943
945
962
951
948
949
957
950
951
955
953
960
958
944
946
957
953
957
948
946
938
952
935
945
956
947
953
946
939
932
945
948
937
938
939
933
942
939
946
943
955
952
948
949
956
945
946
946
948
956
961
945
954
939
955
944
940
952
954
951
957
948
944
949
