877
881
885
891
898
881
902
890
892
887
896
888
893
894
889
883
892
887
900
903
889
895
901
898
903
913
911
901
904
893
911
900
911
910
911
910
904
891
881
900
912
897
904
907
905
898
892
895
892
898
890
900
898
889
911
899
901
892
893
904
894
896
901
912
900
922
919
913
911
908
919
923
923
925
909
915
918
930
929
929
928
925
916
919
923
923
913
899
916
903
912
918
914
914
918
904
907
913
922
915
918
905
916
917
919
921
924
921
923
918
923
916
919
937
925
920
913
912
913
901
916
921
912
919
909
916
908
916
920
933
925
924
925
924
923
922
922
926
920
915
926
920
923
916
927
917
910
911
916
916
903
920
918
915
916
921
916
913
923
921
915
923
925
928
924
911
912
916
928
918
923
918
913
904
925
915
930
913
914
913
925
912
905
908
907
904
917
909
906
917
912
912
916
915
926
911
922
913
922
916
914
911
921
926
938
923
926
936
923
923
924
932
918
922
924
910
917
908
917
918
920
917
921
916
931
923
926
925
921
923
929
924
932
928
922
921
930
909
911
918
913
912
925
917
922
918
919
920
922
926
919
925
923
916
907
924
919
912
911
918
925
922
916
924
910
916
918
926
927
920
912
922
921
911
921
917
908
914
907
918
904
924
913
920
912
901
915
922
915
928
922
917
934
928
914
922
932
928
930
924
926
922
927
921
932
920
932
926
932
932
931
930
937
943
940
935
929
930
934
926
950
933
929
928
934
929
930
942
929
924
924
935
935
928
921
925
922
925
929
931
930
912
929
938
934
934
925
929
926
922
931
922
913
929
912
931
925
924
933
924
917
915
930
918
923
937
930
930
920
930
924
921
928
928
921
918
938
931
933
926
934
938
927
935
922
932
921
935
925
921
931
935
934
930
931
928
942
932
935
933
920
934
924
925
926
923
938
924
928
928
918
945
948
940
940
934
923
931
931
936
924
938
925
943
947
937
933
934
929
932
927
930
924
927
931
933
935
926
931
926
930
929
932
928
933
922
925
940
933
944
932
921
927
925
927
925
939
924
924
929
930
926
929
926
944
935
938
924
933
935
924
931
929
