882
898
889
896
886
897
901
894
898
893
885
886
897
892
891
892
891
903
897
909
891
903
909
920
909
913
906
916
913
928
909
904
912
917
919
914
920
922
927
914
920
932
917
917
920
925
929
918
919
907
916
905
918
928
914
913
924
929
929
926
915
908
913
924
907
923
915
932
937
927
927
933
929
923
924
927
921
933
930
911
905
907
914
919
933
919
915
918
914
919
921
927
927
915
928
916
918
916
924
925
923
917
917
926
920
925
930
921
926
917
930
940
930
926
933
919
918
917
919
913
916
914
921
930
915
925
923
916
913
926
920
920
914
918
925
914
922
914
927
901
915
918
921
919
913
912
915
911
908
927
922
928
922
922
912
921
923
932
941
929
946
925
930
933
934
930
929
917
934
927
929
928
930
934
923
933
927
934
936
924
934
937
936
928
925
929
934
929
928
932
928
925
938
916
922
921
926
925
937
926
927
928
927
923
925
916
930
918
922
921
913
923
923
924
933
931
932
938
929
920
937
926
926
935
917
926
924
930
920
929
918
924
925
932
925
917
927
928
921
928
931
930
936
942
930
937
941
941
933
938
924
931
933
937
931
930
932
916
923
927
933
928
927
933
929
921
926
919
917
921
926
926
928
930
920
922
922
926
924
916
917
925
921
930
936
920
928
922
927
926
931
920
921
930
914
925
927
925
946
942
935
936
925
939
946
946
954
934
943
937
936
930
946
949
945
935
933
933
930
926
935
940
933
943
948
947
948
939
942
937
944
929
946
942
946
939
942
958
939
938
935
941
941
929
942
940
932
946
928
951
942
932
939
933
931
924
924
941
934
935
943
923
939
926
937
948
944
946
937
939
936
945
951
943
948
942
952
944
941
942
947
936
946
944
944
934
949
948
945
946
959
949
945
939
940
953
947
945
940
943
951
945
947
948
939
945
948
931
948
951
953
947
948
942
951
948
948
948
944
940
948
959
954
943
956
937
956
942
952
942
945
936
952
947
958
942
955
941
938
953
948
954
945
944
950
937
948
933
937
932
943
