878
880
881
883
893
892
889
897
897
893
896
881
881
897
891
888
892
883
882
890
890
896
895
902
899
902
880
886
888
892
888
884
895
901
884
898
904
907
900
893
899
897
892
897
907
909
896
909
906
898
904
901
912
905
905
900
900
902
909
910
909
907
906
911
905
915
907
911
905
912
919
913
905
911
912
903
903
907
913
903
906
909
901
898
903
912
909
906
910
901
904
904
913
901
904
914
909
907
898
917
904
908
908
906
908
909
904
900
898
898
897
905
912
906
914
917
894
912
908
915
902
903
902
914
916
912
928
918
918
909
920
926
920
920
920
917
920
917
909
918
927
912
925
920
926
910
915
921
915
924
914
911
921
909
912
915
912
902
910
911
896
917
908
913
917
906
914
911
913
906
900
913
918
911
916
913
917
918
915
921
915
914
916
919
908
907
907
902
901
914
916
911
917
928
917
898
904
909
912
917
909
907
905
905
908
916
916
912
918
897
904
903
901
904
903
910
906
910
901
908
920
913
916
914
899
906
916
904
908
907
909
896
897
899
913
912
908
899
907
913
909
905
902
905
910
904
909
916
919
918
909
909
919
909
916
916
908
914
922
923
929
921
922
920
935
925
918
917
916
915
912
917
916
929
917
919
917
914
907
914
907
919
923
920
931
923
920
919
912
913
920
907
914
916
924
911
916
918
911
914
911
913
911
920
909
920
919
920
917
912
913
917
918
914
920
918
909
915
920
916
918
918
926
920
918
926
914
920
915
919
913
921
917
915
910
917
917
915
920
917
907
920
917
921
912
915
909
912
913
904
908
900
915
912
905
911
909
909
920
911
905
908
897
908
901
910
909
906
901
911
910
904
910
910
909
912
916
909
909
915
913
911
916
914
915
922
921
915
918
919
912
916
916
916
925
920
917
921
912
909
913
910
916
909
913
913
913
911
910
913
916
924
920
917
912
917
923
918
918
923
915
916
919
929
924
915
911
915
913
910
918
905
912
908
911
904
914
912
914
911
911
915
913
911
915
