873
878
873
875
870
872
875
884
884
879
878
882
879
884
893
885
889
897
891
893
902
891
887
890
887
903
893
874
885
877
887
878
883
879
883
882
884
903
895
889
908
895
893
893
912
896
898
906
897
897
902
897
896
905
906
903
898
899
895
900
890
897
884
897
903
898
887
891
901
908
899
900
910
909
910
904
898
903
897
898
897
898
907
910
902
906
899
908
905
895
893
897
896
888
900
905
889
896
903
900
901
901
900
900
909
909
908
906
909
910
898
899
895
906
909
902
901
919
909
915
905
912
905
902
913
910
903
908
902
912
906
915
911
910
916
913
910
907
912
921
920
920
916
915
906
919
917
920
916
916
911
911
918
911
913
915
914
920
921
921
917
913
910
904
906
901
907
907
899
911
907
916
913
911
913
910
916
913
905
904
913
916
914
905
912
912
912
914
908
910
917
923
911
903
914
922
925
922
922
914
914
917
918
916
922
918
920
920
925
915
916
916
910
911
898
911
912
929
918
920
914
912
908
909
917
919
921
910
919
915
912
909
914
915
914
912
912
913
922
914
919
917
913
919
920
927
914
916
927
918
922
922
931
922
910
918
921
925
919
915
925
916
923
922
911
920
917
922
918
912
917
917
921
925
924
924
930
919
918
917
930
930
924
928
919
924
920
912
912
922
912
912
909
919
914
909
915
920
912
913
919
921
925
910
920
917
917
919
912
920
922
919
921
918
913
917
915
921
919
918
920
918
918
924
916
914
916
922
929
926
921
929
923
927
928
931
918
922
928
928
924
924
919
928
930
931
933
929
925
928
931
925
930
929
925
932
923
921
919
918
923
917
913
924
926
925
917
918
917
915
915
918
917
919
921
910
919
916
920
919
918
915
919
906
918
921
918
924
921
911
932
919
917
926
915
914
917
915
917
915
921
922
921
920
921
914
916
924
924
919
913
920
916
929
923
923
929
922
927
923
922
926
928
915
922
926
921
917
920
923
921
914
923
918
923
924
921
922
920
927
914
925
918
918
919
925
927
928
922
921
922
920
922
914
923
915
919
920
927
922
921
917
925
921
922
919
911
909
905
908
911
