874
874
884
886
882
884
885
889
884
887
885
889
895
889
901
900
898
908
905
919
919
913
912
922
909
916
910
912
903
911
904
916
919
915
905
903
905
921
902
908
920
915
905
917
906
909
908
911
917
916
903
916
922
919
899
899
915
934
916
900
907
910
916
912
915
901
914
929
927
914
909
927
922
929
924
917
924
921
918
911
925
920
914
913
927
911
921
901
919
906
911
903
900
903
917
918
918
917
911
918
932
927
911
918
913
904
914
919
912
919
912
923
926
916
910
917
904
904
903
898
904
914
926
915
918
906
919
926
907
904
915
917
910
931
923
918
915
920
918
916
923
930
928
930
928
929
931
926
910
927
921
919
916
917
918
927
923
923
928
913
926
924
926
930
935
926
917
917
925
919
920
916
919
914
916
917
921
917
918
913
912
910
909
921
922
922
926
925
932
925
938
929
924
923
923
917
916
918
916
918
915
915
926
915
924
925
924
928
921
923
925
925
913
918
926
919
920
916
923
918
908
912
915
928
927
925
923
906
914
910
908
913
916
915
921
913
906
917
923
925
924
929
924
927
929
928
928
918
923
924
923
917
916
917
926
914
926
920
917
933
928
914
937
936
928
917
924
922
927
918
926
925
912
915
921
923
936
939
927
930
925
926
918
919
919
919
927
927
923
918
934
924
926
914
920
924
931
930
913
924
922
915
927
932
932
935
922
929
919
919
920
931
923
924
925
919
918
922
921
924
923
913
934
924
928
915
930
936
940
933
914
928
924
914
915
916
914
919
917
918
918
920
923
917
933
936
923
932
919
916
922
923
923
915
915
911
913
916
907
914
914
921
919
913
911
926
923
913
917
911
919
922
917
918
918
912
924
914
923
927
910
914
918
915
908
923
921
917
920
922
928
916
917
925
914
918
926
916
921
921
922
908
912
917
918
918
913
918
913
900
914
910
924
915
915
911
910
933
934
918
920
923
923
920
919
924
920
911
928
928
914
910
913
938
917
916
901
913
904
914
921
907
914
911
905
920
924
908
911
918
924
908
909
913
915
927
916
925
916
915
912
918
919
921
918
921
924
922
921
918
919
939
935
926
921
932
943
929
925
929
937
935
930
931
925
929
928
926
929
936
924
926
929
926
929
