875
881
875
881
875
891
886
889
910
910
910
893
906
907
912
903
901
907
901
914
907
910
920
913
918
926
917
912
921
919
921
913
906
915
930
939
933
922
940
932
929
920
923
915
915
925
924
919
914
918
922
918
924
908
920
926
923
927
926
923
926
915
920
927
922
933
925
919
912
920
925
914
912
918
915
917
922
923
916
915
911
909
913
912
917
916
919
929
922
921
907
907
915
911
925
916
919
922
920
914
917
913
911
920
909
907
911
903
924
910
907
908
926
920
915
906
914
917
912
917
913
922
925
912
918
924
924
916
914
925
919
919
925
924
918
924
913
912
903
916
917
918
917
911
903
909
913
906
910
900
897
899
902
908
898
907
905
904
907
894
908
906
909
893
907
908
901
911
905
909
890
913
915
906
919
899
909
901
906
920
927
925
923
914
916
919
914
906
906
925
920
918
911
916
910
925
919
924
914
910
914
923
928
918
928
920
930
910
921
924
918
910
932
908
914
914
918
923
927
918
903
918
920
933
921
912
909
918
922
916
911
916
915
911
921
916
908
905
916
916
911
916
912
925
915
906
908
909
907
913
908
902
906
904
905
910
911
908
910
904
895
911
899
913
902
923
914
910
904
900
913
898
894
899
900
899
910
913
901
898
895
896
911
900
896
903
915
916
921
921
918
914
926
918
923
908
918
921
924
915
906
919
915
908
921
920
910
912
913
916
908
922
922
914
917
911
916
912
918
910
922
909
909
905
903
906
910
902
919
913
922
916
913
906
910
912
904
910
907
904
917
914
911
916
910
916
918
907
902
919
915
917
916
925
921
927
918
923
919
917
916
922
916
912
916
913
910
905
913
910
912
913
923
919
925
912
914
920
908
913
914
915
907
916
916
913
913
910
915
909
917
915
927
921
919
923
917
931
934
929
927
921
915
924
921
919
920
927
928
927
926
931
921
922
931
923
931
932
927
913
916
907
910
922
912
933
920
922
909
921
920
929
908
912
903
920
919
918
922
913
917
921
921
919
921
917
919
915
920
926
920
916
922
919
909
912
927
928
916
922
932
921
919
934
917
917
930
916
924
927
942
931
929
939
936
943
943
943
944
931
923
928
923
940
936
926
945
931
927
930
926
917
927
922
