873
888
890
892
899
902
899
903
889
896
899
887
886
890
892
907
910
888
909
901
900
901
905
909
897
888
903
893
902
890
908
907
907
910
912
925
921
925
918
913
911
930
917
917
913
911
909
920
918
908
918
920
931
923
925
919
916
924
912
925
920
917
914
929
918
924
920
922
929
923
922
920
913
910
916
921
925
909
926
910
922
926
922
910
910
922
914
910
923
923
913
920
925
918
924
916
910
911
911
908
924
931
927
920
918
920
914
924
920
912
910
907
913
911
907
915
915
921
914
914
902
912
915
918
910
910
916
915
907
910
912
909
911
903
915
911
903
917
907
910
920
914
916
913
910
906
916
903
909
915
906
899
904
913
907
903
896
912
909
903
909
909
907
916
917
898
903
904
909
923
912
917
908
902
907
900
920
913
905
894
909
911
924
908
913
902
906
901
916
913
914
917
921
919
913
921
914
905
910
916
916
925
924
919
915
912
922
930
916
915
905
912
917
921
924
927
926
917
927
925
919
926
922
909
907
911
914
926
911
930
927
924
921
929
923
926
919
913
924
906
913
901
914
917
913
904
913
917
914
919
909
923
910
915
932
921
918
923
923
918
913
928
907
905
919
915
904
904
914
916
907
924
909
924
916
922
916
911
906
909
919
906
910
916
914
908
918
922
915
913
919
925
923
909
906
912
919
917
920
924
921
922
915
919
929
914
927
925
926
932
928
928
925
924
936
926
924
913
927
923
923
924
918
918
926
920
923
925
933
924
917
930
922
926
922
914
926
935
933
921
918
939
932
928
927
929
923
930
928
929
929
928
930
922
931
926
936
929
921
920
933
915
912
919
920
925
926
921
922
923
918
923
924
924
924
915
920
919
915
918
916
914
910
918
915
920
914
912
918
903
909
912
906
921
915
917
920
917
921
920
918
912
913
909
910
905
914
919
908
915
923
921
905
905
909
909
904
910
904
904
917
921
928
923
919
915
921
919
915
927
917
921
917
924
932
925
918
913
921
922
920
925
922
923
919
