875
889
897
894
895
902
900
898
894
886
893
888
882
892
887
871
900
894
891
895
902
914
913
916
906
921
932
920
936
926
919
925
934
933
932
926
922
920
922
927
919
923
921
925
931
934
918
925
927
925
927
918
925
917
914
915
920
910
914
909
919
920
915
911
917
915
919
928
921
919
920
924
920
927
921
929
910
927
917
920
918
920
907
916
918
916
917
918
914
912
916
922
919
911
920
923
917
910
921
909
922
912
922
911
915
920
911
913
927
914
916
912
917
913
910
920
921
922
916
925
917
924
921
930
925
925
914
927
931
921
924
934
925
917
924
905
931
922
932
929
925
914
926
911
914
923
927
931
925
917
922
922
918
915
924
913
915
906
928
931
922
925
924
916
930
923
927
908
917
917
912
931
924
934
931
933
935
922
928
929
925
934
928
928
931
917
922
925
930
935
922
926
933
919
931
913
926
920
913
916
923
920
915
924
928
909
914
923
927
928
925
929
921
921
923
922
919
921
934
928
921
920
924
932
933
934
925
917
926
931
910
919
922
919
914
919
916
915
923
930
914
917
919
926
925
932
915
918
918
936
921
928
930
925
922
925
925
928
916
924
919
922
919
920
923
919
916
939
926
926
940
933
924
922
922
924
926
915
928
934
937
931
931
940
925
928
925
934
926
925
920
927
921
936
934
919
925
936
922
923
915
926
923
929
926
936
930
918
924
933
927
934
929
929
934
923
927
937
923
929
923
923
934
929
927
942
921
928
928
926
921
925
935
917
922
916
925
924
921
921
934
929
931
924
930
921
927
922
929
929
923
937
926
919
914
914
923
934
926
919
933
927
917
928
930
920
927
915
920
920
929
929
913
920
912
922
901
917
909
921
910
918
915
915
918
924
920
908
907
915
922
926
925
928
926
923
900
915
920
916
930
923
926
936
918
923
937
928
929
918
926
927
932
928
922
927
920
911
918
920
931
941
922
922
929
917
913
919
911
925
923
926
928
932
926
920
928
939
933
925
920
926
914
927
920
927
920
908
917
911
924
936
925
928
927
932
919
926
920
930
923
935
925
918
924
924
917
932
932
925
921
923
921
916
926
925
931
918
925
926
910
919
923
920
920
921
925
924
923
914
927
917
918
923
918
917
922
925
914
921
922
923
922
923
918
927
925
935
925
929
924
918
914
916
933
924
933
915
