873
891
898
890
890
891
888
891
893
882
889
890
882
889
890
890
892
893
894
897
887
891
891
899
910
903
906
904
897
898
902
897
895
900
899
892
890
897
893
900
894
895
897
900
900
905
914
891
900
900
898
901
902
906
903
903
906
903
902
910
917
914
914
908
905
920
918
914
921
909
918
920
919
904
923
917
910
913
913
915
915
912
913
914
914
912
910
914
920
909
924
919
917
918
914
917
915
918
921
920
912
911
921
909
913
911
918
913
915
920
915
909
909
905
908
915
910
913
898
903
916
906
910
913
913
905
911
913
916
920
915
920
915
920
916
921
927
922
920
921
919
926
920
925
919
933
930
933
921
920
907
916
916
928
917
922
913
913
923
920
920
920
921
918
921
919
919
921
931
936
916
931
932
932
934
932
939
944
938
942
925
932
940
929
933
918
931
934
931
941
934
930
933
930
925
934
935
929
930
921
931
931
930
926
927
930
923
931
927
929
927
923
920
929
926
929
930
930
934
925
922
920
919
933
925
919
922
917
924
922
932
923
923
928
922
925
923
932
924
925
928
915
922
920
921
915
921
921
924
923
939
929
923
925
926
929
931
936
928
928
936
933
929
929
935
934
928
935
933
933
930
930
928
936
938
934
925
931
927
932
942
918
925
934
928
929
922
928
928
927
926
929
921
935
922
916
935
935
932
929
939
935
942
933
935
945
936
937
938
931
938
937
928
929
927
926
923
937
921
927
922
933
929
928
926
934
936
930
934
933
927
936
934
935
944
931
923
932
935
943
934
944
946
949
940
932
933
934
936
936
938
935
934
945
939
940
924
938
932
935
941
942
937
936
937
933
938
932
930
939
941
940
940
939
931
930
922
935
929
935
924
933
929
937
932
935
933
942
945
938
942
935
945
935
938
943
939
935
942
947
935
932
922
933
928
941
926
932
928
932
918
921
937
930
938
927
934
918
940
935
938
938
929
929
933
940
934
935
932
930
939
937
936
930
933
940
931
937
931
940
944
942
951
944
930
939
