878
893
890
886
874
886
880
883
901
888
891
892
894
899
896
891
887
900
890
904
904
897
894
893
915
904
897
904
914
928
917
913
906
900
909
898
903
898
902
900
898
901
906
897
900
901
908
907
915
919
902
904
912
910
919
901
902
911
912
918
918
915
922
914
917
932
934
918
921
929
918
914
909
914
922
917
916
922
925
922
911
916
926
917
918
917
911
921
919
920
919
920
914
913
920
914
918
906
906
908
903
904
909
907
912
898
896
908
914
917
915
909
912
907
919
927
913
914
927
928
918
912
923
924
921
911
910
917
918
914
909
913
906
915
908
901
915
912
906
914
914
905
902
911
899
913
915
906
906
908
898
912
898
918
920
922
915
906
909
904
914
906
906
907
908
907
907
902
903
890
888
910
900
899
908
890
900
901
903
912
914
903
902
898
897
908
915
907
920
919
915
904
931
925
914
922
913
907
919
910
912
917
907
919
918
920
919
910
922
901
909
916
898
918
909
919
909
897
904
915
914
917
916
905
907
909
903
907
911
907
905
902
910
915
897
904
919
908
898
917
904
904
903
902
896
905
901
923
906
899
910
888
889
900
893
905
906
905
911
905
894
897
900
898
890
894
906
907
912
900
916
900
905
892
906
910
907
905
915
904
908
916
916
920
909
915
917
920
916
914
912
911
898
899
897
906
913
904
907
909
908
911
907
909
924
908
918
911
908
914
911
914
916
910
909
908
905
919
899
909
902
906
911
911
904
902
908
917
902
907
919
905
913
909
895
894
894
893
915
911
901
908
906
892
894
906
910
917
918
905
910
911
900
893
909
904
892
906
919
913
906
904
892
903
901
890
895
891
891
900
904
908
895
895
904
909
903
902
906
904
901
905
905
898
899
897
900
908
898
900
917
898
914
909
912
904
897
906
910
911
918
910
901
906
904
908
904
905
919
908
916
906
914
917
911
910
903
901
917
905
894
910
895
904
914
920
916
903
905
903
914
930
922
916
913
915
916
904
906
904
905
910
909
925
911
915
914
909
921
913
916
912
920
916
926
918
922
916
916
910
907
914
928
929
912
914
914
911
921
914
911
916
916
916
927
926
917
921
923
922
