877
903
904
883
889
895
880
899
900
901
901
906
898
904
902
899
896
899
903
899
903
912
914
888
917
908
916
915
915
918
910
911
914
915
905
915
905
906
904
910
893
907
903
901
898
909
899
909
920
903
914
909
897
904
908
912
915
907
908
918
913
915
913
905
908
912
918
929
910
901
910
910
905
909
912
905
906
916
906
901
907
904
903
902
897
912
909
922
895
897
903
913
906
907
915
916
918
901
907
906
914
931
911
918
927
910
921
920
912
916
918
914
916
918
911
921
919
921
906
909
908
905
915
911
913
896
902
905
910
895
916
908
912
920
931
925
922
909
918
908
910
919
909
915
922
919
916
921
920
917
933
915
915
910
917
917
914
922
924
923
916
913
894
917
917
919
921
908
916
920
921
913
900
906
925
915
915
924
916
920
919
915
915
914
916
921
917
916
922
921
930
922
917
923
913
929
926
921
918
911
905
919
910
911
918
919
914
920
926
918
912
910
917
917
924
923
915
922
930
936
934
942
928
936
928
949
942
946
935
933
934
927
926
927
923
925
933
926
926
935
931
936
925
932
922
933
921
926
921
923
920
933
929
930
931
925
926
926
926
926
927
933
936
926
920
922
931
928
928
924
926
938
941
940
940
935
940
927
923
926
923
939
938
925
938
931
930
931
925
933
939
930
949
942
934
941
933
935
939
935
935
932
935
945
942
950
938
937
931
933
933
952
933
948
934
931
936
960
954
936
936
937
936
944
944
940
937
939
941
940
928
922
928
929
935
941
932
928
933
928
936
929
920
916
920
921
912
926
921
924
919
919
910
921
924
929
915
916
915
916
926
920
914
919
933
914
913
922
919
926
938
926
928
934
939
939
927
917
926
926
935
938
922
931
930
934
937
946
929
932
923
923
925
911
921
909
919
920
930
918
925
936
937
929
933
931
929
927
929
935
935
928
916
924
923
917
924
910
925
915
918
923
917
934
937
934
922
922
923
924
926
918
929
916
915
925
918
922
913
912
913
910
918
905
914
926
916
