874
871
876
867
873
871
862
881
882
888
886
874
875
889
876
892
884
891
892
888
896
887
890
901
893
903
897
903
893
886
895
891
884
885
888
894
898
892
898
903
897
901
897
899
892
883
907
897
906
905
903
892
910
901
916
909
909
903
904
895
898
897
905
902
895
896
912
901
902
906
895
900
892
895
897
899
895
892
882
899
900
891
884
897
897
899
897
901
910
901
901
896
902
903
905
896
904
892
898
902
895
894
900
905
901
914
912
899
905
907
899
902
908
902
905
912
907
909
901
909
910
902
904
908
912
903
899
901
904
901
894
904
897
897
899
897
908
906
907
902
895
904
898
914
900
906
906
915
913
903
898
890
896
898
910
903
909
904
899
906
901
900
907
903
905
914
922
914
903
913
919
911
913
925
915
918
919
918
918
914
916
917
913
913
913
916
916
900
915
905
908
905
906
907
918
912
914
908
909
909
910
899
909
905
894
903
902
907
898
903
909
906
913
913
914
905
898
899
905
909
910
913
908
913
913
916
916
923
911
894
911
906
922
904
904
911
919
918
921
915
902
912
899
903
904
914
910
904
902
916
906
909
911
905
910
902
907
912
910
909
914
915
920
913
915
919
914
918
917
905
922
917
918
912
915
914
898
912
915
914
909
901
920
913
915
902
913
907
904
909
912
914
913
918
922
922
916
912
908
905
916
905
907
915
918
913
926
919
923
912
912
915
910
908
911
912
907
900
909
917
908
918
921
927
915
916
915
915
914
909
914
919
916
903
918
912
922
909
904
913
911
912
908
918
911
912
910
910
904
915
914
909
916
919
919
920
914
914
919
914
916
920
912
920
922
914
920
921
915
917
920
916
927
918
923
926
924
917
913
911
908
908
917
908
921
917
914
926
922
921
926
919
919
910
920
916
907
923
925
919
928
917
924
923
915
931
926
910
929
936
919
918
921
920
920
921
926
914
922
917
925
922
918
923
920
911
911
922
918
915
912
916
917
915
917
916
922
921
917
912
916
909
911
918
916
904
907
914
918
908
922
916
910
916
917
915
919
913
917
911
911
914
921
921
922
920
913
923
923
917
912
921
920
923
918
916
911
913
917
906
