871
896
894
889
884
890
883
899
910
904
899
901
892
893
910
911
910
906
909
911
908
911
904
908
909
909
909
910
903
897
902
911
915
910
905
892
904
906
905
902
907
907
917
911
918
903
905
914
909
919
909
908
904
902
904
911
913
909
909
922
909
912
917
910
910
918
908
914
908
925
913
915
912
919
912
911
909
918
914
898
903
906
919
918
918
920
916
908
907
900
907
916
906
928
917
908
912
914
917
909
910
914
918
910
910
912
922
913
918
915
903
897
896
912
910
914
915
916
915
914
921
909
907
916
913
908
913
899
898
896
915
914
909
909
896
914
903
915
914
910
905
900
905
918
900
909
919
909
909
912
900
906
910
905
910
912
896
902
906
913
909
907
908
907
912
917
915
926
922
927
919
906
909
913
918
916
919
919
918
917
916
912
923
919
924
915
910
915
922
920
916
910
911
924
917
910
921
921
920
926
915
916
911
928
925
931
906
919
928
924
926
925
913
912
924
914
916
912
917
928
920
925
926
920
913
925
918
908
928
928
916
918
919
905
919
911
929
907
919
918
927
915
908
917
920
922
924
928
920
925
920
931
928
942
929
934
930
926
929
917
917
929
924
915
925
919
927
932
938
932
928
916
924
927
931
925
920
922
927
922
919
930
928
920
920
932
934
926
926
934
948
954
939
941
933
936
933
932
929
928
936
936
935
922
923
928
928
933
934
932
931
931
928
921
917
931
935
928
926
923
932
934
929
940
934
931
933
945
941
938
950
935
937
936
931
929
928
933
927
938
929
934
945
932
943
946
935
943
944
934
928
937
934
938
928
939
936
932
928
935
938
926
925
928
930
928
931
931
935
926
927
932
931
932
928
933
936
928
919
922
920
936
923
930
921
931
933
924
925
918
935
940
931
916
936
947
933
941
931
936
930
928
934
936
928
927
926
929
924
934
938
924
926
940
935
942
936
939
932
934
933
933
937
938
936
940
943
934
947
961
932
930
939
929
940
922
931
928
933
952
944
931
937
940
936
946
946
931
941
949
944
943
947
937
943
937
944
931
935
942
947
946
952
937
932
