874
869
899
896
908
904
901
912
911
907
907
912
906
900
905
911
903
914
914
909
901
898
894
903
902
893
901
903
912
888
913
906
910
902
913
899
903
912
903
914
908
921
921
926
920
923
916
924
918
922
912
911
922
911
929
915
927
917
907
916
919
913
900
917
908
900
911
911
908
921
916
903
909
910
904
917
910
901
909
917
914
914
917
919
918
917
914
910
903
907
910
915
913
903
902
908
920
914
917
917
910
907
917
907
904
918
926
923
917
920
915
912
924
917
916
918
918
919
917
918
922
895
910
898
910
908
931
913
924
922
909
902
914
908
912
919
913
910
912
906
920
922
917
911
918
910
910
922
914
906
924
912
911
917
925
922
913
913
913
915
910
912
917
918
909
906
916
920
913
915
911
902
919
902
913
918
913
901
920
923
916
918
922
920
924
917
916
918
930
922
930
924
912
928
924
909
907
914
908
916
918
913
917
926
923
915
927
926
912
916
922
922
923
932
926
914
907
909
924
914
913
920
914
916
901
894
913
915
913
912
911
903
920
915
921
904
912
916
910
909
909
904
901
913
917
918
918
909
907
919
905
914
911
916
911
913
917
916
914
920
925
913
922
915
916
909
915
915
914
921
912
912
918
912
914
905
917
938
913
919
916
919
916
922
923
921
919
903
921
913
920
928
922
915
931
921
911
925
924
917
917
920
909
912
914
921
937
923
927
924
925
923
922
918
923
916
918
917
918
916
912
918
916
920
921
916
924
917
920
919
912
911
903
910
912
918
914
898
916
903
913
911
916
919
920
925
930
924
928
913
921
927
933
916
920
915
920
927
925
924
930
921
920
915
928
916
932
925
921
919
921
916
917
920
902
922
927
916
929
929
928
926
919
932
930
926
932
931
934
930
924
933
923
923
922
918
924
922
922
918
919
907
919
911
925
914
923
923
916
927
921
919
911
918
913
894
918
912
918
914
925
923
925
917
922
928
913
922
920
920
913
927
917
910
909
918
907
912
