880
883
881
883
886
884
896
886
881
882
897
899
884
892
895
895
905
893
889
900
899
900
904
900
903
904
909
914
901
909
911
913
912
910
926
912
910
914
923
915
915
911
909
913
900
906
920
908
917
917
922
919
913
917
905
903
907
904
924
919
911
925
906
911
914
900
908
917
913
913
910
907
917
917
910
924
919
917
919
914
913
925
931
927
919
928
921
916
919
907
913
907
923
909
918
924
928
927
916
923
913
908
914
927
916
915
922
918
914
922
915
922
917
918
929
926
938
926
936
928
932
923
939
930
923
923
920
935
922
915
921
909
933
927
931
928
925
912
919
916
920
920
921
922
922
911
916
913
914
908
902
915
923
914
905
919
916
918
917
916
911
907
922
920
912
920
920
913
910
917
922
926
929
935
920
913
918
913
915
922
922
929
920
917
923
927
921
913
903
919
916
913
907
924
917
906
910
920
927
923
912
916
908
920
902
917
912
917
913
922
920
902
905
919
925
918
927
928
928
918
929
926
919
920
924
937
918
924
920
938
932
931
939
944
932
928
925
919
934
926
919
927
929
926
926
922
920
929
914
927
920
935
928
912
924
924
928
921
919
924
917
925
912
918
921
909
907
907
928
923
920
923
920
917
909
902
911
913
901
912
917
904
903
910
912
914
901
919
911
907
907
911
920
928
916
919
917
919
920
914
915
912
922
922
921
910
914
916
903
898
905
917
914
909
912
916
906
913
914
904
916
919
926
923
930
920
920
924
930
919
920
919
918
911
910
905
917
927
924
921
903
917
930
929
929
923
913
926
916
916
910
926
925
929
915
916
924
913
901
929
922
920
911
910
911
918
919
910
911
902
911
917
912
912
911
913
914
929
912
920
907
915
915
907
910
915
918
915
920
919
903
910
915
921
906
903
913
910
906
930
917
912
926
924
926
924
916
926
920
922
914
908
920
922
929
934
922
933
924
931
920
934
912
908
915
919
930
922
918
917
918
913
920
927
921
927
933
