885
887
889
898
893
900
891
895
898
902
893
890
893
890
896
904
901
899
900
902
915
904
905
907
904
909
918
919
903
899
907
904
912
908
901
899
902
903
908
907
908
898
901
905
895
912
913
904
905
915
914
907
890
906
899
892
903
907
908
905
914
913
918
926
933
924
925
922
926
914
914
921
912
903
926
920
927
932
930
921
913
920
907
915
908
913
900
909
908
911
909
905
904
905
909
903
909
902
902
905
907
912
903
912
903
912
911
911
908
910
914
914
913
907
910
907
920
918
911
921
919
922
927
919
925
927
909
919
924
926
925
928
916
911
918
916
913
915
912
912
914
909
908
915
917
922
910
907
916
914
920
903
922
902
914
922
923
913
913
906
898
901
913
915
916
920
919
915
908
916
907
917
913
915
906
918
909
917
913
920
917
927
914
915
922
926
925
921
922
926
917
919
914
914
934
926
929
925
922
922
923
924
931
922
938
928
932
932
916
924
927
924
921
920
921
911
926
913
921
915
919
929
930
917
915
930
919
923
927
915
921
934
916
917
912
907
920
912
917
913
923
919
929
909
912
912
912
907
918
920
917
918
920
913
914
911
904
907
910
916
908
905
911
916
916
905
906
911
903
923
916
911
898
917
913
907
898
897
911
907
908
917
919
923
918
911
909
909
914
918
910
919
928
910
917
910
911
917
917
920
916
904
911
918
921
906
905
912
911
923
909
919
903
932
923
923
922
907
921
905
912
906
900
915
912
914
919
912
921
909
921
921
922
929
922
921
924
918
924
931
928
930
941
933
923
921
918
914
918
916
923
916
925
912
911
921
915
926
931
917
931
921
919
926
931
928
936
928
929
929
929
931
924
928
920
925
909
922
931
930
926
932
924
935
918
920
895
925
909
906
907
917
927
913
901
909
915
917
922
922
928
924
924
928
924
917
925
918
929
936
925
930
929
924
926
926
912
919
922
927
920
925
925
917
929
924
920
924
918
915
932
923
922
925
921
918
917
931
924
933
926
925
913
914
928
913
927
919
918
915
919
916
913
921
911
925
916
922
916
922
924
915
913
920
916
924
923
921
912
920
922
916
