671
666
674
676
669
668
666
671
672
667
671
680
680
673
673
673
664
668
668
668
676
671
675
676
667
674
671
663
672
662
665
666
666
667
667
668
661
669
673
672
674
674
679
673
674
667
671
673
670
672
670
671
672
672
674
675
675
674
676
671
670
671
667
675
669
670
661
671
672
673
673
673
675
670
669
673
672
679
669
677
667
671
675
671
674
675
673
673
675
678
671
670
669
673
675
675
672
673
671
673
674
679
673
674
680
676
676
677
679
674
671
673
670
670
668
673
671
663
673
673
670
673
668
671
672
676
676
677
675
676
674
678
675
679
677
670
676
678
677
672
677
672
676
674
671
666
675
671
667
663
670
670
673
663
668
663
666
662
674
671
669
671
671
663
663
662
664
663
668
664
666
667
671
667
668
668
666
664
668
666
666
665
667
669
666
667
666
672
665
664
671
667
663
665
671
674
666
664
666
667
667
664
667
663
667
667
661
668
667
669
667
664
674
670
664
670
669
677
672
671
669
668
667
672
671
661
663
673
666
676
666
669
676
675
674
