668
669
672
667
669
664
670
672
674
668
673
673
665
669
667
667
673
674
669
669
671
669
671
670
673
667
675
669
670
667
672
670
669
667
668
667
672
672
671
664
668
669
672
664
670
668
676
667
666
669
678
673
673
676
671
662
670
669
670
668
675
671
673
675
676
664
664
672
663
665
663
663
664
667
665
663
667
670
667
661
670
671
661
664
666
672
672
666
671
668
670
669
677
670
676
671
670
675
673
670
673
676
668
671
676
669
667
667
670
672
673
671
668
668
672
660
670
672
655
666
671
668
669
670
676
671
673
678
672
669
664
674
668
671
674
668
666
673
673
674
673
674
672
674
676
672
673
668
675
675
670
667
675
675
672
668
674
671
669
665
669
669
669
665
668
667
668
674
667
669
668
666
668
663
672
670
674
673
667
674
668
674
671
667
665
666
669
672
675
669
666
669
672
674
674
674
671
664
668
672
672
673
673
671
676
668
677
676
675
674
676
673
675
675
675
672
672
670
666
672
672
668
666
672
668
671
669
671
672
662
665
671
673
666
667
668
663
671
670
669
672
668
