668
669
675
675
666
673
672
674
670
676
670
672
668
670
677
673
669
674
674
674
673
667
671
674
667
668
672
672
670
665
676
669
671
674
663
675
668
674
669
676
673
671
669
677
669
675
668
666
675
674
675
675
671
669
675
670
671
676
675
664
674
672
666
671
669
669
676
675
669
670
672
679
674
672
673
671
672
673
671
665
672
664
673
672
676
673
669
672
674
672
673
665
665
667
671
673
677
670
674
676
680
678
672
677
675
672
671
680
679
676
676
679
674
674
677
666
677
671
671
675
667
669
667
674
669
667
676
673
671
674
674
670
666
674
667
674
671
677
682
673
673
676
673
670
673
673
675
672
678
671
674
673
675
670
664
664
674
671
673
671
673
669
671
672
674
675
667
670
674
678
673
673
678
673
671
666
672
666
673
663
673
669
667
674
670
669
675
670
674
671
673
672
673
666
666
667
671
670
676
667
671
670
677
672
673
669
669
680
672
669
677
668
671
672
678
676
676
675
679
675
671
674
678
675
676
674
677
669
678
678
675
677
675
670
677
677
676
670
668
673
