666
666
669
669
672
670
675
676
672
669
666
672
671
672
678
674
670
672
671
668
676
667
676
675
680
676
673
672
674
673
675
672
669
671
671
673
668
675
674
667
667
672
662
674
674
669
669
665
670
669
673
667
666
662
663
668
672
667
669
664
664
665
668
672
674
672
674
668
672
669
665
675
673
676
673
675
668
667
679
675
673
675
674
676
676
673
669
665
672
675
671
664
671
670
665
673
672
673
674
680
671
675
657
669
667
668
666
671
667
660
667
671
668
665
664
676
675
678
675
672
669
676
675
674
679
673
673
677
672
677
677
679
678
677
678
675
670
673
674
677
673
674
672
674
673
671
673
672
680
678
677
676
669
674
674
675
675
677
676
677
680
674
678
674
677
675
679
677
678
678
676
673
675
669
671
670
675
669
673
667
676
670
670
670
677
677
671
674
671
669
671
674
671
668
670
669
669
675
674
665
672
669
674
674
671
675
671
673
671
677
675
674
678
679
671
671
674
679
676
670
668
671
674
675
670
676
674
672
676
677
670
671
676
680
670
673
675
673
669
676
674
675
674
674
676
678
676
