665
672
668
663
667
666
667
674
676
665
675
681
671
675
674
671
676
674
678
674
677
671
670
676
680
674
676
674
678
673
673
676
672
670
674
674
670
671
675
675
677
673
675
674
674
672
670
668
673
675
675
674
674
670
670
675
673
669
666
671
673
674
670
673
665
672
664
672
671
675
670
669
679
673
679
675
675
672
672
669
675
676
676
678
676
679
682
671
679
675
679
675
676
667
674
669
668
674
676
674
677
670
672
676
674
672
673
677
669
669
670
675
672
674
676
675
675
670
675
673
677
676
673
675
668
672
676
669
675
672
672
680
677
674
674
676
676
669
678
675
672
673
674
668
675
671
671
675
674
673
670
667
671
673
675
670
669
670
672
670
671
677
679
677
676
675
676
679
678
683
678
672
676
673
677
672
679
679
675
670
675
677
675
676
664
676
675
671
680
679
678
677
681
678
669
676
667
666
670
672
667
670
669
672
666
674
674
676
670
672
671
673
670
673
669
670
675
669
668
671
671
668
677
671
679
679
674
670
666
671
675
671
672
671
672
676
675
669
671
674
672
667
672
673
672
668
675
