502
503
498
502
503
499
503
501
497
499
499
503
504
500
501
502
500
503
500
504
496
499
503
496
496
502
496
501
500
497
502
500
500
503
503
504
502
498
499
500
497
498
497
501
501
498
496
500
498
501
496
501
502
502
502
502
498
496
501
495
500
498
501
498
498
498
500
499
501
502
501
500
502
502
499
498
499
500
500
499
500
499
499
498
501
501
501
502
502
500
499
500
498
503
500
496
501
500
497
498
498
501
498
498
501
501
501
499
499
499
502
494
502
500
502
501
502
500
503
500
500
498
501
498
501
503
500
498
499
502
500
498
501
503
498
500
502
493
500
499
501
499
501
501
499
493
500
495
499
499
498
495
497
501
499
499
501
491
498
502
496
500
501
500
502
502
502
500
502
501
499
498
499
498
501
503
501
501
503
501
501
499
499
498
501
501
502
503
503
498
502
501
501
501
500
500
500
501
502
503
503
501
500
500
501
501
503
501
503
502
502
500
499
494
504
498
499
497
501
500
498
498
498
500
501
495
500
501
499
502
498
502
498
498
499
500
502
502
498
501
501
500
500
501
499
499
500
495
498
501
502
502
500
