503
505
501
502
496
496
499
498
497
503
500
501
500
498
499
499
498
504
499
504
498
501
500
497
501
497
503
500
502
503
502
501
500
501
495
500
504
500
503
502
501
499
503
502
505
502
501
502
498
498
499
501
503
502
498
503
505
503
500
500
499
500
501
502
508
504
507
506
507
502
503
502
498
504
504
504
507
505
505
504
505
507
504
503
503
502
506
505
504
503
504
504
504
505
504
507
502
507
507
500
504
504
505
504
499
504
502
505
502
506
502
501
506
503
506
507
504
508
508
506
504
503
504
499
504
503
505
503
505
503
500
503
506
508
507
506
503
507
503
507
497
508
504
506
506
507
507
507
507
505
506
502
505
503
504
505
507
504
508
503
505
504
505
501
499
506
507
505
503
502
502
505
503
505
508
505
506
505
506
507
505
507
502
505
506
505
504
505
507
504
498
504
506
507
502
505
508
507
506
504
505
505
507
508
504
505
508
512
509
505
508
513
507
508
508
510
509
506
511
513
511
506
509
509
510
508
508
504
508
508
504
508
508
505
509
507
507
510
507
507
507
504
507
509
504
510
505
508
509
506
504
507
506
