497
501
498
499
501
502
501
498
501
501
501
499
503
500
500
501
498
498
502
499
496
499
499
502
498
504
504
504
504
500
497
498
500
500
499
503
499
502
504
502
503
500
499
503
502
497
503
502
498
501
501
500
497
500
500
499
496
502
500
499
501
501
504
501
502
500
498
498
501
500
500
501
503
500
502
501
499
501
499
498
501
499
501
496
498
501
501
501
497
502
502
499
501
498
499
500
499
498
501
495
500
498
503
500
499
499
500
501
496
500
498
496
495
498
500
498
500
499
499
500
499
498
496
500
500
500
499
500
499
499
499
499
496
500
499
498
498
499
500
495
501
498
499
499
498
502
500
498
496
501
495
499
496
503
499
501
497
498
498
495
500
500
501
499
501
499
500
500
500
500
500
503
501
501
501
497
502
499
501
498
498
497
502
501
500
500
500
499
497
502
500
501
501
503
499
503
499
498
501
503
501
499
499
498
499
502
496
501
499
501
499
496
500
502
501
499
503
502
494
502
501
502
498
503
503
503
503
501
503
501
503
503
504
503
502
500
497
503
504
501
499
503
497
503
502
503
506
501
505
501
503
504
504
