589
597
592
590
595
591
592
589
589
591
581
586
584
590
585
594
586
590
593
595
597
600
602
608
605
595
606
602
605
600
600
609
602
603
606
607
610
608
599
604
599
597
592
599
599
600
600
594
596
593
597
589
596
602
595
591
593
591
599
594
589
592
587
592
590
595
600
594
595
599
596
598
600
598
598
593
589
596
597
596
596
594
590
595
592
595
596
599
594
595
593
596
592
591
593
590
595
594
593
596
596
600
600
597
592
598
600
597
597
596
598
591
599
593
592
590
594
598
595
594
597
594
594
600
595
600
595
596
598
597
593
596
597
597
596
599
595
596
592
599
597
597
595
598
591
594
607
603
600
599
598
601
596
593
593
599
598
600
607
611
608
603
610
607
607
613
610
613
608
608
605
608
606
601
605
600
604
602
607
603
600
607
602
604
605
605
603
603
605
599
599
601
588
602
596
592
597
595
599
594
591
597
603
601
592
602
602
596
597
598
602
604
597
598
603
602
605
603
605
609
608
610
601
604
595
602
601
602
601
598
597
602
601
600
602
602
599
605
603
603
604
598
603
603
601
595
602
601
606
605
604
605
600
609
609
610
603
608
610
619
616
611
607
599
594
