590
590
594
591
592
601
598
599
600
595
591
589
591
588
588
587
586
587
591
596
593
590
585
585
582
583
594
586
589
587
590
589
584
581
579
581
584
581
588
591
595
588
592
594
594
599
598
605
602
583
590
587
590
583
588
584
587
591
588
591
588
582
581
580
588
592
595
592
594
587
595
590
602
597
599
593
595
601
599
609
599
599
598
603
599
604
600
598
603
606
600
597
595
598
599
604
592
599
598
596
596
593
595
601
602
612
600
605
603
604
596
595
596
601
604
595
596
594
595
602
595
596
602
601
595
605
609
604
600
597
607
602
597
601
601
599
595
602
607
594
604
603
605
595
605
607
606
603
607
607
605
604
608
610
602
609
609
608
606
600
597
605
606
610
599
605
607
603
603
602
607
608
603
605
601
607
608
606
606
603
605
610
609
606
607
609
608
606
607
607
599
606
604
602
600
601
600
606
604
608
601
602
601
598
598
604
594
600
601
604
596
606
607
609
611
609
612
611
611
602
603
602
603
605
605
605
611
603
602
603
609
613
601
603
607
608
609
604
598
597
598
608
604
602
600
596
589
593
597
596
602
601
599
598
597
592
591
593
588
597
