593
593
596
589
596
602
595
589
589
594
593
592
590
594
593
592
582
588
591
586
586
589
582
589
593
593
592
592
594
588
598
599
598
596
589
600
594
597
603
598
596
600
594
592
596
595
591
593
589
588
595
587
584
591
584
596
594
584
584
587
599
600
594
594
599
600
594
597
598
597
589
591
591
588
584
590
595
596
593
595
593
592
591
594
596
594
594
593
592
593
593
602
606
596
597
599
603
603
606
593
597
593
598
599
605
599
597
606
602
603
602
601
601
599
610
609
606
593
604
598
599
597
603
605
601
599
595
599
600
598
599
601
598
602
596
602
603
605
599
600
601
594
600
603
605
597
595
597
600
596
596
603
599
596
603
597
597
593
600
602
601
601
597
598
600
600
598
599
594
604
602
608
602
604
597
601
605
597
595
593
594
593
596
594
598
596
598
594
595
589
587
599
600
598
594
601
600
600
596
602
603
608
602
605
600
600
597
604
605
605
602
609
597
596
599
599
600
597
598
602
601
604
607
609
609
613
607
602
605
607
608
612
609
609
611
611
607
604
601
598
603
606
606
603
606
600
605
606
611
605
605
613
605
605
608
613
603
