590
581
584
590
588
581
585
593
593
592
588
595
597
596
594
601
597
598
598
598
600
596
595
604
600
600
590
596
597
590
595
593
602
591
590
592
603
592
601
597
602
600
600
600
605
609
604
597
605
612
612
609
599
600
604
605
600
605
604
609
596
600
593
596
603
601
605
610
601
602
605
607
606
609
606
608
609
610
613
605
605
605
605
607
606
607
604
609
600
604
606
602
603
611
610
604
600
608
607
609
606
606
604
609
606
608
607
596
604
601
594
592
594
594
597
593
592
583
596
597
591
594
597
595
601
609
603
596
602
601
602
604
598
606
601
603
604
598
603
605
600
598
602
600
598
599
605
602
600
606
602
605
600
597
601
604
602
596
595
594
593
595
602
594
600
598
603
593
604
598
591
600
601
601
599
594
603
604
600
597
599
600
594
594
595
601
603
598
605
601
598
606
602
608
602
603
610
605
607
605
607
600
601
605
610
609
601
610
608
601
604
603
604
598
598
607
603
603
607
605
601
607
608
603
605
614
618
614
612
603
605
610
604
599
606
607
607
607
603
609
608
595
600
603
596
600
596
602
608
601
609
602
595
599
608
610
601
609
608
606
605
607
