588
591
588
584
586
599
595
598
593
595
593
594
595
589
593
589
593
594
594
590
593
591
594
597
598
602
598
596
592
602
594
589
591
599
593
597
597
595
592
592
600
603
595
591
593
596
596
591
592
593
597
595
591
594
600
605
602
605
600
604
599
597
598
598
590
594
597
595
598
595
589
589
583
584
588
584
584
585
584
584
589
592
587
592
583
598
603
600
597
601
599
598
587
593
594
597
594
591
591
601
594
595
596
595
595
602
597
593
591
595
592
590
599
597
596
596
594
600
600
602
598
603
606
600
598
599
600
604
602
599
601
603
602
595
595
593
597
595
596
588
593
590
586
589
596
594
600
596
593
589
584
591
591
588
592
591
592
593
591
591
590
598
592
598
596
591
590
590
591
601
596
593
598
599
599
602
597
596
596
590
599
591
590
592
595
593
604
588
599
591
599
592
586
595
596
595
594
596
594
595
586
592
594
583
592
592
591
594
596
589
591
597
587
595
594
601
594
593
603
592
596
598
592
600
602
612
604
602
605
604
605
600
594
601
607
607
599
604
604
608
605
605
614
604
604
606
606
605
598
597
607
596
602
608
605
598
599
594
594
597
596
601
597
592
594
598
594
588
598
595
595
589
587
591
592
587
587
588
594
592
594
594
