498
503
506
507
510
503
506
504
504
508
503
504
507
505
500
504
501
506
504
504
506
500
508
509
506
503
507
507
505
507
505
504
504
507
507
503
510
508
511
509
514
510
510
511
511
509
510
510
510
512
514
511
510
511
506
505
505
505
511
511
512
508
510
510
507
509
509
507
507
507
508
510
513
504
505
506
508
513
511
510
514
507
507
507
506
510
511
509
509
508
503
509
506
506
507
508
506
506
502
506
509
502
500
505
505
509
506
509
508
506
506
503
505
506
505
512
506
509
509
505
505
506
508
506
504
501
509
507
505
506
507
507
506
503
511
505
509
510
505
504
507
512
510
507
507
508
506
511
507
507
513
503
509
509
509
504
508
509
511
509
505
508
511
509
510
513
507
509
508
513
510
513
510
513
508
511
510
510
513
511
508
511
509
512
506
505
509
505
510
506
511
507
505
507
507
505
510
508
510
508
507
507
502
511
509
509
512
512
511
507
508
507
506
508
505
510
507
508
508
508
510
506
509
511
507
512
511
508
511
508
508
510
509
512
512
511
508
512
509
514
509
512
511
513
509
511
509
515
510
514
507
511
511
