507
510
511
511
523
522
523
528
535
538
531
529
531
534
536
546
543
545
535
539
537
538
536
539
531
530
534
539
538
531
536
537
544
545
543
550
552
548
550
546
544
542
542
547
547
544
549
553
551
553
552
544
543
543
547
549
538
537
540
542
547
548
544
544
545
549
534
534
537
533
533
543
543
544
537
544
537
538
536
542
537
544
541
544
529
542
539
545
541
543
540
539
544
540
536
544
542
534
539
541
544
544
549
548
541
535
531
541
540
539
538
540
538
537
540
536
545
544
543
533
541
533
539
535
543
535
538
545
541
536
547
541
543
544
550
542
542
547
549
544
551
548
548
545
543
540
545
547
551
540
549
547
542
547
539
548
545
549
547
549
547
543
548
545
549
548
541
537
550
540
542
540
542
545
542
540
535
537
548
544
544
547
542
535
546
541
540
537
531
538
539
541
540
535
539
542
538
541
531
537
544
544
547
541
537
546
539
541
540
540
535
548
546
542
541
543
542
546
538
533
536
541
539
544
535
543
546
548
548
546
552
540
533
538
544
539
547
543
542
538
540
546
534
540
538
535
536
539
538
541
542
545
546
544
537
539
542
541
538
540
540
540
544
541
549
538
540
537
543
535
541
545
536
539
533
531
536
542
537
537
540
540
534
