504
513
529
526
533
531
526
531
536
533
540
538
537
535
532
532
538
531
530
526
534
538
536
531
531
533
533
527
534
532
534
534
531
534
534
540
536
534
537
536
540
534
545
544
537
550
543
543
538
539
543
545
547
553
552
546
548
547
543
542
542
551
546
542
537
546
536
542
537
541
549
546
543
537
548
542
539
548
541
543
538
545
538
531
539
532
536
537
534
530
531
528
545
539
539
540
532
536
531
536
532
542
541
541
542
545
537
542
541
541
546
545
543
546
548
550
553
543
545
546
545
550
545
545
543
543
544
550
544
548
544
540
543
539
541
537
536
539
539
539
538
539
534
537
535
532
532
536
537
536
533
538
535
537
537
537
534
537
536
534
542
538
544
546
541
549
548
553
547
550
546
548
546
545
547
547
544
544
552
544
545
543
549
540
540
545
540
541
547
548
548
543
535
537
537
539
533
537
540
538
543
540
544
539
541
547
544
549
546
544
542
542
546
545
543
542
547
543
541
540
541
534
540
540
536
542
544
545
546
539
541
539
547
537
546
550
542
543
541
538
543
539
535
539
540
540
540
538
543
544
546
540
549
537
541
544
542
544
546
544
540
537
535
543
537
539
536
538
542
542
542
545
546
547
543
551
547
546
545
549
550
544
545
544
548
550
