502
524
527
527
527
522
527
535
533
532
525
538
532
530
532
530
538
527
535
537
539
532
539
531
537
538
533
539
537
542
538
541
536
538
542
538
544
540
538
539
532
534
534
532
538
541
543
545
546
539
537
546
543
548
544
544
540
547
540
545
544
550
544
547
543
547
544
546
553
545
553
547
536
547
549
543
539
538
538
545
547
546
541
542
543
536
543
543
536
541
545
539
540
550
546
545
548
546
539
546
543
547
549
552
550
546
550
548
541
542
551
546
550
548
545
545
550
550
545
547
545
541
541
547
539
544
541
544
549
547
546
546
545
541
538
535
538
543
535
535
535
538
534
532
529
541
532
533
536
532
534
539
535
531
534
539
543
540
552
550
553
551
553
554
553
550
553
550
543
550
539
545
547
548
550
548
554
553
547
544
554
550
542
550
543
545
544
550
546
545
541
538
542
547
547
543
544
543
544
541
543
546
536
543
541
548
549
544
547
545
544
539
534
546
545
551
552
548
544
543
540
548
547
553
545
545
546
543
547
536
541
541
543
542
545
548
542
540
543
539
547
541
541
543
545
541
542
543
546
540
548
549
552
546
549
550
546
540
550
550
544
542
540
540
539
539
543
543
543
549
548
549
550
551
551
545
542
547
548
556
557
552
546
548
549
554
551
549
