504
508
515
519
517
517
510
516
515
524
521
529
519
527
529
528
526
532
530
532
534
531
525
532
534
532
536
535
535
533
525
541
533
531
539
537
534
538
534
540
545
540
535
535
533
541
538
537
540
531
539
534
540
544
543
543
535
540
533
539
530
534
537
532
536
535
535
538
536
537
537
537
542
545
548
544
543
549
549
547
546
549
541
544
544
544
540
540
541
547
536
545
550
544
542
550
545
537
540
538
540
538
536
538
534
541
537
537
534
540
537
539
539
548
535
541
535
545
542
538
540
542
536
544
545
538
538
538
546
536
534
534
544
541
537
536
531
541
541
537
525
532
543
539
534
532
539
538
540
534
543
536
535
539
538
541
545
537
533
545
545
549
538
536
535
540
538
538
539
545
550
533
536
548
539
542
543
548
543
544
550
546
542
542
542
542
540
551
547
547
552
549
557
549
552
540
542
545
547
545
543
549
553
551
545
548
555
542
552
542
545
547
549
547
543
549
539
541
545
550
545
544
541
544
539
539
543
546
548
548
545
546
543
545
542
546
545
545
548
548
541
547
546
537
541
543
539
544
545
542
547
541
552
554
545
533
536
543
536
541
541
539
537
536
543
540
537
541
539
546
546
531
542
537
536
543
541
540
538
547
543
548
546
