509
511
509
511
511
515
512
519
523
524
527
524
527
523
528
528
527
531
530
530
545
543
538
536
543
539
539
538
541
532
548
540
540
542
544
545
539
540
541
547
541
536
542
540
535
534
539
550
544
543
549
544
536
541
543
548
537
540
539
544
552
545
542
553
551
543
541
543
549
539
544
545
541
542
544
543
547
547
544
544
543
540
533
532
539
540
544
543
543
537
542
538
544
543
534
531
534
535
538
548
552
554
542
543
538
542
541
537
534
549
548
540
537
539
542
543
535
541
540
539
538
543
540
545
538
543
541
549
550
546
549
540
542
541
540
541
542
546
540
537
541
546
543
536
543
537
539
544
544
540
533
543
540
537
544
540
547
539
550
541
543
547
543
543
545
550
545
544
539
544
544
544
546
539
541
546
543
542
542
544
546
550
547
544
549
551
550
539
540
535
547
543
542
550
542
541
545
549
551
544
546
544
545
548
543
547
546
548
547
544
543
544
541
548
557
547
548
543
551
547
540
546
543
547
542
549
552
543
545
549
549
546
544
544
548
535
547
533
539
541
538
539
540
546
539
542
542
542
541
546
545
539
545
543
535
536
540
540
542
545
542
545
543
539
540
545
540
540
540
543
540
549
546
548
547
544
544
539
547
547
543
546
547
548
544
546
