504
499
502
504
505
506
502
503
503
502
502
501
497
496
500
500
500
501
499
500
501
499
501
500
501
502
500
499
501
502
497
495
500
499
498
496
502
500
500
501
500
502
501
502
495
500
500
500
500
500
499
500
500
502
499
495
497
502
500
496
501
504
506
502
501
500
503
498
502
502
499
500
501
498
501
503
501
495
499
501
503
501
502
499
505
503
497
500
501
498
497
500
499
501
500
502
499
501
499
500
501
502
497
500
504
502
500
503
502
501
503
502
499
499
500
498
502
500
500
504
501
503
499
502
502
503
501
498
501
500
502
504
501
501
497
500
500
502
502
501
500
501
503
499
500
501
500
503
500
502
498
500
502
500
501
499
499
502
499
501
501
503
503
503
505
504
501
499
501
503
503
506
503
504
505
506
504
504
502
504
503
510
504
509
511
507
509
504
508
510
506
508
509
511
506
506
506
503
507
509
503
506
511
506
507
509
507
505
503
507
507
508
508
508
505
505
505
507
504
509
508
507
506
506
506
506
507
507
506
509
507
506
507
511
512
510
510
510
513
509
511
512
507
509
511
510
509
510
505
509
509
511
509
