598
599
603
599
603
600
600
604
603
598
602
602
602
599
604
600
600
605
611
601
602
599
605
607
607
606
598
598
603
603
601
603
597
603
596
600
599
596
598
595
598
608
599
594
597
599
600
597
598
614
607
617
607
611
605
608
604
610
605
610
603
601
608
612
605
604
596
596
594
597
599
601
602
596
607
600
604
606
606
602
586
603
599
603
602
605
609
603
604
603
608
611
605
609
607
608
609
605
602
606
595
603
605
595
601
595
600
609
607
598
607
606
610
607
614
608
614
611
606
610
609
614
614
617
608
608
614
612
610
611
615
608
614
609
610
604
602
609
609
610
600
601
607
610
610
609
602
615
601
607
609
607
607
609
606
605
605
600
601
606
609
605
607
606
607
608
603
604
605
607
606
605
604
613
608
609
610
609
607
605
606
608
605
606
610
608
603
609
605
608
610
610
603
601
602
605
608
606
609
607
612
606
613
613
610
607
603
606
610
612
601
598
604
612
612
612
608
609
609
616
610
608
607
608
601
608
605
606
609
603
609
608
605
614
607
602
604
608
612
604
604
608
612
613
609
607
611
609
612
607
604
611
598
603
611
608
613
605
610
606
601
601
602
603
609
609
608
597
609
605
604
