605
609
602
606
611
597
604
603
600
603
603
602
605
605
615
609
610
610
606
604
611
604
604
607
613
609
611
607
614
611
605
604
605
605
606
611
607
610
609
603
604
607
613
614
619
616
617
613
611
617
611
607
608
606
599
602
602
599
601
599
598
604
607
605
607
604
598
609
608
606
603
608
614
608
615
608
609
610
610
615
610
610
604
603
606
609
608
604
607
607
609
603
611
607
606
607
607
605
611
610
607
608
607
606
610
602
613
613
613
613
613
621
610
605
608
611
599
608
603
609
605
610
604
606
613
611
607
617
610
608
610
609
612
613
608
613
609
607
610
611
613
606
604
608
607
608
609
608
604
615
603
609
609
604
605
609
609
605
614
610
608
610
607
611
614
608
607
608
599
606
607
610
613
614
607
607
610
610
613
616
611
611
612
609
612
606
605
613
609
614
612
616
613
612
610
613
613
609
607
608
613
608
610
608
603
599
611
608
614
612
608
610
611
614
604
615
611
608
610
605
612
615
610
609
609
614
609
606
606
615
608
611
608
609
612
613
611
607
612
608
612
608
609
614
602
604
609
605
609
606
604
612
609
613
606
600
603
603
601
601
603
601
608
602
602
606
608
605
612
605
617
608
608
610
615
605
605
602
