600
602
599
603
602
601
597
605
595
598
598
600
598
595
598
597
602
605
606
609
614
607
607
610
611
609
615
609
604
613
610
614
606
611
607
606
607
613
613
610
609
604
613
608
614
603
604
607
607
607
604
605
610
604
615
603
600
600
607
611
608
605
608
613
614
612
612
609
609
611
612
614
610
608
613
606
610
607
609
612
607
604
611
607
606
605
608
609
606
608
608
613
608
611
610
608
598
607
607
604
607
602
609
603
608
609
604
609
609
605
608
606
598
613
612
613
614
605
609
609
609
607
607
610
609
613
609
611
607
606
610
608
613
603
607
608
606
607
605
603
612
606
600
610
615
610
612
605
605
610
612
609
608
611
604
604
608
608
611
611
611
607
613
615
609
611
609
608
612
613
612
615
611
610
610
606
608
600
603
605
607
607
604
608
607
607
604
610
611
612
613
602
611
604
610
607
605
608
602
602
613
605
605
601
607
608
610
608
613
609
610
612
604
605
608
610
603
607
604
608
599
602
603
613
612
609
603
606
605
601
600
606
612
607
602
607
599
608
611
606
615
