595
607
596
604
600
603
602
595
602
597
603
603
597
602
598
596
602
601
602
604
600
601
596
599
603
608
610
612
607
607
607
604
607
614
610
605
619
606
609
613
608
605
610
608
611
612
605
613
609
609
612
609
611
609
605
613
602
604
609
606
606
609
601
602
599
610
605
605
603
606
612
607
604
607
606
604
600
610
610
611
600
606
612
601
609
605
605
605
608
611
611
608
611
608
607
607
603
609
604
613
613
606
608
606
606
605
604
611
615
612
611
615
616
617
609
612
614
614
612
610
615
615
610
609
610
609
609
615
614
618
611
608
609
615
618
618
614
615
609
611
611
613
604
602
609
605
612
610
609
616
613
615
616
614
614
612
605
608
618
613
611
609
609
611
607
606
603
609
607
614
605
604
606
607
608
597
600
604
611
610
605
613
608
604
610
609
609
614
614
610
610
608
612
609
607
605
602
605
603
605
598
604
610
606
611
602
606
605
608
609
605
607
602
604
606
604
602
607
609
603
612
609
614
607
609
607
603
607
606
605
607
608
609
605
604
607
605
607
602
605
612
