596
600
601
605
598
606
608
600
599
602
598
594
605
601
602
606
610
603
604
611
611
602
605
608
607
608
609
607
611
602
600
604
604
605
599
607
602
600
613
609
612
601
611
612
605
610
608
605
607
604
604
606
603
601
606
608
602
608
609
607
602
600
609
613
609
602
602
608
606
607
611
609
614
607
606
604
610
607
605
604
609
609
611
608
607
603
607
611
611
605
600
607
608
601
611
616
604
609
607
607
606
601
605
611
597
604
599
603
600
603
596
605
604
608
612
606
602
608
609
607
606
601
601
601
608
606
610
605
607
599
604
601
604
600
598
598
605
602
606
605
604
604
602
603
602
603
601
600
608
612
602
602
602
607
601
603
600
604
601
601
600
606
601
600
599
607
609
608
606
608
608
598
605
604
606
608
606
607
596
604
607
604
608
601
610
605
605
599
604
604
601
600
605
608
606
609
603
605
606
604
607
606
606
602
608
608
600
609
598
597
603
603
605
601
601
598
604
604
595
597
601
601
600
594
594
599
607
598
600
605
604
606
608
603
609
608
607
610
608
607
608
609
603
599
604
611
601
611
610
611
609
613
612
609
609
613
603
607
610
609
614
607
610
610
610
605
606
608
607
601
