945
945
949
945
953
950
954
952
952
952
954
950
957
955
953
954
953
948
956
949
954
960
962
962
960
957
964
962
958
960
954
960
966
959
952
956
955
960
965
964
967
963
964
960
964
963
958
964
954
953
958
956
954
960
946
960
963
962
958
970
958
960
959
956
952
961
954
954
957
958
960
958
961
962
958
963
953
966
950
968
961
964
957
958
960
949
958
968
964
969
958
976
964
967
966
964
969
972
962
966
966
963
958
964
966
971
959
967
964
969
971
967
969
964
970
969
964
962
960
961
971
967
969
970
977
969
973
977
968
960
966
976
964
968
962
954
961
968
955
965
957
960
957
959
960
962
964
959
965
956
957
962
964
968
965
971
970
971
977
976
971
962
973
968
969
977
982
974
966
975
975
978
984
982
977
984
981
975
965
981
978
971
973
974
976
976
982
981
971
974
975
973
965
969
977
976
961
968
963
972
973
977
976
970
975
972
986
977
984
969
972
970
975
964
965
969
969
965
971
969
974
972
969
969
981
971
972
974
975
965
981
974
975
979
962
965
971
976
964
962
971
979
977
973
969
976
971
964
966
965
970
969
970
972
965
974
976
975
968
979
965
979
982
967
982
979
978
983
975
981
974
969
979
982
973
972
981
977
982
974
977
985
973
974
977
976
973
980
976
976
979
974
969
968
972
964
975
974
965
967
969
966
959
971
965
968
970
960
968
966
976
971
973
973
974
981
984
980
975
971
970
964
963
962
963
962
970
964
964
959
966
961
955
959
967
969
963
962
963
964
970
970
968
962
965
962
957
958
950
956
953
962
952
956
954
954
959
953
958
961
955
966
960
966
966
965
966
960
971
960
954
956
966
968
968
968
976
965
974
972
972
970
970
974
970
976
973
973
974
970
968
971
969
971
973
968
978
968
963
972
969
959
960
961
958
961
965
964
958
952
965
967
970
960
962
970
964
969
966
963
963
962
969
962
959
965
964
971
973
967
965
971
962
965
966
959
960
959
963
967
959
967
971
961
960
966
973
964
953
960
956
959
956
956
952
958
954
963
963
963
958
964
961
966
962
973
962
965
974
959
961
955
961
965
959
950
954
959
960
961
960
962
966
961
960
957
962
964
965
968
966
964
966
950
960
956
959
964
957
958
955
968
967
969
960
969
971
968
965
963
972
965
968
965
955
961
965
966
957
959
965
960
949
957
964
961
963
959
960
961
965
967
963
959
968
972
963
967
964
962
966
960
965
960
961
958
960
957
957
953
953
951
961
966
958
959
964
960
956
961
953
963
961
959
956
960
963
956
960
963
953
959
961
961
958
959
947
956
962
964
960
965
966
969
970
965
964
965
959
963
967
971
962
965
958
958
962
963
958
964
959
964
961
967
960
960
960
960
962
962
966
972
963
966
965
973
963
964
968
965
965
973
969
977
963
975
970
968
966
969
961
967
965
970
967
973
963
960
967
967
970
970
968
976
967
965
969
965
974
971
963
964
974
969
969
966
971
969
962
959
963
965
960
955
961
963
962
963
969
967
960
958
961
970
970
972
964
962
964
963
969
960
960
960
965
975
977
982
972
975
972
975
966
973
974
963
966
972
961
964
971
967
967
958
963
959
962
963
959
966
953
959
957
965
968
963
970
960
968
969
971
970
957
966
968
969
974
967
962
950
966
959
965
960
962
954
954
966
963
970
954
960
954
962
964
955
965
961
964
957
966
960
960
963
968
961
962
962
966
968
974
964
961
962
958
968
963
959
972
962
963
968
959
970
959
948
962
949
950
962
957
961
963
960
958
957
963
962
968
965
958
962
961
965
960
967
965
970
973
962
968
970
960
958
962
962
959
956
954
968
963
963
959
964
961
964
964
965
959
961
968
970
964
961
963
967
958
958
964
958
966
960
954
953
961
956
960
961
963
963
964
966
967
967
970
966
966
966
959
966
959
971
965
963
966
969
967
970
969
969
961
962
964
974
965
969
970
966
972
976
975
974
974
981
979
969
969
969
971
965
963
973
975
969
966
964
970
966
966
967
959
970
968
964
980
972
972
982
979
970
981
971
965
976
974
977
979
976
987
981
983
981
976
980
985
983
970
970
974
967
974
974
976
964
967
956
964
961
959
966
971
974
975
965
977
980
974
975
968
964
971
971
963
969
959
964
968
970
969
972
971
961
964
973
966
961
963
968
957
961
970
968
970
963
964
972
966
957
965
965
963
959
967
969
972
975
976
977
971
976
971
969
969
970
958
962
965
960
962
964
967
959
966
965
963
967
964
964
968
971
973
970
972
960
966
976
969
969
975
965
971
973
970
965
960
957
964
962
967
974
968
976
970
978
969
965
968
959
966
957
957
966
958
959
972
962
956
965
964
958
968
972
965
961
958
957
954
959
963
962
962
956
958
961
951
958
954
962
963
959
967
952
957
953
952
959
949
951
961
956
959
958
967
966
964
967
969
958
967
964
965
962
963
963
967
959
959
955
961
959
964
954
961
957
965
956
962
960
961
963
968
967
961
960
961
962
967
961
964
966
959
957
955
959
962
953
964
965
964
974
966
967
969
966
972
972
965
963
970
966
966
965
976
978
986
976
978
986
977
981
978
971
974
974
971
981
972
959
973
971
968
959
967
964
974
968
966
970
970
970
974
962
968
975
966
964
972
969
972
966
969
977
971
968
972
964
970
974
976
978
979
972
974
978
984
980
977
978
980
977
986
978
982
986
989
984
983
986
988
984
983
989
992
989
976
988
983
980
988
981
980
979
980
979
983
976
980
978
978
977
985
984
973
970
977
982
977
978
976
980
972
969
972
981
982
983
975
975
967
984
983
987
990
986
990
988
989
982
984
987
990
982
982
986
978
984
997
986
991
978
987
995
993
984
982
985
978
978
983
977
979
979
977
984
977
989
985
981
982
980
988
985
986
977
985
988
994
994
995
985
990
986
983
980
983
988
986
983
991
996
989
981
988
980
979
985
979
981
975
982
980
977
982
982
982
979
983
981
978
984
979
978
980
985
983
983
987
979
982
981
981
975
976
983
982
979
977
974
984
979
978
984
981
987
981
981
976
978
984
981
977
979
985
978
984
981
983
974
981
983
978
982
981
979
977
983
988
985
980
985
980
980
981
980
980
984
977
980
979
974
988
980
985
987
986
985
988
993
986
989
989
988
986
985
988
997
996
975
992
982
983
984
984
981
978
985
984
973
972
985
987
982
978
984
985
984
985
983
984
985
978
980
983
977
982
991
995
985
997
996
995
1002
1002
1003
997
993
985
993
998
990
996
992
1000
995
1005
1001
996
1000
999
999
994
993
997
993
1002
1007
1001
1001
994
998
996
995
1002
987
999
1002
995
991
991
992
991
997
1000
1000
1004
994
996
994
995
1006
996
1001
1004
998
1000
998
1001
994
993
987
984
990
985
987
992
990
997
1000
996
998
998
996
998
988
984
1006
1003
993
993
1000
1005
990
999
1004
1003
996
1004
1004
1006
1004
1008
1007
1007
999
998
1001
996
998
996
991
995
994
986
990
989
1002
1001
998
1000
1000
995
1002
988
994
996
998
1004
1003
1003
1003
1001
1003
998
996
999
1000
1000
996
997
990
998
993
996
996
981
997
997
992
996
987
991
992
994
1001
992
998
995
1003
998
994
986
997
1001
1002
1002
1004
992
1003
1005
1001
1000
999
1009
997
997
999
995
1002
1004
999
999
1001
1002
1000
995
995
996
1000
1001
1004
1002
997
994
987
982
985
988
990
987
988
997
992
989
998
992
997
997
997
988
990
993
989
995
990
993
981
980
994
983
988
996
997
997
988
991
992
998
990
1000
990
997
1001
999
992
999
990
988
991
996
995
997
995
1004
1000
995
997
993
994
1002
989
995
1003
999
991
998
999
995
988
994
990
988
990
987
989
987
987
987
997
999
993
992
991
989
992
995
985
992
995
986
999
992
996
996
994
991
994
988
988
992
986
987
980
986
1000
998
992
993
994
996
985
996
988
988
992
993
996
991
998
996
993
1001
1000
993
1005
995
986
1002
998
999
996
1002
1006
999
1003
1010
1002
996
1005
1006
1005
999
1002
1005
999
992
1003
1002
1005
1000
998
1001
1005
1008
1002
996
1005
1000
998
991
987
996
1001
990
1002
1007
1004
999
1005
1001
1008
1007
1001
1008
1006
1007
1007
1014
1006
1006
1007
1006
1004
1008
1008
1007
1003
1002
1005
997
992
989
1000
995
1003
1001
1010
1005
1013
999
1002
999
1003
1006
1007
1002
1004
1004
1004
1003
1012
1007
1007
1007
995
999
997
1003
1000
1006
998
995
994
1000
1001
1007
1013
995
996
1003
996
998
998
993
1001
998
1000
998
998
1002
993
997
994
997
1003
998
1005
995
1002
1000
993
996
993
996
992
997
999
997
995
988
994
993
1006
996
989
983
983
992
985
990
984
988
990
988
988
983
989
994
995
987
988
992
993
994
996
994
996
981
992
990
986
988
988
989
989
983
996
996
992
987
998
986
993
988
990
987
987
983
986
982
983
984
979
984
980
985
986
987
989
990
988
993
985
991
990
985
994
989
988
998
1003
999
996
990
995
996
986
993
993
992
991
983
992
996
993
999
993
996
989
994
987
991
995
995
995
989
1002
988
991
983
990
992
989
1002
996
991
987
993
985
987
988
992
992
987
991
994
988
993
990
990
996
989
994
992
997
987
985
984
991
985
982
986
984
981
983
985
981
987
982
982
991
989
994
990
994
995
989
981
991
980
988
995
992
987
996
995
990
1003
1006
996
1001
1000
1002
1000
994
1001
1002
999
992
997
998
1006
1002
998
1002
1000
1005
999
997
1003
998
1007
1005
1005
1007
1012
1009
1012
1002
1004
1003
1012
1007
1002
1001
1006
1009
1009
1018
1017
1011
1004
1003
1015
1017
1007
1007
1009
1005
998
992
1013
1013
1005
1001
1007
1000
1009
1002
1004
997
1014
1002
1002
1009
1007
1009
1008
1010
1013
1011
1005
998
1004
1007
1006
1007
1012
1008
1005
1006
1009
1017
1010
1016
1018
1006
1011
1011
1013
1008
1014
1002
1009
1011
1005
1012
1014
1007
1006
1002
1012
997
998
1002
1001
1005
1013
1014
1012
1003
997
1003
1007
998
1006
1004
993
1005
1002
1006
1008
1009
1004
1009
1012
1010
1004
1002
1008
1000
1004
1010
1005
1004
1015
1014
1006
1008
1012
1011
1001
1000
1010
1011
1017
1011
1011
1004
1011
1009
1010
1013
1011
1009
997
1009
1007
1004
1000
1008
1009
1007
1006
1007
1009
1010
993
993
1009
1000
997
993
1006
1002
1003
1012
1008
1014
1007
1008
1013
1007
1014
1009
1015
1007
1001
1013
1007
1014
1002
1001
996
1008
1002
1001
1005
1001
1004
1008
1014
1005
1007
1010
1008
1008
1006
1007
998
1012
1005
1011
1014
1011
1009
1004
999
1004
1008
1010
1004
1000
1006
1017
1019
1007
1008
1000
1007
1005
999
1006
995
1003
1008
1002
1010
1012
1008
1003
1006
1000
1015
1017
1010
1019
1005
1016
1015
1018
1016
1016
1010
1009
1006
1000
997
1004
1005
1003
997
1008
1000
1010
995
1001
997
1000
998
996
995
992
1001
992
995
999
994
992
998
1000
987
991
997
999
1007
1006
1005
1008
1003
1001
1003
1002
1001
998
1004
1006
1002
995
999
996
1004
1001
999
1007
1006
997
1005
1006
1007
1009
1007
1010
1013
1009
1011
1008
1008
1020
1008
1008
1006
1005
1010
1003
1008
1002
1009
1004
1009
1012
1006
1004
1006
1004
1005
1007
1009
1010
1005
1005
1005
1002
1008
1006
1011
1000
1007
1002
1011
996
1002
998
1001
1000
1002
1004
1012
1009
1004
1010
1007
1006
1007
1010
1007
1005
1003
998
1004
996
990
1007
1020
1012
1017
1012
1013
1005
1002
1000
1000
999
1000
1000
1003
1000
1004
1011
1004
1011
1014
1008
999
1005
1001
1006
1006
1009
1010
991
990
997
989
997
997
995
1001
994
997
997
1002
1003
997
997
1005
993
996
985
991
1004
1003
1006
1006
1004
1009
1007
1000
999
1006
1012
1002
1013
1009
1011
1011
1013
1015
1011
1007
1014
1009
1014
1005
1013
1006
1007
1003
1004
1003
1005
1002
1001
1002
996
1001
1003
1003
1005
1001
1004
1005
1000
1005
1001
1005
1008
1001
1010
1009
1014
1012
1013
1003
1006
1008
1006
1014
1008
1000
1008
1006
1000
1004
1006
993
997
1004
1005
1001
1012
1000
1007
1004
1004
1006
1004
1014
1003
1012
1007
1015
1018
1015
1012
1011
1012
1002
1008
1010
1019
1011
1016
1012
1009
999
1009
1016
1015
1002
1013
1015
1025
1009
1010
1011
1013
1009
1007
1016
1015
1020
1000
1008
1013
1018
1016
1017
1016
1013
1013
1013
1017
1013
1015
1003
1008
1004
1007
1005
1001
1007
1010
1013
1012
1012
1008
1016
1016
1009
1015
1014
1003
1011
998
1006
1014
1012
1008
1007
1015
1010
1015
1003
1015
1025
1011
1005
997
1015
1016
1010
1018
1013
1008
1011
1019
1007
1010
1010
1012
1006
1002
1020
1014
1007
1015
1008
1010
1012
1007
1001
1007
1009
1011
1006
1009
1008
1008
1008
1016
1009
1010
1010
1008
1009
1013
1005
998
998
1001
1009
1002
999
1001
1002
1001
1007
1012
1000
1002
1007
1004
1009
1011
1008
1000
997
1006
999
1007
1008
1012
997
1007
1007
1011
1019
1011
1009
1005
1015
1013
1008
1013
1013
1018
1011
1009
1014
1014
1010
1012
1015
1010
1013
1003
1001
1006
999
1004
1007
1008
993
1003
1007
1007
1007
1007
1010
1004
1002
995
998
1003
1009
1006
1015
1009
1005
1014
1014
1025
1016
1010
1010
1005
1007
1010
1018
1007
1000
1010
1000
1000
1011
1008
1002
1012
1008
1006
1000
1019
1008
1011
1013
1009
1005
1012
1010
1009
1015
1013
1018
1018
1018
1018
1012
1013
1017
1004
1018
1014
1024
1015
1019
1018
1019
1004
1006
1014
1009
1015
1009
1009
1003
1009
1005
1008
1002
1003
1003
1003
1008
1012
1008
1005
1007
1012
1012
1006
1016
1009
1010
1007
1016
1010
1011
1000
1013
1015
1010
1011
1015
1008
1014
1015
1013
1016
1011
1016
1009
1022
1018
1020
1014
1017
1016
1014
1018
997
1004
998
1009
1010
1009
1010
1013
1005
1009
1012
1008
1001
1001
1009
1013
1016
1011
1009
1010
1011
1011
1013
1002
1005
1006
1009
1008
1003
1011
1009
1012
994
1008
1007
1010
1002
999
1004
1005
998
1001
1002
1004
1010
1004
1009
1009
1006
1005
1006
1003
998
1009
1005
996
1004
1002
1006
1008
1008
1003
997
1000
1000
1008
1001
1002
1007
1014
1005
1008
1014
1010
1012
1010
1006
1009
1001
1014
1007
1011
1013
1008
1019
1017
1014
1017
1017
1010
1009
1011
1008
1013
1004
1006
1000
1008
1004
1001
1000
995
992
1002
1000
1001
997
990
1000
1004
994
1009
1000
1005
1003
1001
1012
1005
1003
1004
1012
1005
1000
1003
1002
993
1004
1003
1002
1002
1004
993
997
996
1003
993
1001
996
1001
995
996
996
996
994
1007
999
994
1006
993
1001
1004
1000
1003
1002
1007
1002
985
1005
999
1005
1007
1009
1007
1003
1014
1021
1005
1010
1010
1009
1008
1009
1001
1007
1001
1012
1011
1009
1012
1012
1010
1009
1016
1017
1016
1015
1016
1011
1020
1023
1017
1016
1019
1023
1012
1006
1011
1017
1010
1009
1019
1012
1009
1009
1002
1000
1011
1004
1003
1007
1004
1008
1008
1008
1002
1006
1012
1007
1013
1016
1016
1010
1006
1000
1010
1019
1007
1014
1016
1022
1020
1018
1009
1007
999
1005
1009
1006
1010
1014
1021
1017
1020
1020
1014
1015
1018
1017
1017
1012
1017
1020
1018
1015
1010
1009
1015
1015
1009
1015
1010
1004
1008
1012
1009
1006
1001
1014
1008
1000
1006
1004
1002
1012
1004
1004
1005
990
999
1005
1001
1011
1009
1010
1004
1006
1002
1009
999
1000
1014
1002
1005
1012
1003
1009
1013
1007
1005
1011
1010
1020
1014
1011
1009
1000
1003
996
1006
1004
1009
1007
1004
1008
1009
1001
1009
1008
1008
999
1007
1014
1007
1008
1008
1018
1004
1007
1013
1003
998
1004
1007
1007
1009
1009
1008
1023
1001
1010
1011
1010
1017
1012
1018
1011
1020
1009
1015
1014
1017
1008
1014
1014
1021
1019
1016
1003
1007
1006
1013
1008
1015
1014
1010
1002
1013
1010
1003
1008
1008
1007
1012
1006
1011
1007
1007
1009
1013
1009
1005
998
1010
1014
1006
1008
1011
1011
1015
1005
1016
1011
1009
1011
1006
1015
1012
1007
1004
1008
1008
1017
1005
1004
996
1008
1006
1010
1010
999
1002
1003
1004
999
1003
1009
1002
1005
1004
998
1008
1002
1006
1011
997
1006
1013
1015
1013
1017
1023
1013
1011
1009
1009
1013
1009
1018
1013
1011
1010
1006
1003
1012
1005
1004
1009
1010
1006
1007
1008
1012
1010
1013
1000
1010
1005
1007
1007
1003
1014
1017
1015
1017
1012
1019
1020
1017
1014
1019
1021
1019
1017
1016
1010
1013
1012
1013
1004
1014
1016
1009
1012
1018
1017
1013
1015
1019
1009
1015
1014
1015
1009
1011
1006
1004
1010
1012
1010
1006
1007
1007
1004
1011
999
1006
1006
1011
1009
1016
1005
1005
995
1003
1009
1008
1014
1009
1009
1003
1012
1015
1009
1016
1014
1014
1008
1009
996
997
1004
1003
1005
1000
1009
1008
1007
1004
1011
1008
1010
1018
1015
1011
1017
1012
1017
1008
1017
1012
1017
1011
1010
1008
1007
1015
1016
1010
1017
1014
1013
1014
1009
1011
1012
1015
1009
1000
1010
1000
1007
1012
1014
1008
1005
1005
996
997
1002
1004
999
1000
1006
1013
1006
1002
1010
1005
1000
998
1011
1016
1005
1002
1001
1001
1006
1005
1009
997
1005
1001
1005
1010
1011
1012
1000
1002
1003
1001
996
994
1001
1002
1002
1000
994
1013
1001
1016
1009
1005
1005
1004
997
1005
1004
1005
999
1002
1007
1002
994
1003
1008
1005
1009
1004
1006
1012
1005
1010
1009
1010
1000
1009
1007
1019
1004
1001
1012
1001
1011
1014
1011
1006
1011
1016
1012
1016
1011
1014
1011
1012
1016
1017
1011
1012
1017
1015
1009
1005
1016
1006
1011
1014
1016
1014
1009
1001
1005
1010
1006
1007
1003
1008
1008
1015
1011
1001
1002
1005
1001
1010
1003
1009
1008
1002
1015
1005
1007
1011
1012
1003
1010
1009
998
1005
1004
1007
1005
1004
1009
1008
1005
997
1006
1002
1011
1012
1021
1017
1010
1012
1017
1013
1016
1016
1009
1020
1018
1013
1017
1019
1023
1021
1015
1015
1017
1015
1017
1007
1010
1015
1013
1011
1006
1000
1010
998
1005
1007
1020
1011
1016
1018
1015
1014
1013
1011
1009
1006
1002
1002
999
1005
1008
1008
1006
1008
1003
1003
1012
1013
1010
1018
1009
1019
1004
1009
1009
1014
1010
1019
1016
1016
1012
1012
1014
1010
1015
1011
1018
1014
1016
1017
1013
1013
1009
1011
1006
1012
1009
1013
1004
1014
1010
1012
1008
1008
1004
1012
1012
1013
1006
1013
1005
1015
1012
1014
1018
1010
1009
1012
1002
1013
1013
1009
1007
1017
1015
1015
1008
1009
1006
1002
1012
1012
1007
1015
1016
1016
1018
1017
1017
1018
1026
1008
1016
1015
1010
1016
1017
1019
1016
1025
1017
1022
1023
1019
1015
1015
1018
1016
1025
1015
1019
1014
1016
1017
1028
1024
1025
1022
1035
1025
1022
1013
1019
1016
1013
1021
1015
1026
1022
1015
1019
1016
1024
1026
1014
1016
1015
1015
1010
1014
1017
1017
1015
1020
1027
1011
1000
1024
1023
1019
1022
1030
1033
1029
1032
1020
1027
1021
1030
1031
1019
1022
1025
1031
1021
1024
1018
1029
1027
1027
1023
1025
1022
1028
1012
1018
1023
1026
1022
1027
1022
1021
1028
1032
1038
1030
1035
1041
1037
1034
1028
1032
1029
1036
1026
1030
1022
1028
1030
1031
1026
1029
1036
1032
1025
1032
1026
1029
1027
1023
1028
1042
1030
1028
1030
1028
1027
1028
1021
1028
1020
1022
1024
1020
1025
1026
1029
1030
1032
1023
1028
1030
1021
1022
1025
1018
1028
1037
1025
1017
1015
1018
1028
1021
1020
1018
1036
1020
1026
1029
1024
1024
1024
1021
1021
1030
1024
1024
1022
1025
1030
1024
1036
1022
1020
1026
1022
1019
1014
1025
1022
1027
1019
1021
1016
1019
1026
1025
1017
1027
1034
1014
1005
1017
1010
1016
1015
1029
1023
1025
1025
1021
1026
1026
1020
1025
1027
1029
1035
1038
1032
1041
1042
1027
1034
1023
1030
1027
1028
1024
1027
1016
1020
1025
1027
1025
1034
1028
1026
1025
1034
1024
1027
1018
1011
1033
1022
1025
1024
1029
1030
1026
1031
1027
1026
1029
1023
1017
1022
1022
1021
1018
1016
1024
1025
1020
1027
1030
1029
1028
1024
1031
1030
1019
1021
1018
1021
1027
1024
1035
1026
1028
1020
1024
1025
1023
1020
1019
1024
1024
1025
1027
1017
1019
1020
1017
1015
1017
1021
1026
1012
1022
1017
1022
1020
1021
1025
1018
1019
1015
1012
1017
1022
1018
1023
1015
1018
1024
1029
1030
1025
1016
1017
1020
1018
1021
1023
1016
1023
1024
1029
1021
1023
1017
1027
1017
1016
1024
1016
1017
1005
1006
1010
1011
1015
1007
1021
1019
1011
