953
950
947
951
945
950
956
947
944
953
954
949
950
949
944
957
951
952
951
948
958
958
959
953
953
956
955
971
957
957
958
957
947
954
955
958
958
960
957
961
967
963
950
956
953
961
963
960
959
965
968
965
965
971
968
969
975
970
969
967
973
965
970
966
974
971
966
978
969
967
967
969
978
982
968
969
963
967
974
971
978
975
969
973
972
968
967
967
970
967
970
968
961
969
975
973
966
966
961
974
958
955
952
960
976
971
968
973
964
961
961
964
967
967
972
976
966
967
969
973
970
963
968
972
975
968
964
967
962
966
959
974
974
978
974
970
967
969
967
958
966
962
965
971
967
973
975
971
975
971
971
964
966
969
967
963
971
969
962
963
966
973
972
964
963
972
965
968
972
973
966
964
964
968
974
969
970
960
980
974
975
974
976
984
973
974
979
970
970
964
963
971
969
982
973
982
976
978
987
978
984
987
983
982
982
984
982
983
982
976
980
983
983
971
988
983
992
985
987
988
986
982
976
991
978
982
980
985
984
976
977
976
971
965
976
974
978
970
969
975
975
985
979
982
982
986
989
995
985
986
985
975
989
984
977
978
988
984
983
978
985
997
990
991
990
980
984
979
983
991
988
982
987
986
992
996
1000
995
986
995
994
984
997
986
984
990
992
981
977
984
991
990
996
985
987
991
986
992
993
987
989
987
980
989
986
997
986
987
992
995
984
988
989
992
982
986
979
985
985
982
986
989
988
982
983
983
978
978
973
981
987
975
980
984
983
979
980
976
985
984
985
984
972
976
978
982
986
981
978
981
981
989
976
986
981
989
976
986
975
980
979
988
978
987
979
981
984
986
984
992
998
992
991
991
990
999
996
992
1001
996
988
1006
990
997
1005
994
996
988
992
1008
990
1004
1000
990
993
992
996
997
1001
990
990
1002
986
995
982
994
991
990
978
995
980
990
987
972
978
985
979
988
991
986
980
989
983
986
972
981
989
982
980
977
982
976
980
980
977
973
977
971
976
982
984
980
980
976
984
978
975
986
979
984
974
981
984
989
988
986
984
982
985
986
986
991
991
991
992
986
993
992
992
1004
999
991
989
981
978
987
979
985
990
983
994
992
996
988
989
981
977
978
981
985
989
992
991
990
988
984
982
985
985
981
987
990
983
989
994
986
990
986
988
984
988
990
991
981
990
990
991
989
996
989
994
980
981
979
977
986
978
988
987
984
992
986
987
992
992
988
989
992
989
994
983
983
983
985
978
979
983
985
983
981
993
994
981
992
986
982
990
993
982
984
980
992
985
988
993
980
980
993
990
988
985
979
996
994
983
994
995
1000
995
1005
993
991
989
984
989
994
986
994
992
988
989
993
981
992
994
995
985
996
997
989
992
990
1003
990
1001
996
993
992
985
1003
993
998
988
991
993
992
992
995
1002
993
998
1000
1007
998
1003
997
999
998
999
994
1004
1001
998
994
991
990
996
985
995
995
991
998
990
998
1001
998
1005
1002
1005
999
992
997
999
1001
997
985
992
990
996
997
992
992
992
1001
993
988
1001
998
987
993
993
986
992
992
994
1001
988
995
993
995
991
994
993
999
997
998
997
989
998
993
994
993
996
994
995
992
1004
993
999
996
987
997
991
992
999
990
997
1002
992
993
990
984
985
984
994
999
991
985
994
988
988
984
995
991
995
992
980
986
977
983
981
978
978
988
984
986
983
990
987
982
972
981
969
974
978
985
982
982
980
979
974
983
981
978
980
981
984
979
986
987
989
979
985
990
976
994
996
992
989
991
995
998
1000
1001
998
1003
991
985
997
990
997
988
986
991
994
992
988
991
994
996
988
988
992
997
996
974
986
991
986
995
990
991
990
984
991
995
992
987
995
991
991
992
990
995
1003
993
985
985
984
983
992
987
999
997
995
995
997
989
1002
993
1002
992
997
987
996
998
993
993
990
994
992
1005
1002
998
999
996
1005
1003
1005
992
1000
1003
999
1000
1006
1002
1003
997
1007
1003
1006
997
1001
1010
1000
991
997
993
993
995
999
991
996
995
991
992
995
989
983
1000
991
996
992
993
992
996
983
982
987
990
987
990
991
991
989
989
990
989
990
994
982
972
978
972
979
981
979
980
981
979
974
985
980
976
981
983
988
983
981
987
981
982
987
981
980
993
972
976
975
982
980
976
976
977
967
969
974
980
965
972
974
976
971
986
986
992
982
979
986
975
974
973
977
973
975
971
978
966
979
991
984
975
969
980
979
975
980
975
977
968
963
974
968
968
969
967
980
977
976
973
970
971
972
970
976
972
980
973
976
976
975
974
977
970
974
976
980
978
967
975
971
979
969
987
979
978
975
971
973
987
975
974
978
980
979
991
990
984
982
978
976
976
980
981
979
981
978
983
978
975
973
975
970
982
976
975
978
979
981
971
965
980
973
978
981
972
981
974
989
981
984
990
988
977
986
986
979
973
975
980
979
982
967
970
974
963
980
972
979
971
972
980
977
973
977
975
974
973
977
969
975
974
974
977
978
974
967
965
977
974
970
981
976
979
978
978
979
982
985
971
978
981
978
980
974
976
970
981
983
984
977
989
982
990
987
987
982
983
984
987
987
980
990
990
989
982
983
986
992
986
992
986
1000
991
998
987
985
991
990
989
993
989
986
984
981
985
982
979
991
987
980
979
985
975
987
982
983
979
980
978
975
983
990
990
982
983
991
982
984
978
984
989
983
983
980
987
984
988
979
980
987
983
981
983
984
982
978
978
985
979
984
989
978
980
981
988
986
984
979
973
982
974
995
969
983
980
982
980
979
982
981
980
976
977
983
974
975
981
977
960
975
969
966
975
969
969
975
972
972
971
973
972
975
976
973
976
980
981
974
974
980
967
973
975
968
985
974
978
972
971
965
975
985
984
979
982
982
975
983
977
984
972
974
976
964
972
967
979
970
970
975
963
971
971
970
975
975
972
970
963
954
960
964
968
964
960
970
959
964
966
965
964
974
965
974
963
965
963
959
958
959
966
965
975
975
972
963
966
976
971
974
970
971
972
978
972
980
973
977
978
979
964
972
982
981
981
972
978
975
979
978
972
973
970
975
981
979
976
990
981
974
987
990
984
978
974
979
977
981
981
974
983
978
981
983
982
981
977
976
979
983
984
978
979
980
966
979
970
971
978
971
977
978
977
972
985
983
976
974
972
974
982
974
970
975
973
976
982
976
977
973
977
975
983
977
976
973
979
982
967
979
977
978
986
984
983
985
974
980
979
977
974
971
982
979
980
978
981
974
979
978
980
981
985
993
986
989
989
984
984
987
977
982
978
978
977
984
976
977
977
979
982
986
978
980
982
980
984
990
986
989
981
975
984
978
988
963
966
970
974
973
973
970
976
979
976
977
977
984
976
967
971
977
977
982
980
973
976
982
979
974
975
975
972
987
982
984
985
984
985
981
979
982
973
983
975
972
977
981
980
980
991
985
980
988
975
972
990
969
982
975
978
976
975
973
970
979
979
979
986
988
982
978
985
980
981
989
984
992
977
996
994
993
989
996
992
985
997
985
985
987
990
995
990
997
992
980
996
996
989
981
985
974
980
976
984
981
974
986
985
979
975
983
983
987
980
974
981
979
974
960
970
968
973
978
974
971
976
969
967
974
972
977
972
976
969
973
969
975
973
972
961
961
965
955
967
959
959
953
959
961
965
960
965
970
964
970
971
972
974
967
966
963
975
965
969
969
963
966
963
964
967
959
964
973
957
961
972
967
977
967
959
973
969
972
972
968
977
978
983
979
977
979
973
973
981
985
979
973
972
969
974
977
980
974
970
972
971
972
961
969
972
977
974
972
971
968
968
968
966
971
971
964
965
965
966
964
963
968
970
972
963
962
967
968
972
973
979
975
978
974
974
980
976
975
975
970
972
973
975
964
972
972
963
972
977
973
974
979
972
970
971
979
965
974
965
967
965
976
966
976
976
974
977
975
972
976
974
969
977
980
976
973
973
965
974
971
978
979
971
973
974
970
969
970
968
969
967
979
975
971
980
977
984
977
975
980
974
976
986
982
985
986
974
985
977
978
980
976
981
977
983
987
982
989
983
975
979
983
977
973
985
981
976
974
987
973
981
975
977
978
983
983
974
968
968
977
975
978
976
982
974
973
975
983
977
972
968
973
974
979
969
964
970
970
972
972
965
968
979
967
976
969
972
972
973
977
976
972
973
980
969
976
973
967
971
966
969
968
972
978
970
973
975
973
972
973
966
980
971
979
984
968
974
975
971
973
978
974
981
976
980
980
965
982
974
968
975
972
970
975
977
980
979
978
978
973
973
966
980
976
976
971
984
985
987
980
980
976
979
983
979
990
977
985
979
973
983
993
984
982
982
979
982
976
992
983
989
982
982
976
988
972
982
984
1000
980
987
994
988
983
986
987
987
988
985
973
988
983
990
994
989
990
990
989
983
986
996
988
985
985
989
985
983
971
980
973
975
983
978
978
980
983
978
984
990
978
982
976
977
978
972
977
975
979
973
976
977
977
970
975
970
972
971
972
970
971
975
983
970
975
981
974
982
985
989
977
984
978
977
985
978
980
984
985
982
981
982
987
986
975
978
979
983
985
987
982
985
986
979
987
980
978
984
982
987
984
987
986
982
985
986
985
986
988
995
988
980
975
983
980
986
984
991
984
988
983
988
985
978
979
979
981
980
978
971
981
978
980
991
989
984
978
978
987
987
989
982
974
984
983
982
983
985
979
986
995
990
994
1001
993
993
997
993
983
990
993
985
990
977
987
983
985
990
987
987
979
998
991
999
987
988
992
979
988
990
991
989
988
989
993
994
996
995
996
1002
996
999
998
994
987
980
984
977
979
980
982
986
979
984
985
981
978
976
982
983
991
980
986
985
981
972
981
984
988
990
980
983
981
987
986
990
991
988
978
988
983
985
986
987
990
986
994
993
998
982
993
1000
992
987
1000
997
995
997
989
1003
996
995
994
996
1003
1001
1001
1000
996
1007
998
1002
997
996
998
995
992
984
1003
1006
1006
1000
1004
1007
1001
1001
998
996
1003
999
996
991
993
992
992
994
1000
996
996
989
999
992
1001
990
998
999
1005
1003
1005
1001
1006
1015
1010
1010
995
993
1005
1005
1008
1004
1008
1009
997
1001
997
1001
1004
1002
1012
1007
1000
1002
1009
1021
1010
1011
998
995
1002
1006
994
1007
996
1012
1005
999
1005
995
1000
1006
999
994
1005
1010
998
1001
996
999
998
997
1003
994
1002
998
1002
992
1002
1001
994
1003
1003
1008
1002
1005
1004
1007
988
1005
995
990
991
1009
1000
1000
1007
1006
1002
1008
1009
1000
1001
1000
1004
1004
1005
1005
1004
1006
1009
1004
1008
1009
1013
1014
1011
1011
1011
1009
1004
1007
1011
1011
1009
1004
997
1001
993
1014
1001
1015
1006
1000
997
1010
1002
1000
997
1001
1004
1004
1010
1007
1006
1002
999
1005
1003
998
996
1000
992
999
993
1000
996
992
1006
995
984
1004
994
1000
1006
1007
1006
1013
1001
1003
1012
1008
995
1007
1000
1000
1004
1007
1003
1002
1012
1016
1010
1013
1009
1010
1007
1007
1011
1015
1029
1018
1005
999
1015
1014
1001
997
1021
1013
1006
1007
1013
1021
1009
1008
1012
1002
1006
1002
1017
1014
1014
1010
1015
1004
1014
1009
1009
1004
997
996
1003
1007
1000
1004
998
1000
1003
1007
1009
1009
1006
1019
1008
1005
1004
1016
1010
1012
997
1009
1018
1006
1014
1011
1015
1001
1011
1006
1008
1012
1013
1015
1015
1019
1014
1018
1013
1009
1006
1012
1005
1016
1015
1014
1016
1009
1009
1022
1017
1020
1018
1016
1016
1021
1017
1016
1015
1012
1024
1016
1022
1018
1018
1005
1015
1015
1020
1007
1002
1020
1007
1016
1009
1004
1007
1009
1004
1009
1008
1007
1005
1011
1008
1004
1001
1010
1000
1000
999
1008
1010
1011
1006
1009
1008
1003
999
1007
1005
997
1006
1002
1003
1003
1006
1002
1005
1002
998
999
1008
1004
1006
1010
1009
1002
999
1007
1007
1005
1003
1005
1003
1008
1008
1011
1009
1007
1008
1004
1002
1000
1000
1001
1002
1004
1005
1009
1007
1010
1001
1004
1010
1012
1008
1008
1010
1014
1009
1014
1005
1007
1004
1016
1006
1008
993
999
1002
1007
999
1015
1010
1007
1006
1009
1004
1003
1000
997
1004
1005
1003
1007
1000
1006
1004
1006
1017
1005
1019
1013
1006
1002
1012
1013
1007
1017
1018
1016
1018
1017
1017
1007
1001
1001
1004
1000
1004
1001
1007
1007
1008
1015
1005
1014
1011
1006
1005
999
1003
1000
1007
1006
1007
1001
1001
1000
999
1007
1010
1008
999
1013
1010
1005
1010
1013
1020
1006
1000
996
1006
1007
1005
1010
1004
1002
1007
1011
1004
1006
1008
1008
1008
1010
1004
1013
1010
1009
1006
1008
1013
1013
1011
1013
1018
1007
1011
1014
1010
1006
1008
1005
1005
1011
1017
1012
1014
1007
1006
1008
1009
1008
1018
1013
1002
1012
1006
1015
1009
1009
1015
1006
1018
1009
1020
1015
1019
1013
1011
1012
1010
1008
1007
998
1006
1014
1011
1007
1009
1007
1013
1015
1002
1013
1014
1011
1008
1006
1000
1009
1004
1012
1019
1015
1003
1018
1014
997
1005
1000
1002
1004
997
1004
1002
1003
997
1003
1010
1002
999
1008
1002
1001
996
994
1003
994
996
994
1000
1003
998
1006
992
1000
1001
1009
992
991
990
995
992
1002
1000
1009
1000
996
997
1004
1013
1002
1002
1007
1007
1005
995
997
1010
1004
1004
1007
1004
1008
1012
1010
997
1011
1010
993
1001
1001
998
1002
1016
997
1006
1004
1008
999
1010
1012
997
1002
1009
1012
1011
1003
1013
1008
1003
1002
1000
1009
1003
1002
1001
1005
1006
1013
1005
1001
1003
1008
1005
996
1006
1005
1000
1004
1008
1011
1004
1010
1010
1014
1002
1004
998
1008
1007
997
1000
995
998
1002
1001
1000
998
993
998
996
1004
999
1007
1005
1005
1000
1002
1009
1005
1009
1005
1014
1014
1007
1005
1009
1006
1008
1006
1002
1007
1002
997
1000
1003
991
999
998
994
998
1006
1004
1006
1003
1004
1006
990
1004
1005
1003
996
998
997
1001
1008
999
1003
988
997
1004
1002
989
990
993
995
990
992
996
997
996
980
985
986
987
1000
996
991
989
999
991
1003
997
992
991
989
986
989
1011
1010
1005
1006
1007
1000
1003
1012
999
1000
1013
1008
1005
1007
1007
1008
1010
1006
1005
1010
1012
1009
1006
1005
1007
1012
1004
1009
1013
1001
1007
1003
1010
1015
1005
1012
1014
1025
1020
1015
1016
1005
1011
1013
1019
1009
1011
1013
1009
1015
1015
1009
1001
1011
1001
1005
1000
1006
1007
1012
1010
1006
1006
1001
1005
1008
1008
1007
1004
1014
1016
1011
1006
1004
1009
1017
1015
1007
1009
1006
1010
1007
1006
1007
1006
1011
1011
1003
1016
1008
1010
1003
1010
1008
1017
1003
1007
1012
1003
1005
1009
1007
1009
1013
1014
1010
1006
1008
1015
1010
1009
1006
1011
1007
1008
1021
1012
1015
1009
1008
1009
1008
1017
1013
1010
1017
1019
1024
1013
1011
1020
1020
1015
1019
1011
1017
1018
1026
1021
1008
1017
1009
1009
1004
1002
1004
1006
996
997
988
998
995
993
998
999
1004
1003
993
993
991
1008
996
1000
996
995
1000
1005
1003
1008
1014
1008
1010
1004
1007
999
1004
1002
994
1001
1002
999
1000
1001
1004
1007
1003
1010
997
998
1001
994
991
1001
1003
992
1002
996
998
987
987
994
992
995
1005
993
994
997
994
995
998
997
994
992
997
993
991
986
988
988
1003
996
982
991
998
992
993
992
999
992
992
993
992
990
991
1001
987
988
990
997
994
991
986
998
988
985
996
1000
992
994
994
994
987
992
992
993
989
988
998
994
993
993
991
989
1001
1000
989
996
992
991
999
990
1000
996
995
993
995
988
994
997
997
1003
1004
1005
990
1000
993
999
994
997
999
1006
994
998
991
991
997
992
998
995
996
997
998
998
1002
1000
996
1001
996
994
992
999
991
1002
999
1009
995
1000
997
998
1013
1002
1001
1005
1008
1011
1003
1001
992
994
1002
997
994
991
1001
1005
996
990
1000
1003
993
997
1001
1007
1003
1000
1004
1006
1008
997
1011
1001
1004
1007
999
1005
1008
1000
1002
999
1007
996
1009
1007
997
1002
1011
991
999
1007
1007
1010
1015
1009
1007
1013
1021
1016
1005
1008
1012
1007
1006
1011
1005
1006
993
1001
996
1000
1000
1004
1000
1001
998
993
1003
1002
999
992
994
999
999
997
995
983
998
994
998
999
998
992
999
1003
997
1008
1002
997
997
1003
1004
997
1002
1007
1000
1005
1009
1006
1002
998
1000
996
1000
1003
991
992
999
987
987
995
996
1002
1004
1000
1004
996
1004
1003
1004
1002
999
1004
998
1006
996
998
1009
1007
1006
994
999
1005
1010
1011
999
999
996
1001
1005
1013
1000
999
997
997
1005
997
992
995
1008
1001
1001
992
999
1000
1005
999
999
1000
997
993
997
999
999
997
1004
1001
998
997
1009
999
995
1001
1006
1007
1008
1005
1007
996
995
1011
1013
1017
1006
1008
1005
1009
998
1002
1004
1016
1003
1009
1007
1010
1009
1005
1010
1002
991
1004
1002
1006
999
1007
1005
1009
1017
1014
1018
1006
1007
1010
1008
1013
1016
1009
1019
1009
1011
1018
1005
1019
1006
1010
1015
1013
1010
1003
1012
1021
1015
1011
1019
1023
1017
1010
1021
1014
1005
1011
1007
1018
1013
1015
1015
1018
1015
1026
1022
1022
1022
1018
1012
1016
1009
1014
1015
1017
1021
1023
1028
1025
1021
1012
1016
1012
1019
1008
1016
1024
1017
1027
1023
1016
1007
1013
1020
1028
1011
1022
1017
1011
1009
1015
1009
1014
1020
1019
1019
1020
1019
1022
1019
1025
1025
1018
1019
1031
1028
1022
1023
1016
1022
1019
1020
1019
1020
1013
1001
1016
1010
997
1013
1011
1018
1018
1018
1025
1011
1004
1011
1019
1021
1013
1014
1020
1014
1008
1010
1003
1014
1014
1012
1009
1011
1015
1016
1004
1012
1017
1005
1009
1017
1006
1014
1012
1005
1004
1010
1010
1012
998
995
1000
1006
1012
1007
1007
1008
1013
1009
1012
1008
1007
996
1000
1002
1003
1013
1000
1008
1012
1005
1005
1002
1007
1008
1004
1008
1011
1004
1016
1016
1013
1020
1021
1015
1013
1025
1010
1020
1018
1016
1013
1008
1003
1019
1009
1014
1018
1011
1016
1011
1016
1010
1018
1010
1015
1020
1020
1010
1019
1015
1015
1002
1008
1010
1010
1007
1012
1004
1011
1009
1003
1012
1005
1005
1002
1001
1000
1013
1009
1016
1004
997
1001
999
992
998
998
997
997
989
995
1004
995
987
998
998
997
1000
999
992
1000
999
987
1004
997
1004
1009
1005
1005
1010
991
1002
1008
1010
1004
1005
1005
1006
993
1002
1010
994
999
1013
1008
1003
1007
1003
1008
1010
1005
1012
1003
1006
1005
1008
1008
1010
1008
999
1001
1008
999
1000
995
1010
999
991
1002
1004
1007
996
1001
1001
994
1007
1001
1001
1006
1014
1001
1001
999
1004
1003
1009
1007
998
1000
999
989
995
993
997
995
992
996
1007
1001
1005
1006
998
1003
1002
1000
998
995
994
984
992
989
996
985
995
998
997
1004
994
998
997
1006
992
995
1001
997
999
997
1003
1010
1008
1001
992
1003
998
995
996
993
992
1004
998
1009
992
999
994
994
992
990
997
998
988
989
994
989
995
992
995
986
989
991
991
984
987
981
995
992
997
999
982
981
979
984
991
988
984
993
987
993
987
987
988
985
981
987
982
986
990
989
993
991
996
989
989
988
991
988
992
998
995
992
994
990
985
988
995
994
996
1001
1002
988
985
995
985
995
996
995
1005
992
996
996
1000
1008
997
999
998
998
1003
992
1004
1010
1011
1008
1009
1001
999
1016
1005
1012
1012
1006
1007
1009
1007
1006
1007
999
1014
1006
1019
998
1007
998
1008
999
1011
1007
1005
997
1007
999
1004
998
1000
995
1000
995
1007
996
1001
1005
1001
1000
1005
1010
1007
1007
1006
1003
1008
1006
1009
1005
998
1004
993
1003
993
1001
990
998
995
1002
992
993
996
992
994
989
998
1003
993
997
987
986
984
991
995
995
995
988
995
998
1002
996
998
996
992
996
993
993
985
997
1000
993
996
1002
1005
1006
1011
1005
1011
1008
1004
1006
997
997
1008
1003
995
1001
998
989
998
992
995
1007
996
1004
997
1006
994
1004
1002
1004
999
1004
993
1004
1009
995
1000
1004
998
995
998
986
994
993
1006
1006
992
983
986
991
1002
996
996
992
994
994
993
