953
943
947
954
947
958
951
940
954
952
946
936
944
945
948
947
951
960
953
957
960
955
961
956
958
947
945
951
956
951
945
941
952
952
954
964
961
962
960
956
961
959
957
962
957
958
964
956
956
959
958
952
959
950
965
957
966
955
962
960
969
962
959
956
954
955
954
962
960
965
961
967
968
960
965
958
963
953
953
953
954
964
957
958
957
967
962
959
969
967
959
959
963
961
959
965
964
964
952
953
955
950
953
964
951
959
958
946
954
959
949
958
958
954
960
963
969
963
966
955
956
958
962
957
955
948
963
958
953
966
958
963
959
961
965
964
968
969
966
967
962
957
961
954
967
955
957
962
967
957
970
963
964
968
962
963
967
969
966
963
969
969
977
971
981
970
967
973
968
965
962
961
968
959
968
964
964
953
962
953
957
960
963
961
969
958
960
967
964
953
962
954
960
957
961
968
964
963
964
965
971
962
961
964
970
967
963
974
967
968
969
968
962
952
967
960
954
964
958
968
954
960
961
960
958
953
960
960
963
970
966
970
965
972
969
976
967
975
972
964
970
975
971
980
976
961
974
970
968
962
967
966
961
963
970
967
960
968
962
962
953
966
968
976
967
969
962
966
966
964
962
963
971
971
969
970
970
969
974
965
974
971
975
969
965
968
967
978
974
980
979
977
978
979
972
981
979
967
983
977
980
974
977
977
977
977
979
978
976
976
975
968
972
973
974
961
977
970
970
978
975
968
980
977
974
976
977
979
983
980
974
980
970
974
972
979
982
971
981
974
970
975
976
984
978
977
976
986
982
976
980
984
985
985
972
975
984
979
985
991
992
984
989
996
989
991
983
981
992
984
976
987
983
984
988
986
975
984
988
989
987
984
996
985
982
982
983
993
986
979
979
981
986
978
976
985
989
976
986
978
976
971
969
984
979
970
970
970
976
985
976
983
985
986
981
973
979
971
981
982
984
981
979
983
990
994
996
979
984
982
984
974
979
979
984
984
983
984
984
973
989
987
980
978
980
975
984
977
981
982
978
982
983
978
981
985
981
982
981
979
983
983
981
993
983
988
976
980
981
972
974
981
980
980
980
983
983
973
975
976
974
981
979
980
983
970
978
977
978
978
978
977
984
980
980
984
986
974
982
981
976
981
984
978
980
978
982
975
985
980
985
981
990
987
977
983
988
986
987
984
982
974
989
971
984
980
976
975
971
973
977
965
973
982
976
976
976
982
996
979
979
981
975
973
982
981
992
987
984
978
985
978
984
977
985
987
984
969
986
985
983
983
984
987
985
991
983
985
974
991
985
990
982
975
977
982
975
981
974
984
983
982
979
978
984
987
980
979
988
992
991
982
977
989
990
985
994
988
994
976
993
986
989
991
995
984
980
980
993
992
990
984
991
994
994
995
994
992
990
992
997
994
997
1009
1002
998
997
999
994
995
985
991
996
1000
988
991
999
1002
997
1002
991
983
987
987
993
992
998
986
986
988
992
995
992
988
994
1000
1000
988
996
999
998
994
995
994
995
996
998
996
999
1004
998
995
999
997
998
993
992
1000
994
998
1002
987
1003
993
996
991
997
996
999
993
998
994
994
987
992
994
993
999
994
997
994
998
995
1000
995
990
994
998
1001
999
986
992
989
984
980
973
980
979
980
993
993
987
985
985
989
992
989
993
992
992
988
993
989
990
988
990
992
986
992
994
987
990
990
997
1003
994
994
984
995
998
995
993
997
992
1002
996
986
991
991
991
1000
1002
1006
1001
994
997
999
996
999
999
995
1002
997
1000
1002
998
1002
1005
996
1001
1000
993
996
994
999
993
996
992
992
995
991
994
996
986
994
993
1002
998
1000
995
999
993
997
985
995
991
988
988
994
995
998
995
996
991
990
989
1004
1002
1004
993
1004
994
1005
998
997
997
997
999
996
1005
1000
999
998
1003
1003
998
1006
1006
1003
1002
1002
1008
1004
1004
1000
1009
999
1011
1003
1008
1001
997
992
996
993
989
1005
1002
1007
1003
1000
1004
999
1003
994
1002
1005
1003
1002
1001
998
1002
1000
999
998
1000
1003
997
983
994
992
991
1001
999
1001
1006
1003
998
995
997
998
998
996
1000
1003
1000
1003
997
1008
1005
1005
1006
1008
1002
998
1006
998
996
999
1007
1004
1005
1001
1003
1007
1011
1005
997
1009
1012
999
1003
1003
992
999
1010
1001
1013
1012
1009
1010
1008
1013
1008
1006
1008
1006
1000
1000
1007
999
1003
996
1001
1005
1004
992
1009
1006
1007
1009
1011
1004
998
999
995
992
997
997
994
1002
999
1002
995
999
1000
999
997
994
1003
999
999
996
985
990
990
986
992
997
1000
996
997
988
989
997
990
988
990
985
992
997
991
985
991
1000
988
987
989
989
996
987
993
994
994
995
990
1001
999
993
997
997
997
992
1000
992
986
989
993
993
990
991
996
984
989
989
997
991
999
995
994
991
990
991
994
994
994
991
998
989
985
992
992
986
989
985
992
993
991
991
993
1000
999
995
989
996
986
989
991
993
983
986
988
991
988
991
987
999
978
991
984
994
991
991
992
987
991
985
987
988
983
996
999
988
988
983
992
989
995
997
998
989
993
995
1003
1006
1001
1004
1005
1003
996
1001
1000
1002
1003
998
996
995
996
995
991
992
1001
1005
996
997
997
1007
998
1004
1017
1008
992
1003
1006
1005
1008
1012
1006
1006
1006
1003
1002
1000
1001
1000
998
1005
994
996
994
1003
999
1005
996
997
995
998
998
999
1003
998
997
1003
991
1001
1001
1002
997
1000
997
994
997
989
986
995
998
992
994
996
1002
1000
997
1006
998
1003
1000
1007
1006
1008
1010
1006
1002
1001
993
992
995
998
1002
1005
997
1003
1000
994
999
994
998
997
992
996
985
988
977
998
992
983
986
986
981
994
980
991
978
994
985
991
972
977
992
988
990
986
981
990
985
982
989
990
984
989
992
987
995
990
990
987
994
984
989
991
988
993
992
990
984
982
990
985
993
1002
997
990
984
994
997
998
997
997
984
992
997
995
992
989
989
987
991
988
989
986
993
996
987
995
999
998
1002
1004
990
998
997
997
995
996
1005
992
997
996
997
995
1005
999
987
997
990
991
997
992
999
1001
997
989
1004
1004
995
1001
994
999
990
998
993
990
989
988
996
994
991
991
994
998
988
993
995
991
994
996
994
992
990
986
993
995
999
1003
998
995
998
996
1000
989
992
997
1002
999
989
989
995
986
996
994
998
996
1005
1001
1004
1004
991
991
1001
998
992
995
994
996
993
996
993
998
992
988
997
1005
994
991
997
991
984
1001
997
993
988
990
994
989
990
989
991
996
997
992
990
995
995
995
998
991
995
996
1002
997
989
994
1002
1003
999
997
1001
1002
997
996
992
993
982
981
985
994
994
991
985
990
993
989
989
992
993
995
992
989
996
994
982
992
988
979
982
991
983
990
981
986
990
994
987
992
1000
997
1001
1006
1001
996
998
1003
1006
1001
998
1001
992
996
1002
995
986
986
998
993
996
998
1005
1009
1008
994
1001
997
999
1004
989
992
993
998
991
990
989
986
1003
996
999
1002
995
1000
1002
1001
1002
992
999
1008
1001
998
1000
997
997
996
1008
1003
1003
1005
1012
1018
1012
1010
1013
1013
1011
1007
1002
1011
1004
997
1007
1000
1004
1005
1009
1001
995
1004
1002
1001
997
997
1006
1008
1013
1009
1000
1007
994
999
992
1001
1000
994
998
999
992
993
1004
999
995
1012
1007
1001
998
1000
989
994
999
995
994
1002
996
994
999
989
997
996
990
992
988
985
990
987
993
988
991
995
993
994
993
988
997
1001
999
1001
1001
996
1000
1003
1003
1001
1005
1006
1002
1000
999
1002
996
997
992
997
1004
1010
1005
1001
1005
994
995
997
997
989
993
1000
1000
993
995
994
999
985
998
992
994
994
1004
998
993
997
997
1004
996
989
996
996
992
996
994
995
991
998
1000
997
1005
999
989
992
991
999
991
993
998
998
994
999
999
991
998
996
988
998
1000
998
985
994
993
997
984
995
998
996
999
990
992
995
994
1000
996
995
993
999
996
989
996
989
991
990
1004
997
987
983
990
994
991
992
993
995
999
991
1001
992
1002
994
995
988
1003
992
990
990
990
992
995
987
996
991
989
986
981
989
983
994
983
984
989
995
989
994
985
983
990
990
975
994
992
988
995
987
989
986
987
979
986
996
996
991
1000
999
1002
999
994
1002
991
997
992
994
1003
990
1000
997
996
996
986
998
993
998
999
999
997
1005
995
1004
997
989
996
992
995
1000
1002
997
993
991
991
994
993
1000
990
998
993
997
992
991
982
998
1008
1001
997
999
1000
1005
999
996
1000
993
995
1001
997
997
998
998
1006
1005
1001
1004
1001
1005
1002
997
1001
999
997
1004
993
1003
1000
1001
987
995
997
1000
999
995
992
994
997
994
1000
992
1001
1008
1001
991
1004
994
993
991
1000
1002
996
997
994
991
988
991
996
987
1001
985
991
992
989
998
987
989
990
992
983
984
994
1002
994
992
999
998
998
999
996
1000
1004
996
999
992
994
990
999
999
994
1002
1004
1001
1005
1003
1003
992
1000
1001
995
994
994
993
999
1003
1002
1001
998
997
1012
1000
1009
1006
1008
1001
1001
1006
994
1008
1005
1002
1009
1001
999
1004
1002
1003
1000
997
1005
1000
1002
1012
1010
1010
1011
1004
1007
1006
1010
1019
1014
1004
1001
997
1018
1013
1007
1005
1003
999
1001
996
1002
1002
1010
998
1013
1004
1009
1009
1014
1010
1006
1008
1002
1008
1005
1007
1017
1016
1013
1010
1009
1010
1014
1010
1017
1009
1011
1011
1013
1013
1013
1009
1012
1013
1008
1019
1015
1007
1009
1005
1024
1018
1017
1012
1016
1011
1018
1013
1013
1012
1016
1011
1012
1019
1012
1017
1020
1024
1018
1021
1023
1014
1016
1004
1015
1010
1016
1018
1013
1014
1015
1011
1008
1011
1009
1008
1006
1008
1010
1016
1018
1017
1016
1015
1013
1017
1021
1013
1022
1023
1018
1020
1023
1026
1018
1027
1028
1027
1020
1021
1018
1013
1022
1009
1017
1016
1012
1022
1023
1014
1020
1021
1025
1026
1020
1025
1020
1013
1015
1011
1022
1016
1016
1018
1019
1028
1017
1014
1026
1024
1030
1020
1025
1016
1020
1025
1015
1011
1015
1024
1019
1018
1022
1028
1031
1026
1027
1024
1027
1020
1017
1024
1018
1021
1027
1041
1035
1034
1034
1023
1017
1021
1022
1024
1023
1023
1020
1011
1017
1012
1018
1008
1026
1015
1017
1025
1020
1018
1019
1020
1012
1026
1020
1024
1015
1025
1029
1031
1026
1021
1019
1021
1026
1022
1017
1023
1017
1020
1021
1016
1017
1016
1023
1022
1016
1018
1017
1013
1015
1017
1019
1012
1022
1020
1022
1020
1019
1017
1016
1027
1030
1024
1024
1027
1029
1031
1027
1030
1031
1037
1034
1027
1036
1031
1027
1034
1024
1035
1040
1026
1035
1018
1025
1015
1025
1020
1018
1030
1023
1024
1030
1025
1037
1030
1033
1034
1036
1030
1038
1036
1035
1027
1027
1037
1041
1037
1044
1042
1030
1029
1030
1033
1029
1033
1028
1030
1032
1032
1034
1041
1039
1035
1034
1039
1037
1038
1032
1039
1034
1036
1036
1034
1036
1027
1031
1028
1026
1029
1035
1025
1026
1038
1032
1033
1032
1039
1031
1032
1034
1032
1034
1026
1026
1033
1039
1019
1028
1016
1022
1022
1023
1018
1018
1028
1030
1018
1028
1029
1024
1028
1031
1029
1030
1018
1025
1027
1024
1026
1029
1021
1028
1029
1022
1029
1030
1035
1021
1025
1023
1017
1024
1030
1029
1023
1015
1024
1017
1022
1029
1034
1035
1026
1030
1022
1027
1030
1021
1026
1024
1018
1027
1026
1027
1038
1037
1039
1041
1047
1034
1042
1037
1035
1040
1045
1042
1038
1038
1030
1039
1039
1030
1033
1031
1026
1032
1031
1026
1038
1033
1038
1035
1028
1043
1041
1027
1037
1034
1029
1028
1033
1029
1030
1035
1020
1028
1025
1029
1036
1033
1031
1017
1024
1035
1026
1026
1026
1034
1034
1033
1023
1028
1032
1019
1029
1029
1030
1029
1032
1027
1030
1030
1030
1032
1026
1023
1032
1033
1041
1027
1033
1037
1027
1027
1021
1033
1027
1024
1029
1034
1040
1037
1032
1029
1035
1034
1039
1034
1035
1034
1039
1036
1032
1026
1035
1035
1038
1034
1032
1027
1031
1034
1042
1030
1031
1033
1037
1045
1037
1033
1043
1045
1045
1045
1027
1036
1035
1038
1040
1046
1044
1037
1030
1046
1031
1032
1035
1040
1035
1039
1026
1047
1041
1045
1045
1043
1032
1039
1032
1030
1042
1040
1039
1042
1031
1031
1039
1041
1030
1041
1030
1043
1042
1030
1037
1031
1023
1025
1031
1034
1027
1038
1033
1032
1035
1039
1032
1030
1032
1030
1036
1036
1030
1036
1037
1033
1033
1029
1035
1034
1037
1034
1030
1035
1040
1042
1034
1035
1032
1037
1038
1034
1027
1032
1034
1029
1033
1032
1038
1038
1027
1036
1033
1026
1040
1030
1036
1039
1043
1038
1046
1041
1043
1039
1036
1036
1042
1038
1039
1049
1040
1047
1042
1035
1038
1040
1031
1036
1041
1035
1027
1028
1031
1028
1038
1036
1032
1036
1037
1025
1031
1028
1030
1032
1039
1028
1032
1037
1043
1036
1046
1040
1042
1042
1052
1045
1039
1045
1042
1037
1034
1028
1036
1038
1037
1037
1039
1035
1039
1034
1049
1042
1042
1036
1046
1040
1033
1038
1034
1037
1041
1036
1029
1037
1040
1036
1040
1039
1033
1040
1036
1051
1044
1041
1030
1040
1039
1033
1032
1031
1035
1032
1036
1033
1035
1041
1037
1035
1042
1038
1045
1045
1042
1055
1048
1040
1045
1048
1043
1044
1036
1046
1034
1045
1041
1041
1034
1032
1045
1032
1040
1043
1039
1034
1039
1044
1033
1031
1031
1043
1041
1041
1034
1034
1034
1030
1028
1031
1019
1033
1039
1030
1031
1038
1027
1029
1036
1035
1029
1029
1026
1031
1031
1026
1028
1036
1043
1033
1038
1030
1032
1030
1043
1034
1035
1035
1037
1039
1038
1036
1029
1031
1032
1037
1032
1031
1031
1029
1036
1033
1033
1032
1027
1031
1032
1029
1025
1031
1026
1035
1028
1039
1039
1026
1029
1026
1030
1026
1033
1033
1029
1035
1028
1032
1030
1035
1035
1032
1035
1033
1041
1033
1037
1031
1032
1027
1051
1044
1052
1052
1044
1044
1042
1053
1036
1036
1036
1036
1044
1031
1036
1033
1035
1036
1036
1043
1041
1035
1033
1038
1039
1041
1035
1032
1036
1033
1035
1039
1040
1041
1040
1034
1029
1038
1036
1043
1046
1043
1042
1044
1038
1042
1040
1045
1043
1044
1048
1044
1042
1040
1043
1047
1046
1042
1041
1044
1034
1036
1033
1042
1037
1043
1048
1048
1047
1044
1044
1042
1049
1050
1052
1045
1055
1049
1050
1046
1053
1052
1049
1046
1045
1048
1042
1030
1039
1047
1041
1051
1045
1042
1044
1046
1044
1043
1044
1041
1035
1046
1038
1044
1035
1039
1035
1031
1036
1035
1038
1038
1039
1045
1044
1046
1037
1040
1039
1031
1033
1040
1030
1042
1040
1044
1042
1049
1038
1040
1050
1051
1044
1042
1049
1053
1044
1042
1042
1043
1045
1040
1037
1048
1034
1042
1042
1038
1039
1043
1045
1033
1039
1041
1037
1038
1042
1041
1037
1036
1033
1044
1041
1035
1041
1035
1039
1028
1034
1035
1030
1031
1040
1037
1033
1031
1042
1044
1046
1037
1045
1039
1043
1035
1038
1030
1039
1037
1039
1029
1031
1027
1031
1035
1035
1037
1030
1026
1028
1024
1037
1033
1025
1029
1031
1035
1037
1034
1035
1039
1030
1032
1039
1030
1031
1036
1037
1037
1030
1037
1036
1037
1036
1032
1031
1037
1036
1030
1034
1039
1033
1036
1041
1036
1039
1034
1026
1031
1031
1034
1027
1029
1041
1043
1037
1034
1042
1034
1040
1036
1041
1034
1031
1037
1034
1037
1034
1031
1042
1035
1026
1025
1029
1028
1037
1030
1030
1012
1028
1024
1031
1029
1028
1030
1032
1037
1032
1033
1022
1037
1032
1022
1030
1022
1026
1029
1030
1032
1030
1030
1030
1032
1041
1037
1044
1039
1026
1033
1032
1038
1036
1036
1031
1030
1029
1031
1040
1031
1047
1033
1032
1034
1039
1033
1031
1036
1041
1038
1041
1037
1045
1041
1037
1050
1043
1043
1037
1043
1046
1040
1051
1048
1040
1045
1039
1039
1039
1029
1037
1033
1030
1037
1039
1032
1040
1026
1035
1035
1035
1037
1031
1038
1040
1035
1033
1033
1031
1031
1040
1031
1039
1040
1039
1037
1033
1044
1041
1041
1036
1035
1035
1036
1032
1030
1041
1034
1041
1035
1036
1049
1040
1036
1035
1039
1048
1031
1039
1038
1035
1037
1046
1039
1040
1034
1033
1029
1035
1036
1035
1031
1031
1044
1034
1037
1030
1034
1029
1042
1038
1038
1047
1045
1055
1046
1044
1036
1049
1046
1056
1039
1043
1044
1048
1048
1048
1037
1037
1048
1048
1043
1044
1042
1042
1042
1041
1036
1040
1039
1041
1035
1031
1037
1032
1034
1035
1038
1041
1035
1040
1041
1042
1037
1040
1030
1038
1041
1031
1033
1038
1040
1040
1056
1049
1043
1040
1039
1039
1047
1045
1047
1039
1051
1048
1044
1045
1037
1041
1044
1033
1038
1033
1038
1038
1050
1045
1044
1040
1042
1044
1044
1044
1047
1038
1046
1042
1040
1047
1040
1044
1048
1043
1041
1047
1044
1039
1046
1044
1036
1037
1034
1033
1041
1046
1045
1039
1044
1032
1039
1047
1053
1042
1042
1039
1041
1034
1034
1043
1045
1041
1049
1057
