942
954
949
957
952
951
945
948
943
945
948
951
940
948
949
940
942
943
940
940
945
948
947
938
942
943
943
947
945
953
953
954
958
954
950
949
956
960
966
960
964
957
963
961
955
956
957
955
962
963
955
960
961
962
958
954
965
957
961
963
958
956
955
956
954
947
946
949
957
944
955
958
959
951
951
953
963
958
966
964
966
966
969
959
953
959
950
954
950
958
947
955
954
952
956
948
949
946
952
947
959
951
955
960
966
959
963
964
960
972
968
972
965
965
962
957
955
959
959
964
959
967
964
967
964
965
965
970
961
965
962
965
959
966
962
960
962
963
963
964
966
966
965
965
970
970
963
963
969
970
971
969
979
969
976
973
967
964
966
973
974
970
967
970
968
966
963
964
967
958
960
964
962
961
963
959
960
962
961
967
964
966
960
965
954
970
969
973
977
975
975
973
966
974
965
980
972
966
971
965
974
981
978
977
983
984
980
986
982
980
987
976
982
984
981
988
988
980
989
981
984
980
978
980
987
981
972
977
970
979
989
989
978
987
979
974
977
972
981
975
983
984
989
976
980
980
984
982
979
980
988
979
980
979
985
979
980
980
979
988
980
984
984
980
993
990
987
994
987
986
987
989
990
988
986
983
982
985
972
980
986
980
983
980
976
981
977
987
984
984
983
980
990
983
978
975
978
981
983
976
972
977
971
978
978
978
973
980
980
979
982
989
985
986
985
983
989
992
983
992
982
981
985
975
978
974
988
990
994
983
993
987
991
979
986
982
986
978
987
986
981
978
980
990
983
983
984
980
979
979
986
971
974
976
975
974
983
977
983
982
978
978
986
979
983
981
976
975
976
981
978
981
983
976
977
982
966
971
984
978
976
987
977
994
990
990
990
996
998
988
985
990
989
992
992
988
995
991
990
993
980
984
994
988
993
985
991
994
987
990
987
981
986
981
988
984
994
982
990
984
979
975
990
978
986
987
994
984
984
989
986
982
987
987
979
988
983
986
987
988
983
994
991
987
984
986
985
982
980
985
991
990
981
979
982
990
983
986
983
971
981
982
975
978
982
980
978
985
987
986
986
980
983
987
989
994
985
991
975
978
983
983
993
986
988
988
979
980
977
977
988
982
982
982
979
971
974
970
972
976
975
977
970
982
986
974
974
974
973
967
970
974
974
969
980
971
967
968
962
975
972
968
967
971
960
968
970
974
976
979
968
978
973
975
978
977
980
976
970
981
977
978
975
972
972
967
968
970
968
968
969
968
968
975
976
973
980
978
975
980
974
972
975
989
975
980
972
982
980
979
981
981
982
975
974
982
983
989
990
984
980
982
986
981
987
982
982
983
976
970
979
982
974
991
982
985
981
979
978
985
975
976
979
977
984
981
982
986
981
986
990
975
980
975
988
971
982
971
974
975
977
983
981
984
984
987
983
987
983
980
981
986
983
975
984
985
985
979
983
978
978
979
983
971
968
978
975
988
982
985
985
991
987
989
982
993
992
991
992
984
995
993
992
989
993
985
990
992
989
990
999
990
1004
997
999
993
995
994
991
991
989
989
995
992
991
997
987
994
984
985
994
995
993
1002
990
991
993
997
995
996
992
988
994
991
981
989
988
990
984
979
992
989
990
992
994
987
993
990
982
988
996
988
996
988
984
995
993
989
995
996
994
995
1003
993
991
996
993
991
983
995
988
992
997
1000
995
993
1000
989
998
987
995
997
1003
991
998
997
1001
990
999
999
1002
1004
1003
1013
1009
1004
1005
1011
1003
1006
1004
1018
1013
1010
1005
1009
1012
1013
1006
1008
1016
1009
1013
1000
996
1013
1005
1002
1002
1000
992
995
995
1006
1009
997
1002
1004
996
1003
999
996
999
995
997
995
998
998
996
1006
1001
1008
1005
1003
996
1005
1000
1008
993
999
1003
998
998
1002
1001
999
1003
1005
1007
1007
1015
1017
1009
1012
1012
1014
1016
1019
1019
1018
1009
1009
1016
1009
1004
1011
1014
1013
1007
1006
1007
1017
1018
1006
1014
1015
1024
1009
1017
1013
1011
1004
1000
1012
1010
1015
1008
1010
1010
1004
1000
1012
1013
1015
1012
1007
1007
1013
1006
1011
1013
1012
999
1011
1006
997
1009
1014
1014
1013
1004
1011
1011
1008
1017
1007
1003
1003
999
994
1004
1006
1006
1004
993
1005
1005
1005
1002
1005
1007
1008
1012
1006
1003
1012
1004
1013
1008
1007
1017
1017
1016
1011
1013
1003
1006
1006
996
1010
1008
1009
1002
997
1000
1006
999
1007
1014
1011
1014
1004
1014
1011
1008
1005
1006
1013
1001
1006
1002
1001
1013
1012
1003
1004
997
1006
1006
1001
998
1007
999
993
1006
1009
1003
1010
1008
1000
1008
1006
999
998
1000
996
999
997
1000
1006
1003
988
1001
1003
1003
997
1001
1001
1005
1005
1009
1002
1011
1009
1007
1004
1012
1007
1004
1000
1002
1001
1007
1014
1004
1012
1020
1010
1003
1006
1009
1016
1017
1013
1005
1002
1021
1017
1020
1012
1019
1016
1013
1015
1009
1006
1006
1004
1012
1008
1012
1003
995
1009
1006
1009
1005
1011
1005
1008
1005
998
1014
1004
1003
1021
1015
1017
1012
1007
1009
1021
1014
1023
1018
1030
1016
1017
1006
1020
1010
1025
1010
1021
1017
1012
1011
1014
1020
1010
1013
1004
1010
1017
1014
1013
1015
1012
1015
1006
1010
1012
1007
1009
1004
1009
1005
1011
1004
1014
1004
1004
1002
1005
1002
1007
1012
1002
1014
998
1011
1012
1013
1007
1019
1015
1014
1023
1015
1016
1013
1006
1013
1015
1011
1019
1016
1014
1025
1019
1020
1016
1015
1017
1019
1016
1018
1013
1010
1011
1016
1011
1014
1008
1022
1014
1013
1015
1018
1012
1009
1006
1013
1003
1006
999
1006
999
1015
1015
1006
1006
1006
1012
1008
1011
1007
1006
1000
1001
1003
1003
999
1015
1006
1003
1012
1004
1001
1017
1006
1011
1005
1010
1013
1014
1021
1016
1005
1009
1008
1017
1018
1014
1012
1014
1012
1013
1005
1011
1019
1015
1008
1015
1012
1015
1022
1028
1014
1013
1007
1010
1009
1016
1019
1007
1012
1008
1007
1006
1011
1006
1005
1011
1018
1015
1012
1010
1002
1005
1006
1008
1008
1005
1020
1012
1008
1002
1015
1002
1003
1012
1000
1018
1019
1019
1017
1018
1012
1015
1012
1007
1011
1018
1011
1024
1017
1012
1013
1009
1005
1010
999
1006
1014
1004
1011
1004
1015
1019
1016
1015
1005
1012
1013
1012
1016
1019
1014
1009
1017
1024
1011
1009
1014
1015
1014
1013
1012
1009
1007
1011
1016
1019
1015
1027
1027
1014
1018
1023
1010
1025
1019
1020
1014
1025
1014
1020
1014
1020
1027
1031
1027
1025
1017
1028
1029
1026
1015
1018
1018
1015
1008
1006
1022
1022
1022
1012
1012
1022
1013
1011
1010
1018
1019
1021
1033
1014
1013
1017
1018
1011
1018
1011
1013
1022
1021
1024
1015
1023
1026
1014
1016
1012
1007
1022
1017
1015
1010
1011
1010
1019
1016
1012
1010
1010
1013
1008
1014
1017
1014
1018
1021
1011
1017
1015
1007
1013
1009
1017
1014
1016
1015
1019
1014
1020
1008
1020
1024
1014
1027
1015
1024
1022
1025
1017
1023
1021
1023
1023
1023
1014
1028
1014
1019
1022
1022
1000
1016
1018
1025
1015
1012
1020
1018
1010
1025
1010
1021
1022
1021
1010
1018
1020
1017
1013
1013
1010
1002
1005
1002
1000
1014
1007
1020
1013
1016
1017
1013
1013
1011
1010
1010
1012
1003
1010
1005
1016
1007
1011
1001
1007
1006
1007
1012
1006
1010
1000
1002
1006
1001
1007
1002
1008
1008
999
1003
999
997
996
1001
1002
999
992
1001
994
1006
1007
1002
1003
1006
1003
1000
1000
1000
1006
1001
1003
997
1003
998
999
998
997
1000
1006
1005
1014
1010
1008
1005
1004
1012
1008
1014
1006
1005
1003
1003
1005
1004
999
1007
1012
1006
1005
1006
1006
1001
1003
1001
998
993
1009
1000
1007
1004
999
999
995
990
983
988
987
985
989
988
990
994
995
1001
1001
1005
995
1000
995
989
996
991
993
995
989
990
994
1007
992
994
1001
998
990
994
996
993
990
1004
1012
1006
1011
1006
1007
1012
1005
1002
1007
1014
1013
1012
1011
1013
1007
1011
1011
1013
1009
1016
1010
1017
1013
1011
1009
1014
1015
1016
1021
1008
1020
1016
1012
1019
1003
1019
1016
1020
1005
1009
1013
1019
1012
1013
1012
1020
1026
1016
1027
1016
1012
1017
1011
1018
1021
1022
1024
1019
1010
1014
1015
1023
1016
1012
1016
1007
1012
1004
1015
1013
1017
1015
1005
1015
1012
1017
1017
1007
1017
1009
1013
1014
1005
1014
1009
1005
1006
1013
1011
1011
1009
1006
1005
1015
1004
1005
1010
1015
1011
1010
1014
1016
1016
1011
1008
1010
1017
1008
1002
1005
1008
1008
1016
1012
1018
1020
1023
1021
1027
1014
1017
1017
1027
1023
1031
1014
1018
1018
1026
1022
1018
1015
1020
1016
1012
1008
1011
1004
1009
1007
1004
1008
1004
1007
1007
999
1008
1005
1000
1003
1003
1001
1005
1007
1006
1009
1009
1002
995
1003
1002
1003
1005
1008
1003
1010
997
1003
1000
1004
1003
1002
1009
1009
1002
1007
1003
1012
1005
1004
1007
1004
1002
1015
1002
1008
1004
1007
1004
1002
996
1004
1004
1006
1013
1011
1008
993
1002
1004
1000
1007
1005
1005
1008
1010
1007
1016
1019
1011
1008
1014
1009
1004
1012
1006
1011
1006
1007
1012
1005
1002
1007
1014
1013
1012
1011
1013
1007
1011
1011
1013
1009
1016
1010
1017
1013
1011
1009
1014
1015
1016
1021
1008
1020
1016
1012
1019
1003
1019
1016
1020
1005
1009
1013
1019
1012
1013
1012
1020
1026
1016
1027
1016
1012
1017
1011
1018
1021
1022
1024
1019
1010
1014
1015
1023
1016
1012
1016
1007
1012
1004
1015
1013
1017
1015
1005
1015
1012
1017
1017
1007
1017
1009
1013
1014
1005
1014
1009
1005
1006
1013
1011
1011
1009
1006
1005
1015
1004
1005
1010
1015
1011
1010
1014
1016
1016
1011
1008
1010
1017
1008
1002
1005
1008
1008
1016
1012
1018
1020
1023
1021
1027
1014
1017
1017
1027
1023
1031
1014
1018
1018
1026
1022
1018
1015
1020
1016
1012
1008
1011
1004
1009
1007
1004
1008
1004
1007
1007
999
1008
1005
1000
1003
1003
1001
1005
1007
1006
1009
1009
1002
995
1003
1002
1003
1005
1008
1003
1010
997
1003
1000
1004
1003
1002
1009
1009
1002
1007
1003
1012
1005
1004
1007
1004
1002
1015
1002
1008
1004
1007
1004
1002
996
1004
1004
1006
1013
1011
1008
993
1002
1004
1000
1007
1005
1005
1008
1010
1007
1016
1019
1011
1008
1014
1009
1008
1005
1010
1004
1009
1012
1014
1004
1012
1020
1015
1019
1019
1006
1013
1013
1010
1011
1018
1012
1013
1009
1012
1013
1015
1014
1013
1011
1013
1016
1014
1011
1018
1011
1010
1019
1012
1004
1006
1004
1013
1012
1005
1016
1008
1006
1022
1013
1017
1008
1009
1013
1005
1006
1003
1014
1010
1009
1013
1014
1013
1019
1013
1008
1010
1016
1014
1012
1010
1014
1014
1015
1011
1018
1013
1013
1018
1004
1017
1008
1015
1015
1005
1016
1017
1017
1011
1017
1009
1014
1012
1015
998
1015
1011
1012
1011
1008
1017
1006
1007
1005
1015
1011
1019
1008
1015
1006
1012
1007
1008
1010
1011
1016
1013
1028
1016
1016
1018
1028
1018
1011
1017
1013
1005
1014
1018
1015
1014
1016
1019
1016
1011
1010
1021
1008
1013
1014
1017
1011
1008
1011
1015
1014
1003
1009
1004
1005
999
1001
1003
1009
1021
1005
1008
1008
1009
1018
1016
1019
1012
1017
1007
1011
1015
1006
1011
1002
1013
1011
1013
1019
1010
1014
1006
1013
1012
1016
1003
1005
1011
1008
1008
1011
1005
1012
1007
1008
1012
1007
1013
1015
1004
1015
1017
1020
1014
1025
1011
1007
1006
1009
1013
1010
1013
1018
1014
1011
1012
1010
1018
1009
1012
1012
1006
1009
1012
1007
1008
1008
1007
1011
1013
1016
1017
1010
1015
1014
1017
1007
1006
1015
1008
1007
1000
1000
1004
1002
1010
998
1003
997
1003
1001
1009
1010
1010
1002
1000
996
1000
1006
1008
1008
1001
1009
1003
1008
1006
1008
998
1011
1012
1006
1021
1013
1016
1009
1013
1014
1013
1013
1007
1009
1007
1011
1013
1013
1020
1020
1016
1021
1023
1018
1017
1014
1000
1014
1018
1009
1012
1010
1016
1021
1020
1019
1020
1014
1022
1018
1023
1023
1016
1027
1017
1017
1013
1017
1031
1022
1018
1015
1017
1017
1019
1018
1025
1020
1030
1027
1031
1025
1028
1027
1021
1016
1020
1025
1021
1024
1029
1023
1025
1021
1026
1020
1023
1022
1021
1019
1032
1017
1024
1028
1024
1031
1022
1026
1032
1030
1029
1032
1028
1024
1028
1030
1033
1031
1021
1023
1012
1025
1026
1024
1033
1026
1019
1018
1021
1031
1026
1025
1027
1027
1015
1018
1023
1018
1029
1029
1015
1026
1027
1026
1029
1023
1026
1025
1022
1019
1024
1031
1031
1024
1032
1025
1035
1031
1038
1035
1024
1031
1029
1021
1029
1029
1044
1025
1030
1028
1030
1032
1025
1032
1026
1025
1024
1025
1030
1030
1034
1031
1035
1031
1039
1038
1027
1034
1030
1031
1029
1022
1021
1025
1038
1026
1025
1031
1031
1026
1020
1023
1029
1024
1032
1024
1030
1022
1029
1032
1018
1026
1017
1019
1026
1021
1020
1025
1025
1024
1016
1018
1021
1020
1021
1021
1015
1009
1026
1022
1016
1022
1021
1019
1020
1015
1011
1018
1010
1017
1012
1028
1028
1026
1030
1032
1030
1034
1033
1025
1024
1019
1024
1018
1023
1016
1024
1024
1026
1019
1030
1024
1036
1031
1023
1021
1026
1025
1018
1015
1015
1023
1015
1021
1020
1021
1024
1023
1023
1022
1022
1028
1025
1027
1019
1019
1021
1026
1032
1018
1026
1025
1020
1027
1019
1029
1027
1026
1022
1026
1029
1024
1026
1027
1027
1027
1023
1025
1018
1030
1037
1027
1028
1028
1030
1022
1021
1024
1026
1032
1025
1022
1033
1030
1027
1021
1034
1029
1031
1021
1029
1030
1029
1018
1027
1031
1039
1034
1041
1036
1033
1026
1031
1027
1033
1032
1034
1027
1015
1025
1021
1017
1030
1029
1030
1021
1025
1032
1033
1036
1044
1034
1043
1028
1026
1031
1030
1032
1030
1027
1018
1034
1022
1034
1017
1030
1027
1036
1030
1025
1028
1035
1038
1027
1036
1026
1035
1036
1029
1019
1021
1021
1024
1016
1023
1031
1030
1029
1029
1022
1029
1023
1024
1027
1038
1028
1025
1026
1029
1024
1023
1028
1031
1019
1025
1034
1019
1026
1020
1022
1017
1021
1024
1032
1026
1023
1022
1028
1034
1027
1030
1025
1030
1031
1036
1035
1025
1036
1019
1029
1026
1025
1032
1034
1027
1027
1024
1026
1025
1016
1025
1017
1030
1031
1026
1031
1030
1023
1021
1031
1031
1036
1031
1032
1030
1022
1025
1028
1029
1034
1030
1046
1034
1029
1032
1031
1023
1030
1031
1040
1027
1028
1023
1036
1029
1027
1029
1038
1031
1037
1039
1040
1045
1040
1038
1040
1037
1039
1046
1033
1039
1032
1035
1031
1042
1037
1035
1026
1038
1034
1038
1034
1025
1033
1033
1032
1029
1047
1037
1035
1036
1036
1040
1038
1042
1043
1034
1043
1035
1036
1027
1026
1035
1028
1036
1031
1035
1032
1025
1035
1028
1035
1038
1030
1031
1036
1035
1025
1031
1031
1034
1026
1031
1026
1032
1022
1033
1041
1038
1038
1031
1032
1033
1033
1032
1028
1032
1036
1035
1033
1031
1038
1043
1041
1033
1032
1029
1031
1033
1031
1032
1021
1028
1036
1035
1031
1038
1038
1031
1039
1029
1037
1037
1042
1042
1029
1028
1030
1022
1026
1034
1033
1031
1027
1030
1030
1026
1034
1035
1023
1025
1021
1028
1031
1026
1025
1031
1032
1035
1033
1022
1024
1010
1020
1023
1021
1029
1033
1036
1028
1029
1028
1036
1024
1036
1043
1031
1032
1037
1034
1034
1033
1027
1020
1029
1033
1028
1032
1038
1035
1030
1038
1024
1034
1031
1036
1038
1042
1042
1036
1033
1042
1036
1026
1038
1029
1039
1036
1031
1031
1032
1042
1038
1031
1031
1027
1033
1037
1034
1034
1034
1037
1029
1028
1030
1033
1039
1034
1041
1048
1044
1034
1043
1049
1043
1050
1051
1042
1041
1034
1033
1036
1035
1038
1049
1033
1047
1041
1037
1039
1032
1044
1035
1034
1037
1029
1039
1031
1038
1037
1031
1035
1024
1024
1019
1019
1016
1026
1023
1026
1012
1019
1024
1012
1020
1016
1016
1019
1016
1016
1021
1017
1016
1023
1019
1022
1024
1027
1019
1009
1011
1015
1022
1018
1017
1017
1023
1017
1014
1024
1023
1031
1019
1022
1011
1021
1018
1023
1019
1020
1024
1023
1021
1026
1024
1032
1029
1029
1028
1018
1019
1012
1021
1022
1017
1023
1022
1012
1016
1017
1018
1022
1017
1011
1017
1020
1015
1022
1018
1014
1024
1014
1018
1017
1023
1020
1031
1018
1027
1019
1026
1027
1028
1028
1030
1027
1029
1022
1026
1031
1032
1034
1031
1025
1030
1043
1035
1031
1030
1036
1030
1033
1027
1037
1027
1028
1035
1029
1029
1025
1022
1026
1022
1030
1026
1023
1021
1023
1020
1025
1024
1012
1017
1032
1017
1025
1024
1030
1026
1017
1018
1015
1023
1019
1017
1027
1018
1021
1028
1018
1016
1030
1031
1024
1026
1021
1010
1020
1019
1023
1018
1020
1017
1017
1022
1023
1024
1021
1031
1023
1030
1028
1018
1024
1031
1036
1030
1028
1033
1029
1028
1015
1030
1034
1033
1025
1022
1029
1030
1026
1028
1026
1025
1030
1029
1021
1024
1021
1022
1024
1022
1033
1026
1027
1030
1026
1032
1022
1027
1027
1031
1021
1028
1029
1021
1020
1011
1022
1016
1027
1034
1032
1023
1029
1020
1024
1029
1026
1018
1026
1025
1032
1017
1019
1024
1022
1020
1025
1020
1023
1028
1029
1029
1025
1017
1024
1022
1029
1037
1028
1030
1027
1020
1026
1029
1023
1022
1019
1022
1025
1016
1023
1022
1009
1020
1019
1017
1015
1016
1023
1024
1023
1020
1027
1025
1030
1027
1027
1028
1035
1025
1026
1031
1029
1021
1017
1025
1026
1024
1021
1027
1028
1028
1029
1013
1022
1020
1024
1020
1022
1014
1025
1016
1028
1021
1022
1022
1018
1021
1028
1020
1021
1020
1015
1013
1016
1015
1007
1013
1012
1015
1010
1021
1024
1013
1009
1017
1020
1012
1012
1017
1014
1009
1017
1018
1015
1027
1027
1017
1018
1029
1025
1026
1008
1025
1013
1013
1018
1019
1016
1016
1014
1015
1016
1020
1015
1015
1011
1020
1023
1020
1020
1020
1018
1017
1019
1022
1018
1022
1016
1013
1009
1005
1017
1017
1022
1019
1008
1018
1018
1015
1017
1012
1014
1020
1017
1020
1019
1020
1015
1022
1031
1018
1017
1020
1025
1019
1022
1016
1014
1017
1013
1006
1019
1020
1022
1022
1018
1025
1017
1024
1008
1018
1010
1017
1018
1008
1012
1016
1020
1011
1017
1019
1014
1023
1015
1018
1020
1012
1012
1023
1016
1011
1014
1014
1010
1016
1019
1011
1018
1018
1020
1004
1011
1014
1024
1021
1021
1025
1019
1020
1024
1026
1020
1032
1022
1023
1020
1022
1022
1026
1020
1024
1022
1024
1023
1016
1026
1018
1020
1022
1019
1025
1009
1017
1013
1008
1021
1012
1017
1014
1015
1014
1008
1008
1010
1015
1005
1017
1014
1022
1020
1011
1019
1018
1010
1019
1020
1019
1013
1018
1018
1007
1018
1016
1024
1004
1011
1009
1015
1015
1017
1004
1009
1002
1013
1014
1010
1012
1012
1010
1008
1021
1005
1011
1009
1017
1011
1018
1017
1013
1017
1022
1015
1027
1013
1014
1029
1020
1027
1029
1013
1023
1021
1013
1021
1011
1017
1027
1009
1018
1029
1017
1019
1022
1012
1015
1026
1022
1022
1015
1014
1018
1019
1022
1026
1022
1027
1024
1025
1025
1020
1028
1026
1032
1023
1026
1028
1013
1024
1028
1029
1022
1023
1025
1023
1020
1023
1016
1021
1025
1024
1025
1013
1018
1028
1019
1022
1017
1022
1018
1021
1016
1016
1018
1020
