943
942
946
948
949
941
945
943
945
950
956
948
953
962
952
960
960
960
954
950
956
952
950
957
953
947
948
954
942
947
950
955
956
959
962
960
967
966
964
957
953
957
967
960
958
955
945
948
964
954
959
957
964
968
960
958
960
963
961
962
966
958
952
949
946
944
956
964
956
953
948
958
949
949
968
956
954
960
954
953
950
960
947
955
961
960
958
973
970
977
967
967
974
973
970
975
970
971
968
976
968
973
969
976
966
974
969
961
963
967
951
959
956
963
957
957
963
962
965
974
964
972
969
969
974
968
967
965
974
968
971
973
975
977
974
964
967
970
964
976
975
971
974
977
973
978
986
979
982
978
978
985
971
973
983
986
962
980
989
978
978
985
981
982
975
986
984
984
986
986
984
989
978
980
983
987
984
985
979
974
977
976
977
981
987
987
994
988
984
993
986
981
980
982
981
976
975
976
971
975
984
982
977
983
975
974
964
987
974
979
980
982
987
982
980
986
976
989
976
987
982
992
984
979
981
984
981
985
982
986
980
982
975
982
975
982
973
976
979
984
982
980
981
977
974
974
980
970
970
963
968
971
971
974
980
972
973
979
982
963
961
965
967
972
970
971
973
982
974
973
970
972
974
976
977
973
976
977
985
977
974
979
979
973
970
977
967
977
972
973
974
966
981
971
980
978
981
976
983
983
980
980
986
977
984
985
987
982
991
985
976
985
987
981
979
981
983
983
983
977
987
985
985
979
983
979
979
974
975
975
977
978
969
975
978
972
990
982
972
977
966
966
971
960
957
964
968
971
967
976
976
968
972
974
973
967
967
972
972
971
965
967
975
968
966
970
977
979
975
972
967
968
970
967
969
965
958
968
975
960
965
964
959
961
960
960
966
970
959
972
963
967
966
969
973
967
976
980
979
975
985
984
984
977
976
977
978
973
975
973
976
975
977
977
974
984
988
984
983
984
979
983
982
981
988
971
986
978
984
984
983
977
977
983
974
973
970
974
981
978
975
976
975
983
974
977
978
983
980
986
971
973
972
976
975
982
977
975
977
973
973
975
978
971
978
972
968
968
974
976
985
972
964
966
975
972
973
973
973
967
980
977
975
970
974
969
971
974
960
968
978
976
974
982
980
977
976
977
971
977
976
979
974
969
974
982
968
972
973
975
983
979
988
987
981
979
974
982
974
986
983
992
994
984
985
978
986
985
979
987
983
975
985
983
986
984
980
980
985
984
981
977
976
981
979
974
978
973
979
976
971
982
981
988
981
983
992
980
980
980
977
981
980
982
983
981
983
975
983
974
987
978
988
980
990
984
977
978
984
984
983
977
974
982
975
976
977
983
970
976
968
971
967
969
974
973
979
982
980
976
975
973
983
984
974
981
978
978
973
969
969
977
970
979
974
983
980
982
982
975
981
988
983
979
980
984
979
986
972
979
982
984
982
978
975
977
987
971
981
973
966
971
973
976
973
968
975
977
984
976
982
982
978
982
980
984
988
982
969
971
978
982
973
974
974
966
971
969
973
969
958
971
969
972
979
962
965
966
968
969
979
976
971
975
989
983
981
983
978
973
976
973
980
978
977
982
985
983
999
984
991
989
989
977
986
999
994
991
990
987
984
990
984
996
997
998
994
990
984
989
993
991
986
987
991
981
990
986
990
991
990
982
991
992
986
986
987
985
983
990
983
983
981
992
986
987
988
987
993
980
993
993
993
991
981
991
997
982
984
989
987
989
987
985
980
973
985
983
972
984
984
977
983
976
978
973
974
975
971
973
985
984
973
978
987
988
990
982
984
987
987
987
993
982
989
987
990
990
984
991
984
988
995
990
994
992
987
986
988
987
986
988
992
987
992
1001
993
988
993
999
1003
996
992
1003
998
1006
1000
1012
1000
1002
998
1005
1006
997
1008
1004
1003
1012
1004
1007
1009
1008
1002
1004
1017
1013
1004
1009
1006
1011
1012
1014
1018
1018
1016
1013
1000
1010
1002
1011
1006
1007
1005
1008
991
996
998
999
995
992
1001
986
990
990
997
999
1002
1006
1006
1005
1013
1005
1002
997
1002
1007
998
1004
1001
1002
1005
1011
1002
1012
1008
1009
1011
1013
1008
1002
1001
1002
1000
1002
993
997
1003
1005
999
999
1003
1009
1003
1004
1008
1006
1001
1004
998
1002
1002
1009
1010
1010
1002
1001
999
1007
1002
1002
1002
1009
998
1001
1001
1006
1000
1010
1004
1006
1007
1006
1011
1000
1011
1015
1009
1005
1005
1006
1000
1008
1007
999
1003
996
1002
994
1000
998
1012
1009
1011
998
1009
1008
1006
1012
1016
1010
1014
1007
999
1004
1003
1004
1004
1011
1011
1002
1001
1001
1009
1005
1002
1000
1002
997
997
1000
999
1004
1010
1009
1001
1000
1007
1013
1007
1006
999
999
994
997
1000
997
1002
1003
992
994
997
1002
1005
1005
1008
1005
1003
1005
992
1005
999
995
992
1001
1001
990
999
999
995
996
996
995
992
998
980
981
990
990
985
991
987
987
979
996
994
986
980
991
1001
988
987
994
999
1004
998
992
1007
1001
993
1007
1000
1008
1005
1000
1000
1002
1000
1007
1018
1005
1006
1009
1006
1005
1007
1010
1009
1008
1010
1006
1007
1012
997
1007
1001
1009
1005
1004
1010
1008
1012
1005
1002
1007
1009
1014
1009
1006
997
993
1005
998
1005
1001
1001
1016
1013
1008
1013
1004
1015
1015
1021
1012
1008
1007
1011
1014
1015
1012
1021
1015
1020
1014
1012
1008
1014
1020
1016
1013
1013
1009
1010
1009
1012
1010
1011
1015
1010
1021
1025
1036
1015
1017
1015
1013
1010
1007
1009
1018
1011
1008
1012
1008
1003
1014
1014
1004
1016
1010
1005
1007
1017
1008
1017
1006
1010
1019
1013
1014
1013
1021
1014
1010
1005
1014
1023
1020
1017
1029
1017
1022
1021
1016
1018
1018
1018
1028
1025
1017
1022
1025
1024
1018
1021
1019
1014
1014
1020
1018
1021
1015
1012
1007
1007
1011
1017
1021
1010
1019
1022
1023
1024
1022
1021
1021
1011
1012
1013
1009
1011
1011
1013
1006
1008
1011
1026
1019
1023
1016
1014
1014
1009
1018
1013
1004
1017
1009
1009
1011
1016
1020
1017
1012
1017
1013
1001
1010
1009
1014
1017
1008
1006
1013
1002
1018
1008
1020
1016
1023
1015
1008
1026
1021
1017
1005
1011
1008
1007
1016
1006
1004
1008
1000
1018
1012
1018
1012
1005
1005
1007
1018
1013
1001
1001
1007
1006
1003
1005
1006
1013
1012
1013
1002
998
1009
1009
999
1004
1006
1000
1002
999
1002
994
1009
1006
1006
1009
1008
1002
1007
1006
998
1004
1015
1019
1011
1015
1017
1011
1013
1007
1013
1008
1010
1004
1008
1013
1006
1015
1011
1011
1012
1014
1004
1011
1013
1011
1021
1009
1015
1008
1013
1016
1014
1010
1010
1012
1013
1010
1008
1012
1016
1001
1018
1013
1019
1013
1010
1016
1015
1024
1011
1003
1004
1011
1013
1015
1016
1003
996
1005
1006
1010
1004
1011
1012
1009
1007
1003
1013
1004
1011
1018
1007
1009
1000
1003
1012
998
1004
1009
1012
1008
1009
1004
1003
1018
1011
1011
1017
1005
1009
1011
1018
1009
1014
1014
1012
1008
1005
1005
1005
1015
1014
1010
1010
1024
1013
1013
1014
1024
1015
1017
1010
1020
1009
1019
1014
1018
1017
1028
1027
1009
1010
1015
1003
1015
1017
1016
1015
1020
1012
1019
1009
1016
1010
1009
1014
1012
1010
1018
1009
1011
1021
1020
1017
1022
1014
1019
1019
1022
1012
1018
1024
1025
1021
1024
1014
1022
1022
1018
1026
1019
1023
1020
1025
1024
1017
1017
1013
1015
1018
1013
1008
1010
1009
1009
1012
1013
1012
1012
1012
1011
1014
1017
1012
1018
1015
1021
1013
1023
1018
1009
1019
1013
1019
1020
1006
1002
1017
1021
1015
1008
1006
1012
1013
1014
1008
1017
1018
1012
1012
1016
1008
1014
1010
1009
1005
1009
1011
1010
1009
1001
1011
1015
1015
1014
1009
1011
1008
1015
1016
1009
1012
1007
1011
1020
1014
1013
1025
1015
1019
1018
1013
1014
1011
1012
1009
1002
1012
1011
1015
1012
1014
1009
1015
1014
1005
1012
1008
996
1002
1006
1001
1002
1004
1008
995
1004
1006
1001
996
1002
1013
1005
1009
1006
1006
998
993
1002
1009
1005
1011
1014
1008
1006
1012
1012
1016
1002
1000
1020
1012
1013
1019
1009
1020
1012
1020
1015
1010
1021
1017
1018
1010
1006
1011
1008
1013
1019
1011
1006
1010
1013
1010
1008
1005
1009
1001
1002
1000
1012
1001
1009
1000
1001
1006
1007
1005
1011
997
1006
1007
995
1004
1000
1003
997
996
992
997
1010
1007
1019
1016
1007
1005
1009
1006
1015
1004
1013
1011
1015
1013
1015
1021
1026
1019
1022
1017
1022
1018
1010
1005
1011
1013
1017
1017
1006
1013
1012
1015
1010
1013
1007
1006
1008
1014
1012
1012
1019
1010
1012
1019
1019
1012
1010
1021
1015
1013
1020
1021
1022
1022
1015
1018
1008
1018
1010
1010
1002
1017
1010
1011
1005
1013
1012
1020
1020
1008
1023
1020
1019
1015
1004
1014
1008
1014
1023
1021
1024
1023
1020
1021
1027
1010
1021
1018
1022
1019
1017
1020
1012
1018
1012
1021
1013
1018
1020
1013
1028
1014
1011
1019
1018
1018
1028
1012
1017
1013
1011
1010
1005
1016
1021
1018
1006
1005
1014
1008
1013
1005
1013
1015
1007
1015
1015
1015
1019
1020
1025
1014
1015
1014
1012
1011
1010
1011
1010
1012
1007
1015
1014
1016
1013
1002
1007
1011
1012
1011
1007
1003
1015
1004
1018
1018
1010
1019
1014
1012
1004
1011
1016
1016
1015
1014
1009
1017
1012
1005
1006
1011
1020
1017
1015
1024
1019
1005
1010
1014
1018
1017
1017
1017
1010
1026
1023
1017
1025
1013
1009
1011
1012
1007
999
1007
1004
1005
1011
1011
1008
1012
1007
1011
1013
1011
1016
1013
1008
1011
1014
1015
1013
1003
1004
1009
1010
1010
1008
1006
1012
1004
1013
1018
1011
1012
1016
1016
1012
1012
1022
1018
1012
1016
1022
1014
1016
1011
1013
1022
1009
1016
1010
1014
1010
1014
1016
1017
1003
1011
1016
1020
1018
1012
1012
1007
1009
1012
1021
1010
1016
1020
1017
1013
1010
1012
1015
1018
1019
1012
1013
1013
1009
1019
1017
1009
1012
1004
1010
1011
1012
1002
1017
1004
1017
1014
1013
1022
1014
1019
1011
1024
1015
1013
1009
1016
1011
1004
1013
1001
1001
1007
999
1009
1005
1002
1008
1006
1000
994
1007
1010
1010
1014
1010
1012
1012
1011
1008
1002
1009
1010
1001
1001
1008
1011
1007
1006
1012
1010
1014
1011
1010
1017
1003
1003
1007
1004
1019
1003
1004
1010
1009
1014
1016
1005
1018
1014
1009
1016
1011
1019
1017
1017
1016
1013
1012
1019
1013
1010
1024
1016
1004
1017
1016
1006
1010
1013
1013
1012
1012
1008
1018
1007
1007
1011
1013
1009
1006
1005
1010
1012
1007
1008
1014
1008
1010
1004
1009
1009
1012
1012
1014
1006
1013
999
998
1010
1003
1006
1007
1012
1010
1010
1002
998
999
1004
999
1004
990
1001
1007
1005
1004
1008
1014
1012
1015
1009
1016
1015
1011
1012
1014
1017
1015
1020
1010
1014
1005
1013
1008
1011
1017
1007
1016
1012
1019
1020
1019
1024
1022
1017
1009
1018
1016
1015
1020
1026
1019
1018
1026
1015
1018
1025
1015
1016
1023
1032
1022
1026
1023
1024
1021
1019
1020
1024
1013
1017
1013
1022
1015
1011
1012
1012
1017
1021
1025
1034
1025
1025
1028
1023
1018
1018
1015
1013
1025
1015
1020
1018
1021
1018
1016
1020
1021
1019
1018
1011
1014
1017
1018
1024
1021
1023
1013
1021
1030
1015
1024
1026
1024
1030
1026
1025
1030
1023
1023
1024
1024
1025
1033
1028
1025
1031
1031
1029
1015
1008
1022
1029
1031
1023
1023
1022
1021
1026
1031
1023
1017
1029
1019
1013
1020
1029
1019
1028
1030
1027
1018
1024
1013
1023
1024
1019
1021
1028
1020
1016
1011
1018
1019
1015
1024
1017
1019
1026
1030
1016
1013
1024
1015
1022
1030
1027
1031
1036
1031
1028
1025
1030
1024
1029
1022
1026
1022
1015
1027
1020
1017
1023
1016
1018
1025
1022
1027
1025
1028
1023
1036
1022
1023
1016
1024
1022
1020
1021
1023
1014
1009
1013
1006
1017
1019
1010
1016
1013
1012
1013
1019
1025
1020
1022
1024
1022
1024
1028
1018
1024
1022
1023
1017
1015
1017
1022
1018
1020
1019
1015
1028
1019
1022
1016
1027
1019
1015
1022
1022
1019
1023
1024
1020
1017
1015
1022
1013
1014
1015
1018
1014
1013
1014
1014
1013
1015
1026
1020
1027
1021
1024
1028
1023
1025
1016
1028
1020
1025
1017
1028
1023
1018
1015
1016
1021
1026
1017
1022
1019
1016
1011
1016
1017
1016
1011
1017
1021
1016
1006
1008
1016
1016
1013
1010
1014
1024
1020
1022
1019
1025
1018
1011
1011
1014
1014
1016
1008
1012
1009
1014
1013
1012
1005
1009
1009
1006
1010
1009
1015
1011
1013
1012
1018
1016
1014
1009
1009
1012
1013
1006
1008
1015
1021
1008
1024
1021
1015
1020
1019
1010
1009
1014
1018
1017
1007
1018
1009
1020
1017
1016
1017
1015
1013
1021
1014
1014
1016
1004
1015
1010
1013
1015
1017
1019
1014
1019
1020
1014
1023
1020
1003
1014
1013
1021
1016
1015
1017
1022
1021
1025
1020
1030
1029
1029
1026
1019
1028
1033
1029
1031
1022
1024
1020
1026
1022
1023
1023
1017
1024
1029
1020
1016
1037
1036
1025
1031
1029
1032
1029
1024
1032
1022
1017
1023
1018
1025
1021
1020
1028
1027
1024
1021
1017
1030
1019
1024
1019
1023
1016
1019
1022
1022
1030
1022
1032
1024
1024
1015
1018
1020
1013
1017
1019
1014
1018
1020
1015
1018
1026
1021
1009
1012
1014
1015
1018
1023
1027
1024
1022
1021
1017
1032
1023
1011
1022
1020
1022
1018
1014
1020
1027
1019
1028
1024
1018
1016
1024
1019
1013
1023
1023
1008
1010
1016
1015
1014
1015
1011
1015
1015
1012
1013
1009
1010
1012
1008
1014
1009
1014
1017
1015
1021
1015
1017
1010
1020
1009
1014
1020
1017
1017
1024
1014
1023
1019
1020
1023
1022
1011
1012
1022
1014
1021
1027
1023
1026
1029
1025
1030
1018
1020
1022
1022
1024
1033
1018
1023
1022
1016
1017
1026
1031
1026
1018
1022
1024
1027
1020
1021
1026
1016
1020
1033
1025
1030
1022
1024
1030
1035
1027
1024
1027
1023
1019
1015
1021
1016
1025
1008
1022
1018
1012
1016
1017
1017
1012
1014
1020
1020
1021
1011
1020
1021
1020
1006
1015
1008
1010
1015
1018
1016
1017
1019
1016
1021
1017
1014
1010
1012
1013
1002
1011
1017
1016
1022
1019
1017
1016
1019
1016
1013
1016
1006
1013
1015
1023
1023
1015
1016
1019
1022
1019
1021
1016
1012
1016
1016
1018
1019
1016
1021
1015
1017
1013
1009
1009
1018
1014
1009
1011
1013
1025
1021
1021
1017
1013
1017
1012
1012
1027
1019
1013
1019
1022
1015
1028
1018
1017
1018
1014
1020
1023
1025
1013
1020
1015
1024
1017
1012
1018
1010
1018
1024
1015
1010
1024
1025
1023
1021
1018
1017
1018
1021
1019
1023
1021
1011
1011
1015
1009
1005
1007
1007
1015
1013
1007
1020
1018
1004
1006
1013
1003
1020
1016
1014
1016
1019
1018
1018
1024
1012
1012
1002
1007
1006
1010
1007
1014
1013
1019
1020
1020
1015
1022
1008
1014
1009
1013
1024
1016
1017
1012
1022
1019
1021
1017
1019
1015
1011
1008
1015
1016
1021
1020
1021
1023
1015
1013
1024
1022
1013
1024
1022
1028
1020
1020
1025
1014
1014
1029
1026
1020
1016
1013
1009
1016
1009
1019
1025
1024
1031
1021
1008
1020
1019
1016
1017
1015
1010
1013
1019
1010
1010
1013
1016
1013
1018
1017
1016
1019
1016
1008
1022
1017
1018
1016
1028
1029
1020
1018
1015
1013
1019
1017
1015
1015
1016
1009
1011
1014
1016
1016
1008
1020
1015
1002
1014
1010
1011
1006
1009
1020
1009
1012
1016
1010
1014
1003
1003
1006
1014
1009
1006
1005
1012
1019
1024
1014
1010
1011
1009
1000
1019
1008
1007
1007
999
1016
1016
1019
1020
1008
1010
1008
1009
1019
1009
1011
1016
1013
1017
1016
1024
1029
1024
1023
1025
1025
1021
1019
1030
1033
1028
1029
1029
1031
1029
1029
1021
1025
1021
1023
1026
1028
1029
1023
1029
1036
1025
1030
1027
1026
1025
1029
1028
1026
1028
1033
1030
1022
1029
1020
1026
1028
1022
1018
1024
1026
1023
1030
1028
1026
1024
1029
1032
1029
1026
1024
1027
1024
1024
1027
1027
1025
1018
1035
1024
1037
1021
1029
1027
1032
1027
1022
1019
1030
1022
1029
1030
1023
1022
1035
1021
1021
1028
1030
1025
1021
1030
1026
1029
1025
1020
1018
1026
1026
1027
1026
1025
1016
1028
1032
1029
1036
1030
1030
1036
1033
1027
1031
1026
1035
1029
1027
1025
1027
1028
1035
1028
1029
1027
1032
1031
1030
1039
1037
1029
1030
1029
1025
1027
1029
1025
1024
1028
1027
1028
1031
1029
1016
1034
1021
1023
1034
1026
1029
1031
1040
1038
1028
1024
1036
1042
1030
1030
1034
1039
1035
1034
1032
1026
1029
1042
1034
1040
1045
1038
1037
1033
1029
1039
1039
1032
1034
1041
1033
1032
1024
1038
1031
1031
1031
1031
1032
1043
1038
1041
1042
1037
1039
1039
1045
1039
1046
1038
1038
1044
1027
1035
1035
1022
1032
1026
1024
1027
1025
1026
1035
1036
1034
1037
1035
1031
1035
1028
1035
1036
1040
1042
1033
1037
1030
1041
1039
1029
1041
1040
1044
1042
1034
1036
1042
1045
1036
1033
1032
1040
1040
1039
1040
1038
1045
1039
1031
1040
1034
1039
1030
1031
1031
1034
1035
1022
1026
1026
1025
1024
1027
1026
1022
1030
1019
1029
1027
1026
1030
1022
1023
1027
1031
1036
1029
1028
1033
1041
1032
1034
1042
1031
1027
1031
1040
1037
1024
1033
1040
1039
1032
1041
1046
1040
1042
1039
1035
1033
1040
1037
1024
1029
1033
1026
1034
1039
1040
1034
1039
1040
1039
1043
1044
1038
1039
1042
1039
1043
1050
1037
1038
1042
1042
1044
1041
1034
1041
1039
1036
1039
1028
1040
1030
1028
1039
1042
1034
1038
1038
1030
1033
1034
1043
1033
1040
1038
1033
1039
1044
1038
1031
1036
1039
1044
1034
1039
1033
1040
1032
1036
1031
1032
1037
1033
1040
1042
1036
1041
1044
1045
1041
1050
1056
1039
1039
1042
1044
1043
1038
1046
1046
1046
1044
1048
1043
1041
1053
1050
1046
1045
1049
1038
1037
1049
1036
1048
1044
1045
1039
1035
1046
1039
1041
1043
1042
1045
1037
1033
1045
1048
1034
1045
1034
1044
1034
1049
1044
1047
1042
1044
1051
1043
1042
1039
1046
1043
1037
1040
1038
1040
1040
1037
1042
1038
1032
1035
1037
1045
1035
1035
1045
1035
1040
1036
1036
1047
1042
1040
1048
1031
1035
1039
1041
1034
1038
1034
1042
1034
1037
1038
1037
1034
1042
1042
1040
1040
1042
1046
1033
1036
1035
1034
1031
1038
1035
1040
1033
1035
1038
1031
1038
1027
1024
1027
1037
1024
1023
1029
1025
1041
1032
1033
1034
1029
1037
1031
1027
1022
1026
1030
1034
1031
1033
1030
1034
1029
1028
1034
1037
1037
1043
1035
1026
1038
1039
1036
1042
1034
1031
1040
1036
1039
1042
1033
1037
1031
1037
1031
1031
1030
1043
1036
1050
1044
1035
1034
1047
1043
1042
1044
1039
1038
1046
1037
1045
1037
1039
1025
1040
1034
1034
1034
1040
1036
1040
1035
1040
1038
1032
1027
1030
1028
1039
1032
1029
1023
1032
1034
1039
1024
1035
1033
1033
1033
1038
1037
1037
1032
1023
1026
1030
1029
1033
1027
1026
1038
1029
1022
1034
1029
1029
1039
1044
1038
1040
1041
1046
1044
1039
1037
1037
1037
1040
1031
1037
1024
1031
1033
1021
1039
1032
1034
1027
1034
1035
1028
1031
1034
1038
1037
1030
1036
1035
1028
1029
1041
1037
1036
1030
1035
1039
1033
1029
1031
1025
1031
1032
1030
1035
1033
1033
1033
1033
1029
1039
1028
1031
1035
1034
1031
1042
1030
1031
1024
1035
1043
1035
1038
1036
1028
1036
1034
1019
1036
1035
1026
1028
1027
1036
1031
1029
1030
1038
1036
1040
1047
1044
1038
1042
1040
1034
1030
1028
1034
1030
1034
1034
1036
1035
1039
1035
1038
1028
1040
1027
1030
1036
1039
1022
1036
1037
1038
1034
1021
1032
1022
1029
1021
1031
1032
1034
1030
1026
1032
1032
1030
1035
1027
1035
1028
1035
1034
1031
1029
1023
1025
1041
1036
1028
1029
1021
1026
1031
1026
1034
1035
1028
1034
1029
1033
1041
1043
1032
1037
1032
1038
1041
1040
1032
1033
1040
1037
1040
1044
1037
1035
1048
1045
1039
1034
1037
1045
1044
1045
1029
1036
1035
1041
1030
1025
1029
1035
1039
1034
1042
1042
1041
1029
1031
1044
1046
1038
1042
1039
1043
1036
1036
1036
1040
1035
1039
1034
1038
1031
1032
1026
1028
1037
1044
1033
1028
1028
1030
1035
1029
1023
1032
1029
1026
1029
1029
1028
1030
1016
1030
1026
1022
1024
1021
1020
1024
1021
1024
1023
1030
1029
1023
1019
1027
1021
1019
1016
1026
1025
1014
1016
1022
1023
1025
1025
1030
1023
1025
1027
1027
1028
1020
1021
1022
1031
1027
1023
1020
1025
1026
1023
1028
1025
1037
1036
1026
1027
1035
1033
1025
1033
1032
1033
1034
1039
1029
1035
1041
1031
1035
1038
1025
1033
1032
1027
1036
1033
1034
1025
1018
1027
1028
1027
1026
1020
1026
1029
1023
1033
1029
1032
1024
1020
1024
1023
1023
1035
1019
1025
1022
1023
1037
1035
1025
1039
1028
1027
1032
1032
1032
1035
1036
1026
1029
1033
1024
1025
1028
1029
1028
1035
1032
1034
1033
1031
1027
1033
1034
1027
1027
1037
1035
1040
1045
1041
1041
1036
1040
1043
1034
1040
1041
1023
1033
1035
1031
1033
1031
1024
1028
1035
1032
1034
1034
1033
1036
1034
1026
1033
1031
1026
1041
1035
1042
1037
1039
1043
1039
1031
1035
1039
1034
1036
1035
1038
1043
1039
1032
1037
1033
1033
1037
1033
1034
1029
1024
1028
1033
1029
1032
1025
1035
1029
1030
1030
1037
1033
1043
1037
1031
1039
1027
1039
1036
1037
1031
1032
1032
1035
1036
1045
1044
1039
1036
1033
1038
1039
1031
1041
1031
1042
1037
1041
1028
1028
1040
1031
1023
1035
1022
1034
1036
1033
1032
1035
1035
1032
1034
1028
1029
1039
1032
1025
1028
1030
1033
1039
1028
1033
1032
1034
1028
1025
1033
1030
1038
1033
1027
1037
1041
1026
1038
1043
1033
1036
1037
1039
1033
1041
1033
1041
1036
1029
1035
1033
1035
1038
1030
1027
1030
1037
1038
1029
1030
1036
1024
