943
942
945
943
945
952
948
950
946
947
944
946
946
947
948
954
946
951
950
950
943
949
949
947
943
951
948
943
947
949
951
946
946
944
946
944
945
939
940
949
941
952
946
950
945
942
952
945
942
941
944
951
947
951
947
946
943
954
953
949
949
937
942
951
946
942
944
941
942
952
951
953
960
952
954
957
952
962
959
964
960
954
964
952
957
959
954
955
961
964
958
962
962
962
962
957
957
959
960
957
955
953
951
962
954
963
961
951
962
955
953
944
956
961
954
961
959
961
962
952
960
956
956
961
960
963
965
963
968
963
971
970
971
963
973
973
964
973
980
974
968
964
963
970
972
966
963
970
960
964
960
963
967
958
970
971
965
971
973
976
972
973
969
971
978
969
972
973
974
967
971
971
960
962
967
970
973
972
973
966
967
963
968
965
959
967
965
958
961
968
952
965
967
966
965
958
949
960
955
956
956
960
968
969
962
958
970
968
964
961
958
956
964
954
962
956
972
959
961
960
961
965
968
976
953
965
965
964
959
966
971
976
968
973
969
966
961
970
965
968
959
954
957
958
966
964
966
956
962
962
958
961
962
961
965
960
962
955
965
963
973
963
967
961
961
958
962
967
966
969
968
965
969
965
964
960
963
963
960
949
964
959
967
957
958
954
966
955
966
961
976
969
975
977
970
977
974
966
976
977
970
961
965
965
968
978
980
973
967
978
981
976
974
977
973
974
973
975
970
971
970
978
968
967
971
964
963
972
970
974
958
971
970
968
971
969
967
967
979
975
968
968
965
967
975
972
986
974
978
979
981
977
981
985
976
990
985
976
980
984
978
974
991
989
985
979
984
983
981
977
980
988
991
991
981
997
976
977
975
972
987
977
991
985
982
986
983
978
979
983
973
983
976
977
976
970
971
971
975
976
970
968
975
974
987
994
979
981
977
979
981
981
968
985
971
968
972
972
974
979
962
974
975
974
975
986
988
975
983
977
978
973
986
981
978
982
977
988
986
985
983
989
981
987
985
974
983
989
982
983
984
981
971
975
981
978
980
972
972
980
974
980
974
980
975
973
971
970
973
971
973
973
969
975
972
972
970
980
976
970
973
966
975
978
977
975
968
980
968
972
976
971
975
971
972
975
974
967
968
975
974
972
970
967
964
967
969
964
960
975
954
967
957
961
960
959
963
965
959
968
963
962
973
967
957
957
968
980
968
973
982
979
973
975
972
975
973
980
966
973
968
970
974
963
977
967
967
968
976
963
966
968
967
970
965
971
972
962
971
978
971
973
980
973
979
976
974
977
982
979
973
972
973
975
978
977
971
977
972
972
975
981
976
975
972
973
980
972
974
978
980
977
976
965
968
971
973
976
978
981
982
983
975
975
988
987
982
985
988
988
976
977
979
981
984
975
978
980
989
983
984
975
976
980
981
977
982
980
976
987
973
978
971
979
980
994
993
990
986
988
973
973
976
979
972
978
980
989
979
976
978
969
976
978
980
982
986
977
975
973
979
986
969
977
982
972
979
983
981
978
975
982
990
983
979
977
981
986
980
983
991
983
978
983
975
980
972
984
987
983
974
980
977
980
981
985
977
975
970
971
968
976
979
971
968
972
972
974
979
962
974
975
974
975
986
988
975
983
977
978
973
986
981
978
982
977
988
986
985
983
989
981
987
985
974
983
989
982
983
984
981
971
975
981
978
980
972
972
980
974
980
974
980
975
973
971
970
973
971
973
973
969
975
972
972
970
980
976
970
973
966
975
978
977
975
968
980
968
972
976
971
975
971
972
975
974
967
968
975
974
972
970
967
964
967
969
964
960
975
954
967
957
961
960
959
963
965
959
968
963
962
973
967
957
957
968
980
968
973
982
979
973
975
972
975
973
980
966
973
968
970
974
963
977
967
967
968
976
963
966
968
967
970
965
971
972
962
971
978
971
973
980
973
979
976
974
977
982
979
973
972
973
975
978
977
971
977
972
972
975
981
976
975
972
973
980
972
974
978
980
977
976
965
968
971
973
976
978
981
982
983
975
975
988
987
982
985
988
988
976
977
979
981
984
975
978
980
989
983
984
975
976
980
981
977
982
980
976
987
973
978
971
979
980
994
993
990
986
988
973
973
976
979
972
978
980
989
979
976
978
969
976
978
980
982
986
977
975
973
979
986
969
977
982
972
979
983
981
978
975
982
990
983
979
977
981
986
980
983
991
983
978
983
975
980
972
984
987
983
974
980
977
980
981
985
977
975
970
971
968
976
979
973
973
964
968
968
976
974
975
984
982
976
976
975
969
973
971
976
971
947
971
973
957
968
973
972
969
970
971
973
972
973
972
966
983
980
965
970
973
970
975
972
971
976
973
973
976
977
967
970
974
971
976
973
969
966
964
967
965
979
976
974
976
973
979
967
968
964
967
972
977
973
989
978
989
980
979
979
982
982
985
980
983
980
987
982
983
982
984
978
966
977
974
977
973
979
981
980
988
977
983
979
978
977
973
982
976
976
975
983
976
978
977
984
981
976
989
986
984
982
977
977
985
978
982
975
984
975
987
984
978
990
980
982
981
990
987
980
981
988
986
990
990
987
988
985
984
990
982
991
994
989
981
990
999
990
984
975
982
990
988
985
982
987
978
977
966
974
975
978
966
971
971
967
973
974
977
981
983
984
989
995
994
993
991
985
987
982
992
992
999
995
976
986
980
985
967
974
981
982
980
986
972
981
973
979
979
982
983
981
983
980
978
984
982
980
973
981
971
978
981
982
976
977
980
972
975
976
972
970
966
977
972
974
979
979
983
983
981
978
976
980
982
984
984
985
981
978
982
985
983
987
986
983
989
982
981
981
981
985
984
992
997
989
997
993
994
995
987
988
999
988
996
998
998
994
991
993
998
992
999
983
999
986
995
990
994
996
995
1000
996
993
990
997
995
991
999
997
994
1001
989
992
993
989
988
981
987
986
980
990
985
993
985
989
975
989
982
993
988
982
991
994
983
985
986
988
994
983
989
993
993
989
988
983
993
987
993
990
997
999
988
997
988
998
995
996
990
988
992
1002
994
995
990
992
989
990
986
988
994
990
985
994
999
989
992
988
984
990
985
983
984
981
989
982
982
986
984
992
996
997
983
996
994
992
994
983
997
987
988
991
988
988
997
992
994
988
998
988
994
993
989
994
985
996
995
986
989
992
986
994
995
985
992
991
993
994
991
992
993
995
997
984
989
996
991
994
992
996
989
1003
1004
996
991
996
995
990
999
998
991
992
1002
983
994
995
986
989
987
986
987
994
995
979
993
996
996
989
996
1001
995
998
995
995
995
992
996
982
991
990
1003
996
1000
996
993
997
998
998
1002
994
998
995
995
1004
993
1001
1000
1002
992
1002
1000
998
991
988
994
1001
1001
999
994
999
989
991
990
991
990
1000
993
991
994
992
989
990
995
987
987
995
985
982
987
989
994
992
992
989
991
989
992
995
996
1001
1001
996
990
996
991
989
993
999
1001
997
997
991
1000
1001
1001
991
1001
998
992
1007
988
996
999
996
996
997
996
991
997
995
1004
1008
1009
1000
998
1005
1001
1001
1006
1006
1015
1004
1007
1012
1008
1007
1002
1007
1001
1008
1012
1010
1006
1014
1015
1001
1001
1002
1014
1007
1005
1008
1003
1010
999
1000
1000
1001
1015
1010
1002
1005
1014
1007
1008
1009
1010
995
999
999
1007
1003
1007
1008
996
1008
1002
1016
1003
1000
997
1002
1010
1001
1009
1003
1009
996
1003
1003
1002
1002
1013
1008
1001
1015
1006
1005
1005
1011
1007
1011
1006
1012
1013
1008
1004
1003
1001
999
1002
1004
1006
1004
1005
1002
1007
998
1007
1007
1008
1002
1003
1002
1008
1010
1008
1001
1008
1004
1007
1007
1003
1018
1011
1015
1014
1024
1016
1017
1009
1015
1020
1016
1020
1014
1014
1012
1017
1018
1007
1012
1016
1021
1019
1010
1018
1015
1010
1012
1016
1020
1009
1005
1005
1016
1017
1019
1001
1011
999
1005
1005
1003
1012
1012
1006
1006
1012
1012
1007
1007
1010
1011
1011
1000
1015
1010
1008
1009
1004
1000
1013
1007
1005
1011
1008
1014
1013
1008
1010
1006
1016
1014
1013
1015
1019
1022
1009
1017
1009
1023
1010
1023
1018
1027
1017
1026
1010
1020
1016
1022
1017
1024
1016
1009
1014
1006
1017
1020
1021
1025
1024
1011
1024
1023
1018
1010
1015
1010
1012
1007
1005
1006
1008
1002
996
1001
1000
1009
1005
1012
1004
1013
1014
1001
1010
1008
1006
1005
1001
1005
997
1011
1002
1005
1007
1003
1003
1002
1002
1012
1008
1010
1002
1006
1011
1011
1013
1007
1010
1004
1003
1006
999
1003
1001
1003
1008
1004
1008
998
1000
1010
1005
1006
1007
1013
1013
1008
1013
1003
1008
1011
1005
1020
1013
1021
1013
1015
1015
1019
1010
1010
1012
1005
1007
1008
1020
1020
1016
1020
1020
1016
1015
1016
1012
1006
1007
1010
1013
1013
1000
1011
1012
1004
1008
1002
1010
1001
1020
1018
1020
1010
1008
999
1020
1011
1015
1014
1011
1019
1015
1008
1009
1007
1002
999
1001
1007
996
1001
1007
1008
1004
1001
1006
1011
1005
995
998
1004
1011
995
1000
1001
998
1000
1005
998
1007
997
1004
989
995
1002
999
1002
993
997
994
990
990
997
1008
1004
998
996
1000
999
996
1008
989
1003
1003
1004
1009
1001
993
991
991
994
995
996
990
995
986
987
992
985
988
990
992
991
989
993
996
1005
1001
1003
998
997
995
999
996
995
998
1002
997
992
1002
997
1002
1001
994
992
995
1000
998
1003
1000
996
990
991
991
997
994
999
989
992
996
992
994
991
996
988
992
994
999
1005
1009
1003
1003
1008
1006
994
1000
990
998
1001
998
996
994
994
990
987
993
992
1000
993
995
992
991
994
988
988
989
995
996
995
1001
1000
994
984
988
982
996
987
988
978
990
996
991
980
995
989
988
998
994
992
996
1000
1002
991
990
994
990
1005
1003
996
991
999
992
1000
999
996
998
1005
995
996
1000
990
1001
1000
996
998
993
1003
993
989
1003
995
992
991
987
997
995
988
990
994
1001
993
990
1000
996
987
995
999
997
997
993
1000
996
1005
983
992
990
994
986
998
995
993
992
1003
987
992
998
995
1001
995
993
990
997
992
993
986
990
986
985
996
987
995
994
991
996
997
988
991
996
989
994
988
990
995
983
980
978
990
992
991
988
985
979
976
983
980
987
978
995
1001
998
997
996
991
990
994
994
1000
993
988
992
1005
988
992
988
995
997
997
995
989
997
992
990
995
994
996
997
995
983
992
985
996
999
998
989
993
1006
1002
999
1004
997
999
994
991
992
998
989
989
985
989
986
990
994
985
992
992
997
998
992
993
980
992
992
985
993
992
997
998
992
988
987
979
992
988
985
989
976
981
986
983
996
985
982
988
986
984
995
991
990
993
1001
991
984
996
1008
997
998
999
993
996
1000
988
998
993
991
990
999
998
990
988
1000
995
999
998
991
986
993
995
996
993
1002
996
1000
995
999
984
993
998
999
991
992
999
990
999
1005
1005
999
998
1007
1004
1006
1005
1002
1015
1016
997
999
1002
1003
1012
1002
1010
1015
1005
1012
1006
1000
1008
1004
1000
994
1003
1013
1004
1001
1017
1012
1000
1009
1014
1014
1004
1008
1003
1012
1015
1008
1009
1016
1016
1015
1010
1013
1008
1014
1015
1017
1015
1011
1011
1017
1006
1016
1003
1009
1015
1004
1005
999
1006
1010
1010
1010
1010
1005
1017
1015
1005
1013
1003
1010
1013
1010
1014
1005
1009
1013
1009
1006
1002
1009
1002
1009
1005
1011
1004
1005
1001
1007
1011
1010
999
1006
1006
1011
1001
1006
1007
998
1004
1002
1001
997
998
1005
1001
1007
1001
1003
1007
1006
1003
1010
1001
1004
1005
1003
1007
1010
1006
1006
1004
1008
1010
1011
1007
1005
1006
999
1000
1005
1007
1006
1013
1011
1017
1005
1007
1010
1007
1013
1005
1009
1014
1011
1003
1013
1013
1008
1006
1002
1006
1000
1000
1012
1015
1010
1014
1009
1005
1002
1006
1002
1009
1002
1005
1004
1005
1005
1013
1002
1017
1016
1018
1011
1014
1012
1010
1013
1014
1010
1010
1010
1014
1011
1015
1019
1015
1007
1016
1015
1009
999
998
1009
1003
1003
990
1004
1006
1006
1001
1010
1014
1017
1015
1005
1009
1009
1007
1006
1016
1012
1015
1015
1018
1011
1016
1017
1018
1018
1009
1017
1022
1022
1013
1012
1021
1015
1011
1018
1008
1007
1013
1007
1013
1009
1007
1016
1004
1010
1017
1015
1013
1010
1008
1005
1013
1011
1006
1022
1013
1013
1016
1017
1015
1008
1013
1006
1013
1011
1014
1017
1011
1010
1018
1019
1019
1022
1012
1015
1014
1008
1019
1012
1014
1014
1008
1011
1018
1015
1018
1012
1012
1003
1014
1011
1014
1015
1015
1017
1013
1010
1013
1020
1018
1021
1024
1017
1022
1021
1015
1022
1028
1022
1021
1017
1010
1016
1013
1014
1021
1012
1018
1010
1013
1013
1023
1019
1027
1019
1023
1017
1020
1018
1015
1020
1023
1022
1019
1015
1021
1018
1010
1015
1015
1017
1014
1015
1005
1013
1018
1013
1013
1016
1016
1018
1018
1012
1010
1011
1006
1012
1015
1014
1021
1021
1027
1014
1022
1028
1025
1013
1021
1018
1017
1013
1019
1019
1020
1013
1019
1024
1016
1018
1030
1027
1017
1009
1014
1017
1014
1011
1013
1014
1018
1014
1025
1032
1016
1030
1024
1026
1024
1022
1008
1022
1022
1024
1018
1019
1018
1027
1021
1023
1013
1025
1018
1012
1022
1018
1024
1023
1028
1028
1025
1025
1021
1020
1023
1019
1020
1018
1023
1018
1028
1023
1029
1025
1028
1031
1031
1024
1028
1021
1027
1026
1024
1024
1027
1020
1023
1029
1018
1025
1015
1019
1020
1027
1018
1022
1022
1021
1019
1018
1026
1025
1026
1023
1031
1025
1027
1018
1017
1022
1027
1019
1029
1023
1026
1028
1033
1025
1020
1015
1031
1016
1019
1019
1025
1023
1021
1035
1024
1022
1026
1031
1030
1026
1026
1034
1018
1034
1032
1032
1032
1030
1031
1038
1023
1026
1020
1023
1027
1023
1025
1017
1025
1022
1024
1024
1024
1017
1026
1024
1022
1019
1028
1021
1025
1028
1024
1020
1024
1017
1021
1015
1014
1019
1027
1034
1038
1040
1038
1025
1027
1034
1039
1036
1039
1027
1024
1027
1030
1025
1034
1029
1025
1021
1017
1020
1018
1016
1028
1017
1023
1023
1024
1025
1018
1019
1023
1023
1021
1025
1021
1035
1026
1025
1031
1026
1023
1014
1011
1017
1014
1016
1015
1018
1018
1022
1012
1006
1012
1012
1010
1017
1013
1005
1010
1014
1020
1015
1004
1012
1001
1016
1007
1009
1009
1016
1014
1013
1015
1018
1017
1022
1024
1026
1023
1025
1018
1016
1027
1015
1014
1017
1029
1029
1025
1025
1030
1025
1029
1035
1026
1025
1022
1012
1016
1024
1023
1023
1017
1021
1022
1020
1019
1020
1020
1013
1017
1020
1017
1021
1021
1024
1023
1025
1019
1021
1025
1019
1020
1021
1010
1018
1023
1015
1024
1011
1021
1022
1014
1011
1019
1023
1020
1014
1015
1013
1019
1015
1019
1014
1022
1025
1025
1027
1022
1022
1025
1027
1032
1024
1018
1023
1022
1018
1015
1019
1017
1025
1027
1019
1028
1019
1030
1031
1027
1023
1029
1019
1019
1023
1028
1018
1023
1018
1020
1030
1022
1024
1025
1023
1025
1025
1023
1022
1017
1023
1022
1026
1027
1017
1018
1018
1023
1027
1026
1017
1025
1023
1016
1022
1018
1020
1025
1015
1022
1015
1020
1015
1018
1018
1024
1021
1024
1028
1018
1029
1027
1028
1026
1026
1016
1030
1017
1027
1029
1022
1023
1024
1025
1026
1017
1016
1027
1029
1023
1023
1011
1022
1014
1014
1017
1023
1019
1031
1031
1026
1024
1027
1020
1015
1020
1021
1020
1016
1024
1021
1015
1015
1010
1015
1009
1016
1009
1023
1027
1020
1020
1023
1020
1022
1027
1020
1031
1019
1029
1028
1018
1030
1015
1023
1019
1025
1030
1034
1033
1025
1032
1034
1040
1029
1041
1035
1038
1040
1043
1037
1035
1038
1033
1034
1033
1038
1038
999
996
1008
1002
1008
1012
1010
1011
1008
1000
1004
1008
995
1000
1003
1010
1012
1009
1007
1005
1011
1003
1007
1011
1008
1015
1011
1016
1012
1012
1016
1010
1008
1016
1011
1007
1008
1004
1012
1003
1004
1004
1008
1011
1005
1009
1006
1011
1010
1013
1010
1011
1013
1011
1004
1013
1006
1008
1008
1008
1015
1011
1014
1015
1013
1010
1007
1019
1015
1012
1010
1014
1013
1016
1010
1014
1013
1009
1009
1012
1012
1006
1009
1016
1005
1006
1014
1005
1008
1016
1008
1014
1007
1008
1014
1011
1007
1008
1004
1004
1000
1000
1007
999
1007
1008
1005
1009
1000
997
999
999
1001
1007
1000
1005
999
1005
1002
1004
1009
1006
1016
1009
1011
1002
1003
1006
1014
1007
1011
1014
1011
1004
1010
1015
1015
1014
1016
1007
1013
1009
1008
1013
1010
1015
1015
1002
1003
1014
1012
1019
1019
1013
1012
1013
1015
1010
1012
1009
1012
1008
1006
1008
1016
1015
1011
1011
1012
998
996
1001
1009
1006
1006
1008
1000
1009
1009
998
1005
993
1005
1011
1007
1008
1018
1007
1012
1008
1007
1015
1011
1005
1010
1011
1003
1004
1004
1002
1010
1004
1009
1003
998
1002
1006
1009
1009
1005
1002
1002
1006
1009
1005
1005
1010
1012
1004
1013
1012
1011
1004
1010
1010
1012
1008
1005
1004
1007
1004
1006
1001
1006
1010
1010
1007
1009
1007
1011
1007
1004
999
1003
994
1002
1000
1001
1010
1008
1012
1016
1008
1002
1002
1001
1006
1014
1006
1008
1008
1011
1011
1011
1009
1014
1006
1007
1018
1019
1016
1015
1018
1017
1011
1014
1014
997
1012
1014
1002
1009
1012
1013
1014
995
1003
1005
1011
1017
1009
1016
1015
1017
1011
1014
1014
1012
1016
1005
1019
999
1012
1009
1015
1020
1012
1006
1021
1004
1000
1005
1012
1011
1016
1006
1013
994
1014
1015
1004
1020
1027
1025
1012
1006
1024
1016
1012
1016
1024
1024
1016
1025
1015
1017
1013
1016
1017
1023
1019
1011
1019
1024
1025
1027
1023
1019
1023
1024
1031
1022
1021
1014
1016
1020
1013
1017
1024
1030
1018
1027
1024
1025
1023
1017
1026
1022
1015
1024
1028
1017
1022
1016
1028
1020
1030
1025
1021
1020
1019
1022
1025
1022
1018
1023
1030
1023
1021
1018
1017
1020
1018
1023
1021
1024
1028
1021
1028
1028
1029
1025
1025
1028
1027
1024
1018
1026
1017
1030
1026
1019
1024
1028
1022
1024
1035
1030
1028
1024
1020
1026
1024
1027
1015
1023
1018
1033
1019
1022
1026
1020
1026
1033
1028
1034
1035
1024
1023
1029
1024
1033
1033
1029
1031
1043
1034
1031
1035
1027
1029
1034
1022
1026
1029
1031
1025
1029
1027
1046
1033
1036
1033
1033
1038
1036
1032
1029
1030
1031
1026
1027
1026
1032
1023
1034
1028
1023
1025
1035
1029
1024
1027
1032
1028
1021
1034
1037
1033
1032
1029
1020
1023
1020
1027
1024
1027
1026
1027
1023
1024
1019
1029
1025
1031
1029
1018
1028
1027
1026
1027
1025
1029
1032
1030
1024
1025
1027
1031
1018
1032
1024
1027
1026
1025
1021
1026
1024
1015
1025
1023
1026
1023
1021
1027
1018
1024
1025
1018
1019
1021
1016
1021
1024
1006
1027
1018
1022
1023
1015
1010
1022
1014
1020
1024
1028
1018
1025
1026
1010
1017
1021
1019
1029
1029
1022
1022
1018
1027
1023
1031
1023
1021
1018
1030
1034
1022
1024
1024
1024
1018
1014
1018
1020
1024
1029
1020
1012
1028
1020
1025
1019
1026
1028
1020
1026
1026
1025
1023
1024
1024
1029
1016
1021
1020
1023
1019
1017
1023
1013
1021
1025
1020
1017
1020
1018
1009
1021
1011
1021
1018
1021
1014
1010
1012
1018
1022
1019
1012
1014
1015
1016
1018
1013
1014
1013
1014
1023
1020
1027
1013
1011
1011
1007
1015
1015
1014
1025
1020
1022
1017
1028
1015
1018
1014
1020
1015
1015
1015
1024
1019
1027
1024
1023
1011
1011
1013
1013
1025
1021
1020
1019
1016
1013
1023
1020
1013
1015
1018
1016
1019
1010
1012
1002
1014
1010
1013
1009
1009
1010
1019
1015
1019
1019
1015
1018
1012
1010
1015
1019
1014
1023
1020
1025
1020
1029
1021
1015
1021
1020
1020
1019
1017
1018
1013
1021
1022
1025
1018
1017
1011
1018
1024
1026
1021
1021
1023
1019
1015
1024
1007
1001
1010
1012
1016
1012
1019
1019
1015
1016
1018
1011
1006
1011
1014
994
1007
1007
1005
1008
1011
1019
1006
1014
1010
1019
1013
1017
1013
1012
1012
1015
1002
1008
1014
1005
1015
1012
1019
1024
1018
1017
1018
1017
1022
1025
1024
1020
1017
1011
1024
1022
1015
1016
1013
1009
1014
1009
1011
1015
1013
1021
1015
1009
1006
1011
1013
1014
1008
1010
1014
1010
1020
1008
1010
1007
1015
1012
1010
1014
1013
1009
1015
1017
1021
1019
1018
1012
1018
1006
1024
1025
1012
1019
1016
1015
1015
1020
1024
1016
1022
1024
1014
1021
1014
1008
1013
1017
1022
1013
1014
1013
1013
1015
1017
1021
1013
1016
1017
1013
1024
1026
1017
1016
1018
1017
1010
1019
1016
1008
1023
1018
1013
1019
1015
1013
1015
1018
1018
1026
1020
1014
1012
1015
1014
1015
1022
1022
1017
1012
1014
1016
1014
1012
1027
1010
1009
1018
1018
1028
1024
1013
1009
1017
1019
1016
1020
1023
1025
1018
1017
1017
1015
1021
1021
1026
1021
1020
1019
1025
1022
1018
1020
1030
1019
1024
1023
1024
1028
1027
1022
1028
1025
1022
1025
1026
1025
1024
1013
1019
1016
1018
1016
1021
1021
1023
1019
1018
1021
1024
1014
1013
1014
1017
1016
1016
1017
1016
1016
1015
1012
1016
1011
1017
1018
1022
1016
1017
1021
1014
1021
1013
1014
1022
1015
1020
1009
1015
1019
1018
1021
1008
1013
1018
1019
1011
1021
1024
1015
1012
1011
1019
1017
1020
1018
1010
1013
1014
1013
1021
1013
1015
1020
1012
1008
1014
1012
1014
1023
1023
1016
1020
1019
1014
1013
1018
1023
1018
1024
1023
1020
1016
1019
1016
1017
1017
1022
1018
1010
1017
1008
1011
1017
1015
1016
1024
1015
1016
1016
1014
1017
1016
1009
1006
1010
1020
1008
1006
1016
1009
1012
1009
1012
1011
1015
1012
1003
1017
1009
1021
1011
1017
1025
1021
1020
1017
1018
1022
1030
1016
1012
1028
1013
1019
1019
1021
1024
1020
1021
1019
1017
1027
1021
1023
1014
1019
1011
1018
1008
1012
1014
1018
1005
1008
1007
1013
1004
1009
1018
1012
1019
1019
1016
1023
1017
1015
1021
1015
1013
1016
1011
1016
1021
1015
1016
1009
1012
1011
1009
1014
1014
1009
1013
1008
1016
1020
1012
1011
1017
1010
1012
1010
1015
1013
1007
1010
1007
1012
1009
1017
1017
