941
950
952
949
950
956
956
944
953
954
949
948
959
957
954
948
955
959
957
954
957
948
947
952
957
957
955
957
962
965
962
962
975
965
961
960
965
961
964
966
966
955
963
967
968
966
967
962
968
963
963
973
966
968
963
964
961
964
962
962
966
974
972
982
963
962
970
965
968
976
971
980
969
974
978
975
971
977
977
979
980
973
976
977
973
973
974
983
974
965
974
979
978
971
976
981
975
977
973
970
974
984
962
966
967
976
972
972
974
967
977
983
974
992
984
978
978
970
971
976
976
975
975
975
973
971
972
965
968
963
977
969
974
971
962
966
964
960
965
967
973
961
961
962
963
968
965
958
964
965
963
950
965
969
966
972
964
966
963
965
967
967
961
961
962
967
973
968
971
965
974
966
973
964
971
973
973
956
966
965
966
968
964
964
967
971
968
967
971
968
963
964
975
976
976
973
979
985
974
979
978
977
979
982
973
978
984
973
983
976
983
980
978
981
983
975
979
987
981
980
976
988
988
985
988
979
980
975
981
989
976
975
981
984
985
981
978
987
983
979
978
975
978
979
969
969
978
971
975
969
962
974
973
967
968
978
980
968
969
977
972
971
967
971
967
974
973
973
967
979
972
970
961
963
967
967
964
974
974
957
976
962
969
971
959
959
960
969
967
961
965
962
961
966
964
967
967
971
967
961
973
973
972
966
960
974
968
973
968
980
970
973
971
981
976
986
986
980
975
973
975
978
983
979
988
985
983
985
975
978
983
970
973
967
969
978
978
973
983
985
980
974
975
978
979
971
974
979
985
982
976
981
979
980
984
983
976
985
975
975
976
981
978
975
977
982
976
979
986
983
972
974
975
973
976
973
967
973
973
968
967
965
976
980
977
974
974
979
974
969
966
984
971
976
972
977
972
974
965
966
966
966
960
966
971
976
971
971
961
965
966
972
974
975
981
975
967
966
972
981
968
978
980
969
970
976
979
978
979
977
981
979
978
985
980
977
978
974
972
972
969
968
975
962
973
977
968
975
970
973
977
972
968
977
972
977
976
983
982
975
978
972
981
975
977
974
968
977
966
970
966
969
973
975
974
971
978
971
973
974
982
984
985
982
977
979
973
978
980
982
974
987
984
982
981
983
989
988
989
990
991
986
991
993
985
985
990
995
982
987
993
987
995
983
993
987
983
979
991
982
986
974
976
977
978
977
978
984
973
979
989
990
983
990
979
981
978
979
988
980
984
987
987
975
973
975
976
982
975
977
980
975
980
976
980
974
982
993
987
985
987
986
982
988
985
985
983
982
988
980
979
977
986
976
989
985
974
991
984
974
978
972
989
978
975
976
976
988
976
985
981
981
983
981
980
980
978
978
978
978
981
980
984
989
990
984
985
987
982
983
986
987
986
975
972
972
980
982
974
986
982
985
975
987
980
984
979
997
990
989
999
991
990
990
987
987
980
991
991
996
986
986
990
992
982
992
1000
1006
993
995
992
995
988
975
991
985
990
987
978
984
989
994
995
993
997
993
988
981
979
984
976
981
984
991
981
983
985
990
992
985
981
988
985
985
976
984
982
987
997
994
989
994
988
986
990
993
987
987
982
988
991
998
985
981
991
976
993
984
985
987
986
985
981
974
984
983
983
991
989
989
979
982
982
987
986
976
981
978
989
982
994
985
989
992
987
992
999
1005
997
991
1006
1005
1000
1002
1000
1004
1001
995
990
992
983
984
996
997
988
985
986
989
979
992
986
983
990
982
987
986
988
988
988
980
979
984
991
984
984
995
990
993
991
987
992
981
979
989
988
979
988
989
981
980
979
982
981
978
981
994
991
987
988
986
981
981
983
983
977
984
992
979
983
981
986
993
978
986
989
994
985
989
987
989
987
988
977
978
981
972
983
977
973
977
979
978
982
980
975
981
986
980
983
982
987
989
987
983
980
991
977
981
982
984
987
979
983
988
988
988
985
984
979
972
965
972
966
970
975
981
986
984
986
977
983
986
983
980
978
985
980
984
976
984
985
980
985
978
983
984
981
979
985
971
980
986
988
983
984
989
991
990
987
990
989
996
990
988
986
980
994
987
990
985
993
982
979
984
982
983
976
981
976
979
979
987
982
976
972
973
983
967
982
981
980
981
977
981
977
983
984
988
990
991
991
981
985
981
984
978
989
980
986
986
990
985
983
983
985
987
978
982
981
978
971
980
974
974
986
978
987
988
994
990
985
986
992
991
991
990
994
990
987
982
988
979
983
977
977
978
982
986
986
986
986
985
986
983
993
983
987
986
985
987
986
977
982
984
978
980
981
979
980
980
976
976
982
990
988
992
997
997
995
990
989
992
986
986
981
993
992
988
991
992
1002
993
987
988
991
995
992
993
996
999
991
995
1000
997
1002
983
995
991
998
991
992
996
1004
1010
1001
998
993
995
987
1001
1003
1004
993
996
992
1004
993
984
983
999
993
996
994
999
987
997
1002
988
1000
992
990
990
981
987
979
980
984
990
989
992
988
983
986
986
997
993
998
993
984
987
981
984
983
992
991
989
995
995
992
987
998
989
992
987
993
990
986
999
985
991
996
986
981
987
989
992
995
988
991
987
985
984
1001
989
989
996
991
994
1001
997
995
990
1000
996
990
996
994
998
978
985
991
992
997
995
1002
996
996
989
996
996
989
995
1000
997
996
1000
992
987
983
991
988
987
989
984
986
975
982
988
991
989
989
989
992
981
985
990
992
988
980
989
987
989
995
977
986
984
986
995
991
996
996
989
988
991
987
999
992
992
996
990
990
988
994
993
989
995
992
995
996
999
998
995
996
992
996
999
989
994
1001
990
993
1005
995
995
994
1006
1002
998
998
988
998
997
995
992
996
988
990
984
978
980
989
987
995
1000
993
998
1002
1001
1005
998
1005
1001
994
995
999
1003
999
995
995
999
1000
991
991
988
1001
994
994
989
992
988
991
982
992
993
983
984
990
1004
996
1004
990
997
1000
996
1004
1001
1001
993
990
1004
997
987
987
983
991
993
1001
1002
1004
998
1015
1009
1020
1012
1014
1010
1005
1001
995
1008
1010
1000
991
1007
1005
1006
1002
1001
1009
1004
992
991
996
1003
1002
993
993
996
997
1002
995
1002
998
998
995
999
996
999
996
1003
995
997
998
993
997
1003
996
997
994
987
992
1000
988
990
993
999
989
998
987
995
991
996
992
991
994
985
994
1003
997
992
991
993
1000
990
992
999
1004
996
986
991
988
991
991
995
996
995
988
994
998
984
999
1001
996
995
1000
986
995
991
988
994
986
990
993
994
1001
991
999
996
999
994
990
981
990
985
999
986
998
987
995
994
994
992
992
993
1002
997
1001
986
992
995
992
992
997
979
1000
988
1000
989
990
989
998
988
993
994
994
996
995
994
998
1006
997
1007
999
998
1001
996
995
990
993
994
1001
1000
992
998
995
985
990
996
998
990
992
991
985
992
981
986
982
987
989
988
991
987
984
988
984
995
992
993
1001
997
1002
1008
996
1004
994
997
1001
995
996
991
994
997
994
997
993
997
1005
992
987
994
996
989
993
993
996
988
994
992
992
997
996
1001
1000
992
994
995
993
994
987
992
997
996
985
995
995
998
991
988
993
987
992
988
996
998
999
997
1001
999
1007
992
1003
1004
1003
1004
996
999
991
999
994
1007
1001
1003
992
993
1003
988
995
992
998
994
995
993
992
992
992
988
984
989
990
996
996
995
1004
995
994
997
995
989
989
990
996
990
989
987
1000
990
993
1000
994
994
1001
987
987
997
998
992
992
1004
1005
999
1000
989
997
993
994
990
998
999
1000
1010
1010
994
994
996
991
997
995
998
995
1011
994
991
986
998
991
990
998
998
992
999
995
1001
995
1005
1002
1003
998
999
1002
1005
1001
1001
1000
991
1004
993
996
990
992
999
995
999
995
988
993
988
998
994
991
994
993
999
1003
993
1005
1000
1002
994
999
995
995
991
996
999
1002
998
996
1004
1007
994
992
995
994
992
994
993
998
992
998
994
997
1003
999
989
989
989
985
990
987
992
994
990
988
991
991
991
990
989
995
995
991
995
998
999
990
1000
994
985
992
987
995
991
989
996
996
994
995
1007
995
1000
1000
1004
1003
992
1000
1002
996
1002
1010
1007
996
996
1000
991
990
997
980
994
995
1004
1003
1005
1010
1008
1001
1008
997
1007
991
995
999
1002
997
1002
1002
1002
998
1001
1001
998
995
1001
1004
1010
1001
1001
1001
1003
997
995
1000
989
1009
1009
1000
1002
995
1002
1007
1002
999
990
1009
999
1001
988
995
1001
1008
1010
997
1005
1011
1003
1001
991
1004
1008
1005
1010
1010
1003
1004
1010
1004
1009
1003
999
1006
1002
996
999
1004
1006
1001
997
996
1007
1004
1004
1000
1001
991
999
999
994
1002
1000
996
992
1002
997
998
1000
997
990
1001
1000
999
1001
1003
990
996
997
1000
996
992
996
1003
997
1000
1003
1000
995
1000
992
995
1000
1006
994
1001
1000
994
992
997
995
998
995
994
998
1005
999
998
994
1008
998
1002
1001
991
996
997
992
991
990
999
998
995
994
995
999
996
997
997
994
994
1000
989
1002
996
1000
997
999
1000
1001
987
992
993
1007
998
998
1005
999
993
998
996
1000
1002
1006
997
1000
994
1001
1012
1004
995
1003
989
1002
1001
997
1004
999
1006
1004
996
1005
1001
1002
1000
996
1005
1008
1005
997
999
999
1003
1004
1001
1002
994
1001
991
992
997
1001
1002
999
1000
994
1002
1006
1011
1003
995
1003
1011
1000
1008
1002
1013
1004
1007
1000
1014
1008
1009
1007
998
998
990
1005
1003
1001
1014
1007
1007
1009
1011
1005
1014
1005
1013
1007
1010
1001
1000
1002
1001
996
1000
1013
1001
1000
998
997
999
999
995
995
1000
997
1001
996
1003
1001
998
997
995
1000
996
1008
1002
1011
1008
1007
1005
1010
998
996
1007
996
1003
1002
1006
1005
1000
1002
1004
1004
1005
1011
1000
1003
992
992
997
995
998
1000
999
1001
999
997
998
986
995
997
993
996
992
997
995
996
1001
1009
1007
1010
1005
1009
1005
1005
1006
1004
1004
1002
999
991
991
1000
1003
1002
997
998
990
991
995
987
985
996
987
992
999
1002
998
995
991
999
998
989
996
988
991
986
999
997
999
979
991
987
988
988
975
989
992
994
994
1000
1005
1001
1008
1001
1003
1003
1002
1009
1005
1009
1012
1014
1012
1012
1001
1007
1008
1003
1002
1002
1004
1003
993
995
997
1003
1001
1010
1002
1008
1003
1007
1004
1009
1004
1004
1013
1008
1010
1003
999
1008
999
999
1001
1001
1004
1001
995
1004
1004
1000
1002
1002
1003
1010
1005
1003
1005
1004
1004
1005
1003
1012
1002
1011
1003
997
1004
1011
1013
1008
1009
1009
1014
1010
1004
1014
1003
1015
1004
999
1002
1006
1010
1003
1006
1001
1004
986
1003
1007
1001
1003
1005
999
1009
1010
998
995
1001
1004
995
999
998
1005
991
988
994
999
987
1002
1002
995
998
1005
1001
1007
998
995
999
999
1002
1000
1001
1005
1002
1004
1000
1006
1001
998
1007
1009
999
1006
993
993
995
1001
1001
1004
1005
1005
1005
1004
1002
1001
989
994
991
992
989
988
985
998
1000
999
1000
1004
1003
1000
1006
996
992
991
1000
994
993
1002
1002
999
995
1000
989
991
1001
989
996
1003
998
1001
1001
1003
1002
1002
1011
1002
1002
1003
1001
993
985
1001
995
1004
1008
1000
1000
995
1001
996
1000
997
1000
1006
999
1004
998
1005
1003
1000
999
995
994
1000
1005
1010
1002
998
999
987
1001
1003
995
990
1001
995
991
997
989
996
999
992
992
992
1002
1002
997
990
988
999
999
996
1001
998
1000
1004
1003
1002
1001
1007
1003
1005
1000
1003
1007
1000
998
1006
1008
1010
1006
1013
1012
1012
1009
1007
999
1013
1013
999
1011
1018
1015
1018
1014
1018
1017
1021
1012
1009
1020
1020
1014
1010
1008
1006
1017
1013
1014
1010
1003
1008
1012
1015
1021
1015
1013
1021
1017
1024
1017
1006
1014
1017
1017
1020
1026
1018
1009
1007
1012
1015
1015
1011
1022
1013
1020
1020
1003
1007
1011
1012
1008
1011
1012
999
991
1008
1007
1010
1009
1006
1009
1013
1014
1014
1009
1018
1015
1008
1014
1010
1015
1010
1007
1012
1014
1006
1005
1001
1014
1010
1001
1004
1018
1013
1012
1018
1022
1019
1020
1022
1021
1011
1018
1009
1011
1017
1025
1023
1023
1023
1020
1018
1016
1020
1021
1010
1030
1015
1028
1023
1021
1020
1007
1024
1013
1018
1024
1009
1016
1013
1002
1008
1010
1017
1026
1023
1018
1024
1024
1015
1012
1015
1013
1019
1016
1013
1020
1020
1016
1012
1019
1021
1030
1008
1008
1014
1009
1015
1010
1017
1009
1006
1010
1013
1003
1010
1015
1020
1012
1022
1018
1017
1017
1012
1014
1012
1009
1001
1006
1004
1001
1003
1000
1002
996
1008
1007
1007
1015
1008
1000
1011
1012
1001
1009
1000
991
994
1006
999
1007
1003
992
992
997
1002
1003
1005
1008
1009
1008
1012
1015
1008
1009
1006
1011
1007
1013
1009
1013
1002
1005
1000
1012
1006
1005
1015
1003
1018
1012
1008
1006
995
1001
1004
1002
1010
997
1004
1001
1003
1008
1006
1006
991
1000
1007
996
995
1006
995
1007
1004
1002
1005
1006
1004
1003
1001
1006
1006
1010
1002
990
994
1002
994
1005
1005
997
1011
1008
1004
1012
1008
1011
1002
995
1001
1011
1002
1006
1008
1007
1001
1003
1012
1002
1004
1003
1004
1001
1004
1013
1008
1015
1010
1011
1015
1004
1009
1011
1000
1007
1010
1013
1010
1015
1011
1005
1006
1013
1010
1009
1009
1012
1002
1018
1006
1003
1005
1002
1008
996
1001
988
994
993
1006
1001
1004
1007
1002
997
1001
1002
1008
1005
1002
998
1000
997
1006
1008
1002
999
1015
1004
1006
1000
982
1001
1001
1001
997
1003
998
1008
1004
1008
1009
1006
1002
1013
1005
1014
1010
1013
1003
1007
999
1003
1005
1005
1009
1001
998
1006
1011
1008
1005
1009
1007
1000
995
996
991
998
997
996
998
1005
1005
1016
1011
1008
1006
1007
1002
1004
1006
1002
998
1001
999
1003
996
1003
1008
1013
1010
1005
996
997
995
1008
1003
1016
1003
1000
1010
1008
1003
1000
1007
1006
1002
1005
995
1002
998
998
996
993
1002
997
1000
1004
1007
1003
1004
1003
1004
998
990
1001
999
995
1004
1005
998
1000
998
1003
998
994
996
995
993
990
997
998
1001
999
991
996
986
1004
989
1000
991
1001
997
992
996
999
993
991
990
985
996
997
995
989
988
997
991
996
992
997
1002
996
993
993
997
1005
1000
1002
996
997
998
995
997
988
985
980
982
990
992
988
994
988
992
991
993
992
997
995
993
986
986
993
983
988
989
983
990
985
994
993
994
994
999
994
989
992
993
990
996
993
991
987
993
993
992
993
993
990
989
987
997
990
998
999
1004
1001
987
1004
1003
996
1002
993
997
1000
996
994
987
996
1003
1000
995
986
981
985
992
998
1003
995
997
991
994
997
993
989
997
995
992
991
1000
992
992
991
990
992
993
1006
1005
993
991
1004
997
996
1001
1005
997
1005
996
1000
998
1001
1003
999
993
995
999
985
989
1004
992
997
998
991
993
1000
996
997
995
985
998
997
997
991
986
992
988
993
993
993
989
986
986
990
1000
994
992
991
996
994
1000
1004
998
999
995
990
998
1002
1003
1007
1001
997
984
993
998
993
998
996
992
999
988
991
999
995
1001
997
994
993
996
1004
1006
994
1000
1005
1001
999
1002
993
1003
991
1007
1012
1007
1006
1000
1004
999
1000
998
995
1001
1006
990
990
996
998
1009
1002
1003
1017
1006
1011
1005
1013
1012
1007
1005
1007
1000
999
1006
1005
1000
1009
1006
1008
996
998
1002
1008
1002
1004
1005
1001
997
1003
1008
1007
1008
1003
1000
1010
999
1004
1003
1002
1012
1008
1008
1012
1009
1007
1007
1005
1008
1010
1008
1002
1005
1006
997
1010
1004
1004
1007
1006
1006
1005
1011
1004
998
1004
1002
1004
1010
1011
1008
1000
1006
1006
1016
1008
1004
1009
1001
1003
995
999
996
1003
997
996
995
995
993
1002
998
996
990
988
990
988
990
993
987
987
989
992
1004
995
994
998
990
994
1002
992
997
990
989
989
995
994
993
996
1006
997
994
998
993
1009
1004
1001
992
996
999
988
1003
995
990
993
995
994
995
990
992
994
983
994
993
990
991
998
1007
999
996
1005
1000
1002
1004
995
996
997
995
998
995
988
995
995
995
