948
949
955
952
948
953
948
945
956
955
949
951
951
957
944
948
950
956
951
946
944
955
962
958
957
956
952
967
955
953
960
950
958
957
954
954
959
965
957
951
938
951
948
953
951
959
954
951
949
950
957
945
958
959
956
961
954
956
955
960
964
965
963
971
959
968
960
965
964
967
960
959
965
968
963
966
972
976
972
969
970
971
976
979
967
970
964
967
971
969
969
969
969
977
967
972
971
981
981
979
968
976
983
975
978
974
976
972
971
972
967
970
968
977
971
979
978
980
981
983
985
982
986
988
987
985
986
991
989
988
980
988
978
980
979
980
983
975
976
962
971
973
967
973
975
971
976
977
970
971
981
979
975
965
970
964
963
964
967
960
963
969
972
961
970
962
962
972
972
970
981
973
970
975
976
971
974
969
968
971
967
978
974
977
971
979
968
965
970
969
969
974
976
977
985
975
975
975
975
973
975
980
971
981
982
979
979
976
974
976
978
991
984
981
978
974
985
983
973
982
981
983
980
980
980
975
980
985
986
989
989
986
994
981
986
993
987
985
991
990
987
986
991
983
978
974
980
974
981
982
982
979
980
972
976
976
974
972
966
971
968
970
977
978
970
966
977
968
971
968
973
967
974
971
977
974
976
973
974
972
976
975
966
974
979
981
985
983
977
973
986
997
983
974
970
978
980
981
982
982
992
984
984
984
980
984
994
986
990
988
978
980
980
986
983
977
986
982
985
984
978
989
983
991
983
992
986
978
978
985
977
986
979
988
997
991
979
991
988
988
993
990
988
991
986
991
988
987
983
989
991
994
983
985
989
982
982
982
994
983
989
993
997
987
989
983
986
979
982
984
981
975
978
973
983
979
973
967
982
980
970
978
973
979
977
965
979
974
974
976
972
973
977
982
979
975
980
985
985
982
988
991
997
994
991
984
985
997
986
987
991
990
987
982
993
986
985
986
988
1000
992
986
990
997
995
995
994
989
991
989
986
984
995
991
988
991
986
991
994
994
986
991
979
978
973
986
983
988
987
990
994
995
994
996
986
990
991
991
990
990
991
991
998
995
993
992
995
995
984
991
989
987
987
983
992
992
985
993
995
996
989
989
993
986
983
989
986
995
1001
983
990
990
989
992
993
987
993
983
992
987
988
994
985
982
997
994
994
990
987
987
996
985
985
988
988
987
989
991
990
983
994
983
989
989
986
991
983
987
997
986
987
984
991
991
991
992
996
990
987
982
984
994
1000
993
987
982
993
993
997
993
986
1001
995
998
996
999
1001
992
993
992
987
993
993
988
987
994
994
993
996
991
995
1001
988
1003
998
996
999
1000
1007
1001
1004
1006
1011
1003
1009
1002
1000
999
989
997
1005
993
1000
1006
997
998
1001
1005
1002
995
1001
999
999
998
994
1006
1003
995
998
996
1002
1001
1005
1005
1001
999
1005
1008
1007
1003
993
1003
1001
994
999
998
990
998
1000
992
1000
995
990
989
991
996
991
993
1004
996
998
991
990
984
986
1002
1000
992
1005
1001
1007
998
999
991
1003
1003
1003
1004
997
996
1000
1000
1007
998
1002
998
988
994
993
994
987
990
996
993
992
995
988
995
995
993
998
991
995
995
999
993
1002
1004
994
1005
996
1005
998
1004
989
1000
993
1002
989
995
997
991
997
993
983
998
1003
998
995
997
993
996
1000
995
1003
1006
998
999
999
1004
1008
996
1007
1008
1003
1005
1005
1004
1004
1000
999
995
995
1005
1008
1011
1006
1007
1012
1010
996
1005
1004
990
1000
996
996
997
1004
1000
1004
1009
1006
1001
996
1006
994
998
1001
1004
1002
1007
1004
1012
1002
1006
1001
1009
1011
1015
1013
1011
1017
1016
1012
1013
1009
1001
1007
1000
1009
1008
1003
992
1008
1007
1005
999
1005
1000
997
992
995
1002
1006
1001
1009
996
1001
990
995
1005
997
1001
1001
1003
999
999
1000
993
994
998
996
1002
1004
997
998
1005
993
999
1005
1008
1008
1000
1006
1003
1000
1003
1003
1013
1001
999
996
998
993
992
1004
997
994
1001
1000
996
1002
1004
1000
1007
1000
1005
1001
996
997
996
1000
1001
998
998
997
998
991
993
1004
1001
1005
997
997
1000
1000
1001
990
991
994
993
984
992
1001
996
997
994
995
989
997
997
999
998
988
1005
999
999
998
1001
1004
1008
1000
1009
996
992
991
998
997
984
986
995
993
992
1001
998
992
996
993
992
999
1000
1000
991
1000
993
1000
999
998
996
1001
1006
1000
1006
1004
1003
1004
1006
1002
1002
1006
1001
996
1000
1010
1000
1003
1001
1006
1008
1002
1005
1002
1008
998
1005
1007
1005
1011
1010
1001
1000
992
997
990
987
1000
1002
993
997
998
997
1002
995
995
1002
1008
998
1006
1001
1000
1011
1002
1000
1003
1013
1008
999
1005
1011
1005
1017
1025
1014
1013
1012
1014
1011
1020
1020
1012
1002
1006
997
999
1006
1004
997
991
1000
1011
994
1002
997
1003
1002
995
998
1000
999
999
1008
1008
1001
1003
1006
1002
1003
1007
1018
1008
1006
1008
1010
1011
1011
1004
1013
1014
1009
1006
1009
1004
1015
999
1007
999
1004
1005
1006
996
1006
997
1004
995
1005
1005
1006
1001
1011
1011
1003
1006
1008
996
998
999
1001
1004
998
990
999
1003
995
1001
992
995
1001
1007
1000
1002
1003
1013
1001
1007
1010
1000
1007
1006
1011
1000
1002
1007
1002
1007
1007
1006
995
1000
1013
1008
1015
1012
1007
1010
1019
1011
1008
1014
1007
1006
1013
1015
1003
1003
1007
1007
999
1002
1011
1007
1005
1000
1012
1005
1003
1001
1003
998
1003
1003
1005
1006
1000
1007
1003
997
1006
988
1004
999
998
1004
1001
1001
995
1008
1000
1003
1017
1017
1013
1009
1013
1015
1017
1017
1009
1014
1021
1023
1012
1006
1006
1015
1016
1020
1023
1017
1017
1011
1021
1019
1018
1021
1019
1016
1017
1021
1011
1012
1023
1014
1012
1016
1018
1021
1012
1011
1015
1029
1027
1016
1022
1017
1017
1018
1017
1018
1026
1017
1013
1016
1010
1011
1016
1012
1011
1018
1003
1013
1009
1019
1019
1016
1017
1020
1022
1022
1020
1017
1020
1023
1012
1021
1025
1014
1016
1013
1015
1024
1017
1026
1021
1025
1032
1028
1010
1021
1024
1025
1012
1012
1025
1019
1022
1020
1015
1016
1017
1013
1014
1014
1018
1017
1027
1012
1022
1027
1015
1020
1018
1015
1013
1012
1017
1015
1017
1017
1026
1021
1019
1021
1022
1013
1020
1021
1021
1015
1016
1014
1016
1015
1016
1019
1015
1024
1017
1012
1015
1018
1016
1017
1023
1019
1014
1016
1024
1025
1020
1017
1015
1014
1025
1019
1014
1016
1014
1004
1012
1018
1022
1018
1009
1015
1009
1011
1009
1018
1012
1014
999
1007
1004
1012
1008
1013
1003
1014
1012
1007
1015
997
1017
1017
1011
1010
1013
1013
1017
1020
1013
1023
1018
1019
1020
1019
1024
1021
1017
1013
1012
1012
1007
1016
1008
1012
1015
1018
1016
1020
1015
1021
1018
1007
1003
1017
1016
1014
1013
1009
1008
1008
1011
1011
1013
1013
1010
1005
1014
1013
1013
1010
1002
1013
1020
1010
1003
1003
1012
1005
1007
1016
1018
1015
1010
1006
1012
1012
1000
1005
1004
1002
1009
1002
995
1014
1001
994
1003
1005
1004
1010
1007
1015
1015
1009
1007
1009
1020
1006
1014
1014
1020
1011
1016
1018
1012
1011
1013
1011
1014
1009
1016
1010
1005
1012
1016
1012
1013
1013
1011
1007
1012
1008
1018
1015
1014
1009
1011
1015
1014
1005
1010
1001
1008
1010
1015
1006
1013
1015
1015
1010
1004
1010
1006
1002
1008
1010
1007
1001
1001
1003
999
1002
1001
995
1001
1002
1010
995
1001
1003
1006
998
1002
1006
1006
1009
1010
1003
1017
1003
1008
1009
1001
1008
1017
1014
1009
1006
1009
1007
1003
1005
1004
1003
1002
990
1008
1007
1007
1010
998
1008
1004
1002
999
1009
1001
1002
1002
998
996
997
1003
1000
1002
1008
997
1002
998
1000
999
996
988
1003
1007
1003
1003
1000
997
1004
1007
997
1002
997
996
997
999
1004
998
999
1004
1013
1004
1016
1006
1004
1011
1008
1006
1007
1007
1005
997
1010
1011
1011
1000
1001
1003
1005
1008
1016
1001
1001
1002
1010
1000
1006
1005
1001
1005
1008
1009
1007
1010
1000
1004
999
1011
1010
1007
1006
1007
1014
1016
1010
1016
1013
1013
1020
1007
1014
1013
1024
1016
1025
1022
1012
1025
1011
1018
1008
1022
1017
1015
1015
1017
1013
1010
1012
1018
1012
1017
1004
1011
1009
1017
1017
1017
1009
1010
1012
1024
1012
1018
1008
1011
1012
1015
1008
1015
1009
1010
1011
1007
1013
1012
1007
1007
1019
1007
1016
1013
1018
1020
1021
1023
1017
1023
1020
1023
1014
1012
1010
1009
1019
1010
1014
1006
1007
1012
1008
1019
1021
1014
1012
1008
1014
1008
1020
1018
1009
1017
1007
1014
1011
1020
1015
1026
1026
1023
1026
1008
1016
1014
1011
1016
1015
1012
1012
1026
1022
1019
1013
1013
1016
1021
1016
1017
1016
1018
1017
1013
1006
1021
1005
1011
1020
1017
1008
1005
1016
1017
1018
1021
1023
1019
1022
1014
1012
1018
1014
1027
1016
1024
1020
1014
1017
1019
1019
1017
1020
1022
1018
1023
1018
1015
1017
1019
1017
1013
1008
1022
1021
1014
1021
1015
1016
1005
1013
1026
1022
1018
1018
1025
1021
1020
1021
1026
1013
1018
1023
1026
1022
1020
1025
1019
1014
1016
1013
1016
1014
1029
1014
1024
1017
1023
1019
1015
1026
1017
1012
1024
1013
1021
1016
1022
1021
1021
1023
1020
1023
1020
1023
1016
1028
1019
1022
1022
1023
1019
1019
1015
1024
1021
1024
1019
1014
1014
1016
1023
1013
1009
1013
1021
1017
1017
1018
1018
1018
1005
1018
1016
1018
1014
1010
1016
1016
1016
1005
1014
1014
1007
1016
1012
1016
1008
1007
1019
1021
1007
1019
1008
1016
1013
1018
1019
1015
1016
1012
1013
1012
1021
1017
1022
1024
1028
1021
1031
1029
1023
1014
1016
1014
1023
1020
1021
1023
1020
1018
1014
1028
1021
1027
1019
1016
1011
1023
1007
1014
1022
1024
1012
1014
1014
1015
1017
1007
1019
1014
1011
1012
1012
1010
1008
1012
1015
1005
1012
1009
1006
1008
1004
1014
1010
1008
1009
1006
1012
1007
1004
1009
1009
1014
1017
1015
1012
1016
1009
1008
1009
1007
1010
1014
1018
1013
1013
1018
1010
1015
1012
1009
1001
1009
1018
1019
1025
1020
1009
1010
1012
1017
1013
1013
1007
1013
1011
1010
1021
1036
1024
1018
1019
1025
1009
1018
1012
1013
1021
1019
1014
1017
1015
1025
1021
1023
1024
1012
1016
1020
1023
1016
1020
1019
1025
1020
1019
1022
1019
1017
1019
1022
1014
1014
1006
1009
1016
1011
1015
1013
1013
1027
1019
1012
1018
1014
1011
1010
1020
1009
1012
1020
1006
1012
1020
1014
1015
1015
1006
1021
1013
1018
1019
1014
1019
1015
1009
1016
1014
1022
1019
1023
1022
1020
1024
1025
1025
1026
1026
1018
1013
1021
1033
1019
1026
1028
1024
1022
1014
1015
1011
1013
1012
1020
1013
1011
1008
1025
1015
1013
1022
1016
1014
1022
1024
1021
1018
1017
1023
1022
1027
1029
1028
1018
1026
1025
1023
1020
1013
1016
1018
1015
1014
1016
1012
1019
1012
1009
1014
1015
1023
1021
1012
1015
1021
1029
1028
1033
1026
1018
1019
1019
1018
1030
1035
1027
1033
1023
1034
1030
1032
1026
1024
1021
1023
1031
1030
1029
1020
1031
1021
1032
1020
1016
1024
1027
1019
1025
1026
1024
1025
1020
1029
1029
1021
1025
1023
1028
1012
1016
1012
1023
1034
1031
1026
1025
1028
1020
1020
1028
1025
1024
1029
1026
1024
1026
1026
1019
1019
1026
1021
1032
1021
1019
1011
1023
1028
1022
1020
1021
1020
1034
1020
1029
1028
1018
1035
1029
1022
1035
1035
1030
1031
1031
1031
1032
1026
1029
1026
1031
1026
1025
1031
1025
1037
1024
1030
1035
1047
1030
1041
1043
1032
1039
1033
1033
1033
1031
1033
1024
1026
1030
1023
1027
1029
1029
1023
1021
1025
1022
1030
1025
1028
1034
1024
1033
1023
1031
1030
1025
1021
1027
1027
1031
1026
1026
1027
1031
1032
1038
1033
1035
1040
1030
1040
1038
1029
1029
1033
1027
1036
1039
1034
1023
1030
1027
1031
1035
1031
1033
1027
1027
1030
1028
1027
1027
1026
1029
1028
1023
1027
1033
1025
1034
1035
1031
1034
1029
1035
1033
1038
1032
1034
1032
1033
1035
1031
1034
1030
1044
1041
1033
1038
1027
1036
1020
1027
1032
1038
1038
1033
1037
1038
1031
1035
1035
1028
1034
1028
1024
1022
1026
1020
1019
1034
1025
1027
1037
1035
1033
1024
1033
1038
1031
1032
1030
1036
1033
1024
1028
1029
1028
1026
1028
1030
1035
1035
1027
1029
1037
1034
1027
1023
1037
1034
1037
1026
1029
1034
1031
1034
1033
1029
1031
1026
1033
1030
1023
1031
1028
1027
1033
1029
1030
1032
1037
1032
1037
1036
1038
1044
1039
1034
1027
1036
1034
1025
1029
1026
1032
1029
1036
1028
1037
1027
1027
1039
1043
1036
1047
1038
1032
1026
1028
1031
1031
1022
1024
1026
1027
1027
1031
1034
1038
1036
1037
1033
1024
1038
1022
1029
1030
1027
1021
1022
1025
1030
1025
1032
1025
1022
1019
1026
1035
1020
1027
1027
1027
1033
1037
1029
1030
1029
1036
1033
1026
1025
1033
1036
1035
1029
1031
1021
1027
1032
1024
1024
1029
1027
1036
1036
1032
1032
1030
1036
1029
1017
1024
1025
1015
1028
1033
1016
1024
1022
1033
1023
1038
1029
1034
1046
1040
1041
1031
1031
1033
1034
1033
1037
1039
1036
1030
1030
1031
1029
1027
1032
1035
1023
1031
1031
1033
1034
1031
1027
1036
1035
1039
1029
1036
1035
1036
1037
1034
1037
1034
1044
1032
1030
1042
1040
1031
1041
1037
1034
1035
1026
1035
1037
1040
1030
1041
1045
1044
1045
1040
1037
1038
1045
1032
1032
1030
1037
1035
1038
1031
1035
1030
1039
1044
1034
1033
1037
1042
1043
1033
1031
1037
1036
1034
1035
1036
1040
1034
1030
1033
1045
1035
1040
1031
1032
1032
1022
1027
1026
1024
1019
1023
1034
1032
1027
1033
1023
1029
1024
1036
1037
1027
1038
1034
1034
1021
1034
1032
1025
1031
1030
1032
1034
1033
1029
1036
1030
1032
1037
1030
1025
1027
1022
1027
1026
1022
1027
1024
1028
1032
1032
1017
1027
1028
1027
1036
1039
1038
1030
1029
1034
1024
1027
1032
1029
1028
1030
1033
1031
1029
1029
1030
1023
1025
1034
1035
1033
1030
1029
1036
1026
1025
1030
1030
1035
1025
1029
1024
1031
1034
1026
1024
1029
1030
1028
1023
1027
1031
1016
1024
1030
1024
1031
1027
1023
1028
1031
1033
1031
1042
1041
1030
1040
1035
1035
1036
1038
1036
1037
1041
1045
1041
1040
1026
1037
1043
1038
1033
1039
1023
1045
1043
1043
1043
1039
1036
1039
1038
1042
1038
1038
1045
1030
1041
1033
1025
1028
1023
1030
1032
1033
1034
1034
1031
1038
1039
1021
1033
1034
1024
1022
1024
1034
1037
1028
1027
1021
1026
1019
1013
1026
1028
1030
1027
1030
1034
1027
1032
1027
1024
1027
1019
1016
1023
1013
1020
1009
1012
1019
1015
1012
1014
1016
1016
1025
1012
1020
1024
1014
1018
1025
1022
1021
1019
1016
1027
1019
1020
1018
1015
1015
1013
1011
1018
1017
1012
1022
1011
1008
1013
1013
1022
1021
1015
1016
1022
1022
1023
1017
1019
1022
1016
1012
1020
1022
1020
1017
1022
1018
1016
1014
1018
1013
1022
1020
1025
1028
1027
1026
1022
1021
1020
1012
1017
1024
1024
1026
1020
1017
1024
1021
1020
1020
1025
1025
1013
1017
1026
1022
1017
1019
1025
1015
1025
1015
1012
1012
1013
1017
1014
1020
1012
1023
1030
1025
1029
1024
1027
1029
1022
1024
1021
1027
1036
1031
1030
1029
1026
1028
1028
1016
1022
1027
1023
1016
1032
1029
1030
1031
1034
1027
1024
1018
1032
1025
1025
1021
1023
1031
1036
1038
1024
1036
1032
1029
1037
1032
1038
1038
1038
1045
1041
1038
1045
1040
1030
1034
1028
1034
1034
1031
1029
1029
1028
1031
1026
1025
1024
1016
1033
1023
1032
1018
1019
1026
1039
1023
1028
1029
1023
1034
1030
1022
1028
1034
1027
1027
1030
1028
1030
1028
1023
1026
1030
1029
1027
1020
1028
1023
1015
1014
1022
1030
1028
1030
1019
1027
1029
1032
1032
1033
1034
1028
1030
1028
1028
1029
1028
1032
1030
1030
1032
1021
1028
1027
1015
1019
1027
1030
1027
1034
1041
1041
1039
1040
1039
1042
1042
1042
1041
1040
1038
1032
1038
1033
1042
1040
1038
1026
1046
1035
1039
1036
1032
1040
1039
1045
1036
1040
1046
1045
1033
1033
1032
1039
1033
1039
1037
1038
1034
1036
1035
1035
1027
1029
1035
1033
1036
1038
1028
1033
1040
1038
1031
1028
1039
1047
1035
1031
1039
1029
1034
1034
1034
1028
1040
1037
1036
1031
1041
1041
1046
1040
1044
1038
1032
1042
1042
1033
1042
1044
1035
1033
1042
1040
1036
1034
1034
1036
1036
1037
1036
1040
1033
1029
1032
1024
1031
1034
1030
1029
1029
1033
1033
1032
1030
1037
1028
1029
1037
1032
1030
1035
1039
1030
1023
1035
1024
1042
1027
1034
1035
1041
1043
1036
1039
1026
1035
1030
1030
1032
1030
1026
1026
1032
1030
1026
1014
1026
1021
1024
1025
1020
1029
1029
1020
1022
1024
1033
1028
1025
1035
1027
1031
1038
1030
1032
1032
1026
1031
1035
1029
1033
1035
1026
1026
1034
1032
1033
1034
1023
1029
1023
1020
1020
1022
1015
1026
1019
1032
1021
1030
1027
1024
1028
1028
1024
1028
1027
1016
1024
1027
1024
1025
1030
1030
1025
1023
1028
1023
1022
1019
1019
1023
1025
1018
1027
1023
1022
1024
1026
1017
1017
1026
1018
1022
1020
1015
1016
1016
1025
1020
1020
1027
1026
1025
1022
1020
1017
1018
1023
1020
1024
1024
1030
1032
1026
1025
1035
1023
1026
1027
1028
1033
1037
1029
1029
1028
1029
1019
1025
1025
1027
1027
1032
1029
1029
1029
1023
1035
1030
1028
1023
1025
1030
1025
1034
1029
1037
1028
1020
1037
1026
1028
1033
1032
1027
1027
1031
1029
1029
1034
1032
1032
1026
1030
1025
1025
1022
1019
1030
1029
1030
1025
1023
1029
1024
1019
1029
1030
1026
1029
1028
1031
1026
1027
1027
1023
1024
1023
1027
1024
1028
1022
1018
1016
1023
1024
1020
1019
1027
1026
1026
1028
1024
1030
1029
1028
1016
1024
1025
1020
1025
1022
1010
1022
1018
1015
1024
1039
1027
1028
1023
1020
1020
1027
1028
1018
1030
1016
1023
1016
1013
1016
1013
1024
1021
1027
1020
1022
1024
1022
1020
1013
1023
1025
1023
1006
1018
1027
1026
1019
1008
1017
1024
1024
1022
1029
1018
1025
1023
1019
1021
1011
1024
1024
1019
1020
1019
1019
1021
1017
1011
1017
1018
1009
1015
1008
1012
1002
1010
1016
1023
1011
1013
1016
1022
1012
1013
1010
1017
1012
1013
1019
1009
1014
1021
1019
1017
1014
1009
1019
1010
1012
1019
1017
1014
1014
1014
1003
1018
1005
1012
1023
1014
1007
1006
1004
1015
1016
1006
1010
1015
1006
1011
1011
1003
1003
1016
1010
1018
1011
1014
1017
1024
1025
1008
1017
1013
1019
1021
1024
1024
1018
1014
1021
1009
1013
1018
1027
1016
1009
1026
1026
1031
1022
1017
1009
1024
1019
1015
1016
1020
1025
1027
1026
1025
1017
1015
1022
1018
1022
1023
1013
1015
1022
1024
1021
1015
1014
1016
1020
1013
1013
1007
1013
1015
1009
1015
1006
1011
1012
1011
1016
1002
1016
1011
1015
1017
1019
1028
1012
1008
1009
1017
1011
1017
1013
1010
1026
1015
1010
1017
1028
1028
1021
1022
1024
1014
1021
1024
1023
1021
1023
1021
1020
1020
1017
1014
1020
1007
1015
1021
1020
1016
1022
1021
1004
1009
1012
1010
1016
1011
1016
1010
1010
1016
1022
1012
1014
1019
1020
1022
1018
1024
1026
1023
1014
1017
1008
1009
1002
1011
1014
1003
1011
1008
998
1009
1015
1015
1009
1009
1007
1012
1017
1019
1017
1008
1014
1017
1015
1012
1021
1017
1021
1023
1020
1018
1017
1025
1018
1022
1014
1027
1015
1014
1029
1022
1028
1025
1029
1022
1022
1024
1022
1023
1018
1020
1012
1023
1016
1020
1017
1012
1022
1010
1024
1017
1015
1020
1018
1016
1015
1017
1024
1019
1022
1021
1021
1014
1021
1022
1026
1023
1023
1029
1015
1028
1024
1031
1028
1032
1035
1024
1026
1019
1035
1028
1022
1028
1028
1040
1029
1028
1017
1026
1026
1035
1030
1033
1030
1030
1035
1028
1029
1022
1028
1028
1018
1026
1023
1024
1027
1026
1022
1028
1030
1027
1025
1026
1027
1015
1017
1021
1020
1015
1011
1016
1019
1015
1025
1024
1020
1023
1024
1016
1007
1012
1019
1022
1021
1014
1029
1024
1025
1017
1015
1026
1022
1026
1029
1030
1026
1022
1025
1023
1016
1016
1023
1023
1025
1025
1023
1029
1022
1015
1023
1018
1026
1024
1029
1019
1027
1031
1026
1024
1021
1030
1023
1020
1024
1020
1028
1026
1026
1023
1028
1023
1024
1022
1026
1021
1033
1025
1032
1026
1029
1039
1029
1023
1030
1025
1027
1023
1027
1027
1026
1024
1020
1020
1029
1032
1032
1027
1017
1025
1020
1024
1019
1022
1027
1032
1030
1031
1024
1026
1035
1037
1029
1034
1040
1031
1032
1032
1032
1037
1030
1028
1028
1032
1035
1028
1032
1027
1028
1039
1032
1031
1029
1028
1027
1026
1029
1035
1035
1033
1027
1034
1020
1033
1036
1028
1031
1034
1029
1036
1035
1025
1029
1026
1035
1019
1031
1031
1028
1023
1028
1023
1027
1018
1034
1031
1038
1030
1031
1037
1027
1029
1028
1038
1040
1038
1033
1026
1040
1034
1025
1029
1025
1027
1029
1034
1032
1028
1034
1035
1035
1040
1040
1028
1047
1037
1045
1036
1044
1047
1035
1040
1038
1043
1039
1044
1031
1033
1042
1039
1047
1041
1042
1038
1035
1041
1042
1039
1037
1046
1035
1042
1040
1033
1035
1034
1037
1037
1038
1038
1041
1046
1037
1039
1034
1017
1035
1024
1029
1032
1029
1030
1034
1032
1035
1029
1039
1041
1039
1039
1041
1040
1036
1041
1051
1040
1034
1033
1038
1038
1035
1034
1032
1036
1037
1035
1038
1035
1030
1019
1040
1033
1039
1040
1030
1042
1027
1028
1036
1032
1043
1039
1032
1046
1039
1037
1037
1036
1029
1031
1033
1035
1024
1037
1023
1025
1043
1037
1030
1025
1028
1019
1027
1032
1032
1022
1027
1030
1029
1023
1033
1026
1020
1028
1029
1027
