949
944
946
950
935
942
938
945
952
951
948
953
958
960
956
959
964
950
945
962
972
959
959
961
959
957
958
962
962
966
954
953
955
956
953
952
957
962
962
953
947
959
955
954
953
957
949
946
960
950
952
956
944
956
955
954
950
951
942
951
948
956
950
949
953
957
954
949
954
954
956
963
964
969
965
960
959
954
954
956
954
960
953
956
959
964
962
957
967
962
963
959
950
952
966
951
969
964
966
972
958
962
956
961
967
951
963
961
964
970
972
963
966
959
962
957
962
970
976
971
972
966
967
973
961
966
968
965
965
970
970
966
964
969
966
960
961
963
957
961
963
966
960
963
966
967
970
970
979
977
977
977
973
971
965
970
968
969
962
962
975
976
968
970
965
967
973
969
965
966
971
971
970
964
963
963
967
967
960
967
962
962
962
963
965
956
964
961
959
962
960
951
969
964
968
971
971
965
971
976
960
964
967
968
972
970
971
975
967
972
969
974
962
968
968
965
970
966
973
968
980
976
976
971
977
982
982
982
972
974
978
967
976
970
968
967
963
965
974
963
974
971
961
965
963
953
973
970
975
966
972
964
966
967
978
971
967
966
963
968
970
964
959
966
970
969
964
965
968
973
965
966
971
969
958
967
961
953
966
970
963
970
978
974
972
963
972
967
964
966
966
953
967
980
974
970
976
972
973
971
970
972
978
971
969
972
970
974
974
969
968
977
988
974
982
985
977
971
979
977
981
980
979
982
977
972
973
980
974
980
979
981
984
975
976
979
982
977
969
972
975
975
973
969
970
970
975
974
979
978
978
978
976
982
978
977
978
983
975
986
980
973
983
972
973
974
973
966
973
974
973
972
970
971
979
974
972
972
971
978
970
975
975
982
979
986
982
976
975
980
970
974
980
977
979
979
982
980
977
988
983
987
983
986
976
976
974
977
979
971
974
976
975
974
963
965
969
974
967
978
980
969
980
970
971
974
972
966
974
971
974
971
981
983
981
979
979
977
981
974
975
978
973
983
982
993
986
991
993
987
987
986
985
992
992
999
994
989
984
996
992
989
990
986
983
990
986
994
993
996
987
985
983
987
986
986
982
979
987
985
986
985
992
987
989
984
988
989
991
988
994
980
987
981
988
985
993
984
987
984
986
981
984
981
983
980
978
985
986
985
972
988
982
981
984
988
988
980
981
981
987
979
981
981
986
992
984
978
974
982
988
985
982
983
975
979
988
977
982
988
989
1002
995
995
999
993
988
987
986
990
987
987
992
991
995
992
996
990
979
989
987
984
985
996
985
988
992
994
993
990
989
1000
993
982
983
981
986
991
979
983
990
986
993
992
980
993
987
986
981
987
985
985
992
987
989
985
981
986
982
993
995
987
993
993
988
990
991
983
981
981
983
977
987
984
978
981
985
977
979
978
983
986
986
982
987
992
995
982
984
980
983
987
984
981
980
983
989
986
986
974
977
983
980
979
980
984
977
984
986
980
981
987
989
978
982
978
980
989
986
995
986
991
989
991
982
990
990
991
991
995
992
984
979
982
971
983
987
979
984
990
988
985
982
983
988
990
994
990
987
995
996
993
985
990
987
983
986
985
990
987
982
985
983
989
983
975
981
979
977
983
990
975
982
990
984
983
974
985
984
988
982
975
981
986
982
974
976
983
984
978
978
973
973
972
975
975
985
987
975
974
979
972
980
985
980
981
983
984
985
975
982
982
974
976
983
975
978
975
975
973
981
982
987
989
984
986
996
982
979
987
988
985
986
989
985
988
995
990
986
986
995
996
984
986
974
982
986
976
976
981
982
976
988
981
980
985
973
973
982
973
983
981
981
978
970
973
978
974
973
980
972
977
968
967
976
979
976
980
980
978
979
988
988
989
989
990
988
997
994
989
984
994
985
981
988
976
987
983
990
984
979
992
993
991
986
991
981
993
986
987
991
990
991
995
982
985
982
985
985
989
992
987
989
991
989
995
990
981
983
990
985
989
986
980
987
990
978
983
975
989
982
984
990
999
996
987
989
993
987
996
994
985
996
996
998
996
1000
994
997
1001
1001
998
995
990
992
998
992
997
983
995
998
995
998
988
1000
991
988
994
987
1003
986
992
988
980
984
985
986
987
984
985
988
985
987
996
985
986
993
988
991
985
990
983
984
988
991
985
988
985
975
983
982
983
969
974
981
972
967
983
986
989
978
982
983
969
986
979
977
978
981
969
976
975
977
978
976
980
974
977
979
981
976
986
981
977
980
983
976
976
988
981
978
980
974
980
976
980
981
986
986
984
978
981
984
986
985
979
982
980
981
975
975
981
975
985
983
990
981
977
972
987
991
988
979
970
981
981
977
971
973
973
972
980
982
973
968
970
972
968
980
977
978
987
978
983
981
979
980
979
980
984
979
975
985
976
975
983
976
980
980
966
973
965
971
976
973
971
972
970
962
964
966
966
959
965
966
965
956
961
964
971
962
964
973
974
965
973
968
977
979
976
967
973
972
968
976
966
965
964
972
962
977
964
962
969
980
974
973
976
964
961
969
977
972
970
979
964
978
976
975
958
973
970
971
965
965
966
972
962
970
970
967
981
972
965
979
968
958
967
973
975
972
971
979
976
971
970
972
975
967
963
967
973
972
967
961
972
970
969
973
972
968
975
968
970
971
971
970
966
974
964
961
970
974
983
968
972
971
963
970
963
967
959
965
968
974
978
971
968
965
964
970
967
983
982
972
975
977
969
966
973
980
971
978
973
979
975
975
968
973
966
969
980
980
981
975
973
988
986
988
980
977
982
978
980
981
984
982
984
982
978
982
983
978
986
978
977
971
972
974
984
977
979
979
986
976
979
981
974
970
977
959
976
967
968
971
968
975
979
965
972
962
970
974
967
974
968
968
972
973
970
976
973
966
961
972
971
968
972
977
977
974
977
974
972
978
974
977
981
956
972
973
985
980
974
970
978
978
969
973
971
969
978
984
987
977
990
981
982
980
982
979
980
977
987
982
978
980
987
968
978
969
971
966
973
971
978
971
974
974
967
973
971
968
963
973
968
970
969
970
971
979
981
975
971
974
975
968
964
979
971
970
977
971
976
965
984
974
978
967
971
978
979
983
976
974
972
973
977
967
971
971
976
976
969
964
977
963
965
973
976
973
979
983
977
971
978
978
978
979
980
974
971
972
972
972
969
978
978
976
970
978
973
979
978
977
971
973
975
978
970
973
970
976
975
979
979
978
977
978
964
973
970
963
975
974
968
967
971
964
968
971
970
970
968
972
969
963
970
975
974
972
972
978
971
980
981
972
978
990
974
972
974
973
972
968
976
976
978
971
969
970
964
965
963
962
967
967
963
965
958
956
961
964
968
971
966
960
966
960
970
963
964
970
969
975
972
965
964
960
968
965
966
965
961
968
968
962
966
964
965
969
974
972
976
972
971
971
978
975
978
975
974
980
981
974
969
988
985
973
972
971
982
983
977
974
979
977
979
978
981
983
981
980
973
973
979
966
977
977
973
980
976
980
981
981
973
983
982
976
981
975
978
973
979
972
980
970
976
978
979
978
972
981
980
974
977
974
974
978
974
974
969
972
964
970
968
959
978
971
975
974
975
986
979
977
973
977
985
980
977
977
982
968
980
976
985
989
989
977
984
976
986
984
985
985
990
992
994
984
981
989
970
977
984
983
978
984
978
984
983
986
981
993
986
980
981
987
988
988
982
981
985
985
981
980
974
977
965
975
971
968
967
962
965
971
966
965
967
963
975
970
973
971
965
974
967
972
970
967
965
960
970
972
971
965
971
966
969
960
963
968
965
972
967
970
976
979
977
978
973
987
985
976
980
975
980
984
980
983
983
980
975
981
974
971
977
974
974
979
977
982
971
973
972
963
969
977
972
980
976
977
978
986
984
980
989
983
981
974
997
984
995
995
980
988
992
999
997
986
988
986
980
985
986
983
990
995
987
991
992
988
989
995
988
990
994
1002
992
1001
992
1000
997
984
993
994
985
992
998
1000
1000
993
993
986
987
987
998
1000
997
994
987
990
985
985
987
984
985
989
988
985
985
982
993
993
985
982
985
984
991
989
987
991
988
991
992
992
996
995
987
990
991
990
991
993
988
994
991
982
989
992
987
985
986
985
994
989
979
988
991
986
978
975
988
991
989
990
989
988
992
988
983
984
991
991
993
985
980
985
994
986
989
987
985
979
984
986
982
978
987
982
982
974
977
974
980
992
983
978
983
987
989
985
991
991
986
985
988
987
977
984
977
985
983
982
977
983
984
981
984
974
975
980
982
990
988
986
984
988
994
991
996
997
989
993
992
985
990
992
983
989
980
980
983
985
987
993
985
997
995
995
989
999
992
999
996
991
991
977
998
996
984
990
989
989
992
992
986
987
988
989
986
990
989
983
994
988
992
994
990
994
995
989
982
983
984
985
983
979
986
987
984
982
973
985
991
981
981
980
990
986
981
976
971
980
973
981
980
979
982
979
971
968
977
977
981
988
993
985
987
988
985
982
986
988
987
981
985
993
984
981
983
984
978
986
986
983
987
986
990
987
984
995
992
994
994
1001
988
986
994
988
993
985
985
986
990
992
990
990
995
997
990
994
993
995
997
996
991
990
996
998
995
997
996
996
993
996
998
991
999
993
991
989
982
987
986
983
972
987
985
979
993
991
990
987
987
992
997
998
996
994
999
995
992
989
989
991
995
996
997
998
990
982
992
993
1002
1003
1007
1005
1001
993
994
996
1001
1003
1002
1001
1005
997
1001
1001
1004
1004
1004
1003
1000
1009
1004
1003
1005
1004
1000
1007
1009
1010
1012
1001
1004
1011
1011
1011
1006
1018
1006
1010
1009
1004
1012
1008
1009
1011
1008
1003
1008
1007
1002
1008
1003
1005
996
1010
1001
994
1001
1001
993
1006
1001
999
996
998
1001
995
1003
996
994
999
998
996
994
998
997
1009
1002
1001
999
1000
997
1002
1004
1005
999
1008
1005
1004
1004
1007
1006
1003
1007
995
994
991
1003
1000
1001
1003
999
1003
1006
1003
1007
995
997
998
998
995
992
1000
997
989
995
1001
1002
999
1000
994
1002
997
1010
1003
994
1003
1002
1006
1003
991
994
990
1001
998
998
1002
994
1005
1003
995
993
1000
992
989
999
1000
1004
1002
999
999
1002
1007
996
1005
1010
1011
1001
1006
1004
999
1004
1003
1001
1002
1004
1004
1003
1005
1000
1006
1004
1007
1007
1013
1017
1016
1010
1007
1006
1009
1009
1003
1003
1003
999
1000
1004
1008
999
1004
998
1005
1006
1008
1007
1015
1004
1012
1012
1007
1011
1012
1018
1009
1002
1009
1008
1012
1015
1007
1003
1010
999
1006
1014
999
1008
1015
1008
1017
1006
1011
1008
1003
1003
1005
1007
1008
1010
1000
1010
1008
1004
1007
1009
1001
1013
1009
1008
1020
1013
1013
1011
1007
1012
1009
1014
1010
1007
1011
1006
1007
1019
1008
1011
1015
1015
1014
1022
1021
1012
1011
1010
1008
1016
1017
1006
1007
1011
1010
1010
1010
1012
1008
1009
1007
1004
1014
1013
1005
1012
1017
1006
1006
1010
1021
1011
1007
1004
1009
1016
1002
1011
1015
1014
1014
1007
1014
1013
1009
1015
1014
1020
1002
1007
1001
1012
1011
1009
1003
991
1003
1001
1012
1003
1008
1014
1005
1004
1002
1004
1008
993
1002
1008
1007
1003
1007
1000
1008
997
1011
1009
1009
1013
1014
1009
1011
1010
1009
1007
1003
1005
1013
1004
996
997
1005
1005
1006
1008
1008
1015
999
1014
1001
1007
1014
1005
1008
1010
1013
1000
1000
1003
1000
1001
1009
1003
1002
1000
999
990
1005
1004
1004
1004
1013
1006
1012
1012
1009
1006
1009
1007
1008
1006
1001
999
998
1001
1000
996
998
997
1006
1001
1001
1004
1006
1008
1009
1008
1008
1015
1014
1013
1001
1019
1013
1012
1005
1002
1006
1002
1006
1007
1012
1006
1010
1005
1008
1014
1014
1011
1020
1013
1013
1011
1018
1016
1014
1012
1008
1007
1006
1005
1017
1008
1014
1020
1009
1012
1011
1008
1005
1004
1005
1017
1008
1019
1011
1011
1015
1009
1013
1002
1004
1007
1003
1004
1012
1008
1007
1014
1017
1021
1015
1022
1018
1014
1012
1011
1009
1011
1010
1007
1014
1008
1017
1019
1014
1013
1007
1010
1015
1011
1023
1009
1009
1012
1019
1027
1023
1017
1012
1012
1019
1017
1013
1001
1009
1014
1014
1011
1012
1007
1015
1010
1011
1009
1010
1012
1008
1018
1026
1021
1017
1015
1013
1020
1003
1013
1022
1021
1014
1016
1024
1023
1019
1018
1022
1012
1019
1017
1025
1023
1018
1014
1016
1013
1012
1017
1013
1014
1017
1027
1011
1006
1014
1014
1010
1011
1009
1009
1010
1008
1013
1009
1016
1009
1012
1015
1012
1011
1022
1018
1021
1019
1022
1023
1027
1023
1026
1021
1025
1023
1025
1023
1021
1021
1018
1014
1014
1027
1025
1023
1011
1016
1024
1018
1023
1020
1023
1015
1019
1021
1026
1028
1023
1027
1025
1019
1026
1019
1011
1025
1014
1024
1029
1019
1021
1023
1019
1019
1016
1015
1011
1008
1014
1019
1013
1017
1013
1018
1013
1023
1015
1015
1019
1021
1020
1018
1011
1016
1012
1017
1009
1008
1015
1016
1020
1025
1010
1019
1009
1015
1022
1016
1016
1020
1021
1023
1025
1014
1028
1020
1009
1015
1015
1018
1018
1011
1014
1018
1012
1006
1013
1009
1019
1013
1018
1010
1011
1013
1018
1017
1019
1020
1006
1020
1017
1023
1023
1020
1017
1019
1019
1015
1021
1014
1018
1013
1019
1013
1009
1012
1019
1019
1019
1010
1016
1019
1019
1010
1014
1015
1021
1016
1013
1019
1014
1015
1008
1011
1017
1013
1014
1015
1014
1010
1010
1012
1016
1016
1022
1014
1023
1017
1022
1026
1015
1027
1025
1023
1018
1021
1014
1023
1021
1013
1016
1010
1011
1011
1007
1022
1015
1001
1006
1017
1014
1008
1004
1011
1000
1000
1013
1019
1012
1010
1009
1003
1013
1011
1005
1006
1009
1001
1013
1009
1008
1008
1013
1007
1001
1001
1004
994
1009
1010
1010
1009
1007
999
999
1003
1003
998
998
1003
997
986
1006
999
1004
998
1001
993
1000
1008
996
1004
996
1007
1008
1002
997
992
1010
1005
1013
1007
1012
1010
1012
1016
1015
1010
1009
1010
1012
1002
1000
994
1006
997
997
1011
1010
1012
1010
1014
1012
1016
1001
1005
1006
1006
1013
1012
1000
1006
1000
1002
1011
1019
1023
1009
1016
1018
1021
1023
1024
1017
1019
1020
1017
1018
1017
1016
1023
1015
1018
1024
1017
1024
1016
1028
1029
1023
1016
1021
1008
1010
1019
1024
1019
1024
1022
1019
1018
1020
1019
1013
1017
1025
1018
1019
1012
1020
1007
1022
1012
1014
1020
1020
1008
1013
1013
1008
1008
1017
1014
1017
1008
1012
1019
1015
1019
1016
1011
1006
1012
1010
1010
1018
1012
1010
1008
1019
1014
1013
1014
1014
1020
1019
1012
1012
1023
1015
1016
1009
1024
1025
1020
1016
1017
1020
1006
1020
1015
1013
1008
1013
1021
1011
1020
1012
1018
1021
1012
1019
1006
1022
1019
1019
1022
1018
1023
1022
1016
1025
1025
1026
1016
1023
1022
1015
1023
1025
1023
1022
1009
1014
1012
1010
1018
1007
1017
1007
1012
1013
1015
1011
1017
1019
1020
1010
1020
1007
1013
1017
1020
1019
1015
1017
1025
1016
1017
1020
1026
1015
1005
1006
1017
1010
1014
1004
1015
1015
1010
1009
1006
1011
1004
1014
1016
1013
1014
1010
1012
1006
1006
1015
1011
1013
1008
1018
1008
1014
1014
1005
1004
1007
1008
1009
997
1004
1011
1009
999
1010
1010
1008
1013
1009
1018
1017
1015
1008
1004
1012
1016
1015
1016
1017
1012
1016
1014
1015
1015
1026
1009
1021
1003
1015
1024
1012
1023
1022
1015
1016
1013
1021
1020
1002
1018
1012
1017
1008
1017
1014
1015
1011
1014
1022
1012
1027
1024
1027
1023
1022
1032
1027
1023
1022
1018
1018
1022
1014
1023
1022
1006
1027
1009
1019
1015
1025
1020
1025
1019
1013
1013
1010
1012
1019
1011
1009
1017
1008
1009
1024
1021
1015
1018
1020
1022
1020
1021
1012
1012
1014
1015
1020
1019
1014
1021
1013
1021
1019
1018
1015
1020
1018
1021
1018
1014
1013
1016
1022
1027
1014
1024
1023
1018
1013
1016
1015
1020
1024
1011
1005
1024
1005
1015
1020
1016
1006
1011
1012
1012
1015
1011
1018
1011
1014
1010
1013
1013
1014
1011
1026
1017
1013
1003
1015
1013
1013
1010
1011
1009
1024
1018
1018
1005
1013
1016
1015
1009
1013
1021
1011
1018
1012
1013
1017
1019
1008
1016
1014
1003
1006
1003
997
1003
1005
1011
1004
1009
1009
1018
1006
1010
1005
1014
1015
1007
1017
1008
1015
1013
1018
1016
1012
1010
1009
1012
1015
1009
1006
1009
1007
1005
1007
1006
1003
1006
1010
1010
1006
1006
1004
998
1003
1003
1008
1002
1005
1016
1012
1012
1009
1006
1009
1005
1009
1007
1009
1004
1001
1005
1005
1012
1006
1001
998
1003
1004
1007
1005
1008
1007
1006
1005
1004
1007
1015
1005
999
1000
1011
1010
1004
1006
995
999
997
1007
998
1007
1009
1002
1000
1008
1009
1009
1011
1006
1005
1011
1009
1010
1005
1006
1006
1010
1006
1002
1004
1008
1014
1014
1027
1012
1013
1013
1012
1009
1023
1002
1010
1013
1011
1014
1016
1020
1013
1015
1021
1024
1025
1017
1018
1018
1018
1014
1014
1014
1013
1013
1024
1002
1017
1018
1022
1023
1021
1016
1028
1024
1013
1015
1022
1020
1024
1028
1012
1022
1020
1018
1012
1013
1027
1019
1013
1014
1020
1018
1013
1013
1026
1020
1018
1022
1018
1018
1023
1022
1020
1009
1016
1014
1009
1016
1017
1015
1013
1014
1010
1017
1008
1016
1020
1019
1013
1019
1023
1024
1017
1021
1024
1014
1011
1019
1020
1023
1023
1022
1020
1025
1034
1021
1018
1018
1020
1017
1009
1022
1015
1013
1011
1017
1018
1020
1025
1030
1025
1027
1027
1029
1028
1022
1030
1030
1031
1020
1024
1021
1017
1020
1032
1029
1023
1019
1021
1017
1023
1023
1014
1020
1023
1022
1023
1015
1019
1014
1024
1022
1018
1029
1027
1021
1030
1031
1024
1023
1033
1022
1019
1020
1018
1030
1032
1031
1024
1020
1021
1021
1031
1030
1030
1033
1025
1024
1022
1014
1026
1029
1026
1025
1028
1011
1030
1013
1024
1020
1021
1022
1026
1025
1028
1019
1019
1030
1023
1017
1020
1023
1022
1020
1017
1021
1012
1009
1011
1010
1014
1011
1012
1010
1020
1019
1015
1010
1013
1025
1030
1021
1032
1031
1026
1029
1027
1024
1028
1026
1020
1034
1023
1025
1034
1033
1033
1038
1036
1034
1026
1036
1035
1031
1019
1026
1028
1014
1014
1015
1012
1004
1010
1017
1020
1022
1026
1031
1020
1023
1022
1005
1023
1020
1017
1017
1018
1025
1022
1014
1015
1007
1022
1018
1027
1028
1024
1027
1023
1031
1030
1031
1024
1024
1027
1032
1025
1036
1029
1027
1026
1033
1030
1029
1025
1022
1017
1032
1028
1026
1021
1030
1027
1024
1021
1019
1026
1025
1022
1022
1020
1023
1021
1013
1017
1015
1017
1009
1007
1011
1021
1015
1012
1020
1020
1030
1028
1024
1026
1022
1032
1027
1031
1022
1025
1020
1024
1022
1027
1032
1026
1022
1031
1021
1014
1019
1027
1018
1023
1017
1030
1015
1017
1022
1018
1024
1019
1023
1025
1027
1022
1023
1012
1014
1024
1030
1028
1030
1029
1021
1020
1022
1022
1024
1024
1031
1024
1016
1025
1023
1027
1022
1024
1023
1017
1028
1018
1023
1027
1031
1027
1024
1024
1023
1024
1017
1025
1013
1013
1014
1010
1020
1013
1019
1027
1023
1020
1014
1020
1024
1022
1018
1025
1029
1019
1024
1014
1025
1026
1021
1020
1023
1023
1026
1018
1015
1016
1019
1025
1021
1029
1017
1024
1035
1030
1031
1035
1032
1034
1038
1029
1030
1034
1027
1023
1029
1028
1028
1031
1024
1020
1026
1032
1033
1027
1030
1030
1033
1030
1034
1032
1034
1033
1030
1032
1036
1028
1029
1025
1028
1031
1033
1035
1030
1033
1038
1032
1036
1040
1029
1029
1036
1033
1036
1022
1029
1023
1024
1018
1034
1031
1022
1026
1029
1031
1022
1020
1029
1024
1029
1025
1025
1025
1028
1026
1032
1020
1022
1025
1011
1017
1021
1015
1019
1023
1019
1020
1026
1019
1029
1016
1019
1019
1021
1028
1026
1024
1029
1024
1023
1028
1024
1032
1026
1034
1028
1025
1026
1027
1020
1021
1031
1022
1030
1028
1026
1025
1022
1024
1031
1025
1030
1021
1026
1024
1018
1013
1024
1020
1028
1025
1029
1023
1023
1028
1028
1022
1031
1021
1019
1025
1027
1025
1021
1027
1034
1028
1034
1029
1021
1025
1023
1035
1019
1022
1023
1022
1027
1032
1020
1024
1031
1026
1030
1035
1023
1015
1028
