952
941
945
948
941
954
948
952
956
946
954
950
953
956
955
954
962
961
950
955
958
955
961
957
964
960
963
966
960
965
969
964
966
966
962
950
954
955
954
948
952
959
959
957
957
960
958
961
953
956
962
960
969
963
964
966
959
957
959
959
955
951
959
956
962
957
957
957
971
963
965
956
963
962
975
973
970
973
972
974
970
982
971
960
958
967
972
965
970
977
973
972
974
969
970
967
963
972
972
972
971
964
967
966
972
957
959
973
971
970
973
968
973
973
972
967
964
961
961
968
961
954
962
965
964
963
966
963
968
958
953
954
959
961
960
967
959
961
962
963
962
967
973
968
968
964
963
968
962
961
964
964
965
960
965
964
967
962
966
964
966
968
971
960
957
964
966
969
958
960
961
953
957
964
952
964
965
962
960
956
973
973
968
962
970
966
971
964
967
964
964
964
967
963
961
959
956
960
969
968
967
972
965
973
963
960
964
952
960
965
972
964
971
963
957
962
959
970
975
958
961
958
963
969
975
963
961
971
968
968
973
978
974
974
968
980
971
968
972
971
971
963
963
967
968
971
972
980
964
964
963
966
970
975
977
979
969
968
976
971
973
973
972
974
970
972
968
978
977
980
980
980
981
986
978
977
979
982
987
976
975
984
986
980
988
981
978
978
986
995
985
988
990
992
995
992
995
998
994
985
997
997
995
999
995
1000
995
996
1004
998
1002
999
1001
999
996
1005
999
991
999
1000
994
993
997
997
998
999
1002
995
998
993
994
990
993
993
983
994
991
996
999
999
994
988
995
991
988
990
985
991
994
995
986
995
994
983
983
989
998
990
993
991
989
989
1003
992
991
1002
1001
990
993
994
1000
1001
996
1000
992
986
995
990
995
1000
985
997
996
997
1000
1006
994
996
996
1000
987
990
985
998
992
991
1002
992
992
1002
998
1005
1003
996
995
1002
994
993
999
999
996
997
998
989
993
995
988
996
996
988
994
1000
997
998
1000
991
999
996
1001
995
997
1001
999
997
1002
997
1008
999
997
999
988
994
993
991
995
986
987
992
986
999
994
997
1000
988
996
998
992
996
990
996
997
999
1002
995
1002
1001
994
1004
995
994
984
990
991
1000
993
992
996
1007
987
996
1000
998
999
996
1001
1005
998
1000
995
995
1001
999
996
1005
988
997
1010
1018
1012
1005
1003
1009
1010
1008
1007
1012
1011
1007
1011
1013
1010
1016
1005
1002
994
1006
1011
1011
999
1004
1011
1002
995
1006
1003
992
998
1008
1006
1014
1008
1003
1005
1004
1007
1005
998
1005
1001
998
994
992
999
993
997
992
998
1003
1000
998
994
996
998
999
993
1004
998
1002
993
997
988
994
995
997
996
1001
1002
1001
1000
999
1010
1009
1003
1013
996
1005
1005
1004
1003
999
997
998
996
1000
997
996
990
992
1000
999
997
991
987
1000
991
1002
995
987
997
1001
1006
985
990
994
1003
998
993
997
990
987
999
999
994
994
1000
1003
1005
996
1001
994
992
988
990
1001
997
1005
992
993
1000
999
992
995
994
995
996
1000
990
996
996
1001
996
984
992
994
996
993
985
997
1000
999
997
987
984
996
996
993
1001
993
988
991
980
990
993
995
991
997
993
989
990
990
994
992
993
996
996
994
995
994
996
999
1000
994
1000
993
999
1002
999
996
994
1001
999
1002
991
990
992
1004
999
1005
999
991
996
996
994
994
988
987
992
987
992
992
996
999
1000
996
996
990
990
997
1003
997
998
989
999
994
992
999
998
995
999
992
1000
995
1004
996
1000
1004
1003
1002
997
992
998
1002
991
997
997
996
993
994
989
1001
993
989
988
990
991
1003
996
993
988
977
991
999
990
985
984
982
1000
993
991
985
995
983
998
992
988
987
989
989
981
995
980
984
984
989
990
991
986
988
982
988
993
990
985
990
991
986
991
994
984
995
995
987
986
993
997
1001
991
996
994
999
988
997
999
1008
1002
998
1005
1003
1004
997
999
999
995
996
997
1003
1006
1010
989
992
1005
998
999
997
1001
1004
1000
1001
1002
994
994
993
1003
1003
989
991
997
996
996
993
998
1003
1005
1004
1009
1008
1004
1004
1011
1013
1003
1004
1002
999
1007
1003
1017
1012
1026
1015
1018
1002
1020
1009
1015
1017
1012
1016
1011
1022
1017
1017
1012
1015
1010
1022
1018
1019
1022
1018
1017
1016
1019
1019
1022
1019
1013
1018
1012
1024
1022
1018
1023
1011
1025
1016
1022
1013
1016
1021
1024
1026
1026
1029
1019
1020
1014
1021
1018
1015
1017
1026
1019
1016
1013
1011
1020
1010
1013
1014
1013
1017
1017
1019
1017
1019
1016
1015
1017
1026
1014
1019
1014
1022
1026
1021
1024
1025
1020
1011
1015
1013
1016
1020
1011
1012
1004
1012
1016
1012
1014
1022
1011
1012
1012
1014
1002
1009
1006
1009
1014
1007
1001
1003
1000
1002
1010
1009
1008
1004
1006
1011
1001
1011
1007
1001
1005
1011
1006
1010
1005
1007
1008
1002
1012
1007
1001
997
1009
1003
1000
1003
1012
1009
1008
1009
1006
999
1002
1002
1007
1013
1010
1010
1006
989
1000
1007
1006
999
1010
1011
1004
1010
1014
1008
1013
1006
1008
1013
1007
1006
1005
1000
1006
1010
1014
1009
1004
1010
1011
1004
1014
1013
1016
1013
1021
1020
1012
1014
1014
1015
1009
1004
1013
1015
1004
1007
1011
1018
1013
1015
1015
1017
1017
1011
1024
1019
1008
1010
1004
1010
1016
1011
1013
1012
1022
1012
1013
1014
1013
1007
1006
1013
1014
1014
999
1008
1010
1012
1015
1008
1012
1018
1006
1020
1019
1015
1018
1011
1023
1011
1030
1030
1019
1024
1023
1017
1013
1016
1011
1019
1026
1027
1017
1022
1019
1015
1017
1017
1015
1016
1014
1014
1023
1017
1021
1021
1019
1015
1017
1007
1024
1016
1009
1017
1017
1015
1021
1013
1013
1011
1009
1019
1011
1014
1015
1012
1011
1009
1018
1006
1013
1014
1016
1010
1016
1009
1002
1009
1013
1017
1014
1006
1013
1010
1013
1015
1012
1016
1010
1018
1014
1014
1008
1009
1012
1003
1010
1008
1006
1000
1006
1005
993
1004
999
998
1001
1001
994
1001
999
1009
1001
1009
997
1010
1009
1007
1000
1002
1006
1004
1004
1006
1005
1011
1001
1019
998
1009
1005
996
1003
1007
1006
1005
1007
1010
1009
1007
999
1009
1000
1005
1016
1012
1012
1006
1003
1001
1003
1008
1006
1005
1006
1006
1004
1003
1001
1001
998
993
992
997
999
998
1000
996
1000
1003
1005
1001
1001
994
990
1000
1002
1000
999
993
1005
1007
1009
1005
1005
996
1002
1011
1003
999
1005
1003
1012
1003
1006
1001
1004
1008
995
1007
1008
1011
994
1003
1015
1015
1008
1002
1007
996
1005
1006
1000
1003
994
1007
1010
1007
999
995
1006
997
994
995
999
1006
994
1003
1007
1013
1015
1009
999
1010
1003
1000
1008
1000
1000
1001
1004
1010
1015
1012
1012
1008
1013
1013
1006
1018
1014
998
1005
998
1008
1007
1002
1003
1003
1001
1006
1010
1004
1007
1001
1009
1003
1015
1012
1013
1012
1003
996
1011
1008
1011
1004
1010
1008
1014
1003
1003
1007
1005
1001
1005
1012
1002
1002
1013
1006
1010
1006
1012
1014
1010
1010
1006
1011
1008
1009
1008
1015
1012
998
999
1012
1005
1016
1006
999
1007
1002
1003
1001
995
996
1005
997
1000
1001
999
998
999
1005
993
1005
1013
1004
1008
1004
1004
1013
1009
998
1000
1007
1010
1006
1002
1003
1001
1003
1000
1012
1014
1004
1007
1017
1010
1007
1019
1014
1012
1007
1012
1016
1007
1003
1012
1012
1012
1014
1014
1015
1007
1004
1012
994
1006
1012
993
1004
1008
1011
993
1008
1009
1006
1009
1005
999
1016
1001
1000
1015
1013
1005
1004
1007
1006
1011
1001
1005
1012
1010
1008
1011
1001
1011
1005
1009
1006
1003
998
999
996
1000
1001
1001
999
997
1003
993
989
988
992
994
1001
1002
995
994
993
990
987
994
1000
1002
996
991
994
997
1003
1003
998
1003
1007
1010
1003
1000
1007
1006
1008
1007
1000
996
1004
1007
1006
1003
998
1004
1005
1007
1010
998
1003
999
1003
1007
1000
1001
1009
1002
1009
1004
1011
1004
1005
1001
1003
1003
1000
1005
999
1002
1002
989
996
1008
1004
1001
1007
1011
1003
1013
1006
1001
1009
1006
1010
1005
1001
1015
1015
1006
1010
1003
1014
1000
1007
1005
1005
1003
995
999
1001
1005
1006
1012
1002
1007
1002
1006
1000
991
995
994
999
995
995
1002
1006
1000
994
1002
1000
997
1011
1007
1000
1001
995
1005
993
1006
999
1006
1000
1003
1006
1004
1005
1017
1011
1000
994
998
1001
1004
999
1003
996
1002
1007
1002
1004
999
1000
994
999
1005
1008
1002
1009
1013
1001
1003
1007
1009
1015
1007
1001
1004
1010
1008
1003
1003
1006
1004
1000
1009
1012
1008
1006
1011
1007
1012
1013
1010
1008
1013
1009
1003
1002
1006
1004
1009
1009
1016
1013
1016
1017
1014
1013
1013
1011
1030
1027
1020
1024
1016
1024
1016
1015
1015
1020
1019
1019
1028
1016
1015
1017
1017
1012
1022
1024
1025
1024
1028
1022
1014
1015
1023
1017
1021
1022
1016
1017
1027
1027
1020
1022
1028
1029
1019
1022
1024
1019
1014
1023
1016
1022
1015
1019
1018
1025
1022
1015
1018
1015
1023
1023
1021
1016
1022
1023
1021
1020
1021
1016
1010
1009
1012
1012
1016
1019
1021
1015
1011
1019
1019
1009
1009
1003
1012
1001
1015
1013
1026
1016
1007
1010
1007
1010
1019
1011
1007
1007
1009
1012
1016
1016
1011
1018
1011
1011
1018
1011
1020
1014
1015
1019
1020
1019
1030
1017
1028
1003
995
999
1001
1005
1006
1012
1002
1007
1002
1006
1000
991
995
994
999
995
995
1002
1006
1000
994
1002
1000
997
1011
1007
1000
1001
995
1005
993
1006
999
1006
1000
1003
1006
1004
1005
1017
1011
1000
994
998
1001
1004
999
1003
996
1002
1007
1002
1004
999
1000
994
999
1005
1008
1002
1009
1013
1001
1003
1007
1009
1015
1007
1001
1004
1010
1008
1003
1003
1006
1004
1000
1009
1012
1008
1006
1011
1007
1012
1013
1010
1008
1013
1009
1003
1002
1006
1004
1009
1009
1016
1013
1016
1017
1014
1013
1013
1011
1030
1027
1020
1024
1016
1024
1016
1015
1015
1020
1019
1019
1028
1016
1015
1017
1017
1012
1022
1024
1025
1024
1028
1022
1014
1015
1023
1017
1021
1022
1016
1017
1027
1027
1020
1022
1028
1029
1019
1022
1024
1019
1014
1023
1016
1022
1015
1019
1018
1025
1022
1015
1018
1015
1023
1023
1021
1016
1022
1023
1021
1020
1021
1016
1010
1009
1012
1012
1016
1019
1021
1015
1011
1019
1019
1009
1009
1003
1012
1001
1015
1013
1026
1016
1007
1010
1007
1010
1019
1011
1007
1007
1009
1012
1016
1016
1011
1018
1011
1011
1018
1011
1020
1014
1015
1019
1020
1019
1030
1017
1028
1015
1017
1015
1015
1012
1018
1014
1019
1013
1010
1017
1018
1016
1019
1016
1019
1005
1010
1010
1010
1003
1018
1013
1006
1020
1005
1009
1018
1014
1007
1009
1005
997
1016
1005
1007
1003
1019
997
1002
1013
1008
1009
1014
1007
1018
1014
1012
1006
1012
1001
1016
1004
1018
1011
1013
1016
1007
1015
1004
1015
1008
1008
1008
1015
1025
1016
1011
1014
1021
1020
1017
1024
1024
1015
1016
1011
1013
1013
1013
1013
1014
1023
1020
1016
1011
1018
1004
1023
1011
1013
1010
1012
1016
1006
1015
1008
1010
1018
1017
1012
1010
1012
1023
1008
1012
1011
1021
1016
1012
1019
1018
1019
1008
1016
1010
1013
1022
1016
1013
1024
1019
1020
1029
1019
1022
1021
1018
1023
1017
1018
1018
1013
1021
1023
1016
1019
1019
1020
1022
1024
1023
1023
1017
1017
1022
1012
1016
1025
1015
1013
1011
1014
1008
1015
1013
1021
1015
1015
1017
1014
1015
1012
1011
1015
1015
1019
1030
1020
1029
1019
1019
1024
1015
1012
1017
1015
1023
1015
1014
1022
1017
1013
1021
1014
1019
1020
1017
1019
1015
1014
1015
1007
1006
1013
1005
1009
1021
1010
1005
1005
1014
1011
1015
1016
1021
1014
1014
1015
1014
1017
1006
1019
1016
1017
1014
1017
1015
1018
1025
1018
1016
1022
1020
1015
1025
1022
1015
1013
1012
1005
1016
1013
1016
1013
1008
1011
1024
1016
1018
1012
1009
1019
1014
1007
1023
1026
1019
1015
1016
1019
1026
1019
1017
1007
1010
1013
1016
1006
1024
1012
1012
1029
1014
1012
1011
1015
1017
1014
1010
1008
1014
1013
1015
1012
1012
1009
1019
1015
1022
1015
1004
1014
1022
1008
1016
1014
1018
1016
1016
1023
1017
1008
1012
1007
1012
1015
1015
1024
1018
1026
1017
1021
1017
1019
1030
1020
1010
1022
1016
1021
1023
1021
1021
1025
1021
1022
1020
1030
1018
1026
1018
1020
1011
1010
1005
1010
1017
1014
1015
1020
1015
1010
1014
1014
1000
1008
1006
1010
1011
1001
995
999
1012
1006
1008
1007
1002
996
1010
1007
1008
1010
1008
1007
1003
1015
1014
1007
1015
1011
1008
1008
1012
1006
1015
1009
1009
1010
1011
1013
1013
1008
1002
1010
1001
1008
1009
1010
1014
1016
1019
1021
1017
1008
1017
1026
1020
1023
1009
1011
1018
1019
1021
1006
1017
1015
1018
1015
1012
1016
1015
1016
1019
1020
1008
1012
1019
1005
1008
1014
1012
1003
1008
1015
1012
1001
1005
1014
1009
1003
1003
1011
1002
1008
1002
1004
1010
1005
1009
1010
1014
1011
1006
1010
1016
1017
1002
1008
1011
1016
1008
1012
1010
1013
1012
1004
1013
1020
1018
1019
1011
1009
1017
1017
1015
1019
1015
1009
1011
1018
1016
1016
1014
1022
1010
1022
1019
1012
1009
1015
1009
1017
1012
1011
1001
1015
1018
1017
1007
1006
1025
1007
1019
1023
1030
1020
1020
1010
1023
1019
1018
1018
1022
1021
1016
1017
1020
1019
1019
1026
1016
1022
1023
1023
1019
1025
1023
1023
1028
1020
1020
1025
1016
1012
1008
1009
1012
1016
1007
1006
1007
1010
1015
1008
1017
1020
1013
1014
1008
1017
1015
1025
1020
1022
1020
1022
1008
1013
1014
1005
1013
1021
1008
1022
1010
1009
1009
1013
1003
1016
1004
1010
1013
1016
1011
1014
1009
1020
1013
1005
1013
1011
1015
1010
1013
1013
1012
1002
1004
1007
1005
999
1009
1009
1002
1009
1009
998
1008
1013
1008
1013
1018
1009
1004
1002
1008
1010
1004
1013
1010
1010
1009
1009
1001
1001
999
1012
1000
1001
1015
1008
1009
1000
1011
1003
997
991
996
998
1008
1000
1005
1003
1004
1002
1005
1007
1007
1006
1005
1008
1007
1002
1005
993
1002
1010
1005
1011
1004
1013
1008
1013
1011
1006
1004
1016
1007
1007
1010
1018
1007
1010
1004
1006
1012
1011
1010
1010
1015
1001
1005
1009
1012
1013
1015
1016
1023
1014
1010
1007
1009
1012
1005
1010
1003
1016
1006
1011
1006
1018
1007
1015
1002
1004
1008
1014
1006
1007
1013
1011
1015
1007
1008
1011
1021
1016
1014
1016
1016
1011
1010
1021
1017
1015
1020
1018
1014
1023
1025
1009
1026
1020
1001
1016
1020
1010
1012
1012
1013
1014
1009
1022
1016
1018
1021
1014
1016
1014
1015
1025
1013
1019
1017
1014
1012
1011
1015
1010
1013
1008
1015
1013
1013
1010
1016
1008
1003
1009
1015
1011
1013
1010
1009
1015
1021
1011
1005
1002
1008
1009
1012
1007
998
1001
1000
1013
1005
1004
1005
1007
1012
1011
1020
1015
1011
1010
1018
1022
1016
1012
1016
1016
1014
1013
1015
1023
1025
1021
1017
1025
1010
1017
1013
1016
1017
1016
1014
1017
1015
1013
1016
1006
1019
1009
1012
1008
1015
1014
1009
1009
1014
1019
1018
1010
1010
1016
1020
1023
1012
1005
1008
1015
1006
1005
1014
1011
1006
1010
1016
1003
1014
1015
1016
1005
1010
1001
1015
1006
1012
1011
1011
1005
1006
1000
1001
1001
1007
1011
1007
1009
1003
1012
1001
997
1000
1004
1005
1012
1011
1014
1019
1016
1009
1006
1016
1012
1019
1020
1022
1022
1015
1020
1020
1020
1019
1021
1022
1016
1022
1021
1017
1016
1012
1024
1011
1011
1016
1015
1017
1014
1020
1011
1010
1010
1002
1007
1008
1013
1009
1003
1005
1008
1016
1005
1007
1010
1008
1017
1002
1007
1018
1003
1016
1023
1017
1006
1018
1025
1011
1013
1002
1018
1017
1021
1017
1020
1010
1014
1013
1012
1015
1016
1019
1019
1018
1005
1019
1022
1010
1008
1021
1015
1018
1015
1025
1017
1008
996
1010
1012
1026
1012
1013
1022
1017
1018
1009
1017
1014
1015
1020
1018
1013
1018
1020
1021
1022
1017
1014
1017
1019
1016
1012
1008
1012
1010
1017
1011
1014
1007
1015
1013
1014
1015
1016
1014
1015
1017
1013
1011
1005
997
1008
1001
1007
1003
1014
1012
1008
1007
995
1009
1003
1004
1012
1004
1000
999
995
1006
1004
1006
1003
1005
1008
1004
1008
1009
1002
1004
1008
1004
1012
998
996
1006
1005
997
1005
1000
999
1002
1000
999
1008
1008
1000
1003
997
1005
995
1007
992
1002
998
996
1005
1000
1002
1004
1007
1001
1004
1009
996
1003
1013
1006
1017
1013
1010
1013
1003
1014
1007
1012
1023
1018
1014
1016
1028
1023
1022
1012
1015
1016
1017
1010
1009
1012
1013
1017
1018
1008
1013
1013
1014
1014
1010
1010
1007
1012
1012
1018
1013
1010
1011
1012
1019
998
1009
1011
1014
1010
1003
1010
1011
1019
1007
1004
1009
1006
1015
1014
1022
1013
1003
1022
1019
1019
1015
1014
1013
1013
1013
1016
1016
1012
1017
1029
1009
1010
1012
1010
1016
1011
1019
1024
1019
1015
1012
1010
1018
1020
1015
1018
1024
1016
1024
1031
1036
1029
1029
1012
1027
1014
1019
1026
1029
1015
1026
1016
1023
1016
1019
1021
1017
1007
1016
1017
1020
1015
1015
1020
1023
1013
1014
1016
1020
1018
1015
1018
1012
1019
1007
1023
1016
1021
1025
1013
1014
1026
1025
1016
1012
1016
1019
1015
1013
1012
1019
1025
1025
1014
1011
1015
1006
1016
1019
1018
1018
1005
1020
1015
1010
1011
1015
1015
1016
1014
1015
1016
1020
1018
1017
1015
1011
1014
1012
1024
1028
1022
1020
1016
1008
1019
1018
1023
1011
1012
1025
1025
1034
1025
1019
1023
1020
1022
1026
1028
1029
1033
1018
1026
1024
1024
1016
1028
1020
1018
1021
1017
1024
1021
1013
1018
1014
1022
1021
1019
1032
1031
1024
1017
1028
1033
1032
1023
1028
1035
1027
1026
1039
1028
1030
1024
1033
1023
1030
1020
1018
1027
1024
1032
1023
1020
1020
1014
1009
1019
1020
1021
1017
1022
1015
1020
1024
1024
1023
1020
1020
1023
1022
1011
1025
1016
1012
1021
1025
1020
1023
1017
1015
1023
1023
1025
1026
1021
1019
1030
1032
1030
1014
1032
1031
1020
1020
1015
1012
1026
1023
1028
1027
1024
1029
1026
1018
1035
1032
1024
1033
1031
1022
1026
1034
1023
1014
1014
1014
1016
1016
1014
1012
1009
1015
1019
1012
1018
1020
1022
1022
1025
1016
1022
1015
1018
1011
1013
1017
1023
1020
1014
1017
1019
1020
1017
1024
1026
1032
1029
1024
1021
1024
1024
1035
1028
1029
1023
1024
1031
1025
1038
1030
1031
1031
1034
1035
1019
1032
1029
1024
1025
1025
1028
1028
1019
1009
1016
1016
1019
1019
1015
1008
1015
1009
1017
1014
1021
1023
1012
1016
1006
1021
1011
1015
1020
1008
1015
1010
1012
1021
1015
1005
1009
1005
1005
1014
1014
1014
1012
1011
1014
1016
1023
1013
1029
1028
1027
1015
1013
1010
1013
1010
1001
1014
1011
1011
1010
1017
1010
1010
1004
1011
1012
1011
1012
1009
999
1003
1009
1013
1009
1018
1017
1020
1015
1021
1003
1011
1013
1014
1009
1011
1006
1012
1014
1009
1014
1010
1011
1016
1003
1013
1017
1015
1012
1020
1018
1009
1009
1009
1007
1010
998
1005
1005
1007
997
1004
1005
1000
1004
1001
1003
1002
1010
1009
1007
1002
1006
1009
1003
1020
1005
1019
1011
1013
1000
1005
1005
1006
1005
994
998
1005
1001
999
1005
1015
997
1009
1007
1007
1008
1010
1010
1007
1009
1025
1014
1016
1023
1009
1010
1010
1010
1012
1015
1009
1014
1012
1014
1013
1014
1020
1016
1014
1010
1012
998
1016
1012
1005
1003
1008
1003
1008
1001
1012
998
1000
997
1000
1003
1003
989
1001
1004
1002
1000
1007
1005
1001
1003
1009
1010
1007
1003
1013
1009
1005
999
1001
999
1005
1001
1008
1002
998
1009
1005
1014
1010
1008
1006
1004
1005
1007
1007
1010
1010
1000
1009
1000
1020
1013
1006
1013
1008
1010
1013
1010
1013
1012
1013
1008
1008
1008
1014
1007
1004
1002
1003
999
999
996
995
1005
1004
1009
997
1006
1000
1006
998
1003
1002
1011
1005
1005
1006
1008
1003
1010
1015
1003
1006
1011
1005
1002
1015
1014
1006
1008
1000
1013
1017
1015
1004
1002
1007
1007
1012
1007
1008
1016
1012
1010
1009
1006
1008
1017
1013
1013
1007
1012
1011
1007
1003
1004
1007
1012
1008
1006
1008
1009
1007
1004
1009
1006
1002
1000
1002
1006
1011
999
1004
996
997
1009
998
1011
996
997
999
1010
1002
1013
1015
1013
1014
1012
1005
1004
1000
1008
1015
1004
1009
1006
1005
1005
1010
1008
1004
1003
1004
1003
1003
1007
1001
997
1006
998
1003
1009
1001
1008
1006
1001
996
1001
999
996
993
1003
994
998
996
992
1007
1004
997
997
1006
1006
1010
1003
1001
1005
1005
1011
1008
1007
1009
1003
994
1005
1001
1009
1006
999
1008
1006
996
996
1000
1011
1002
999
997
1007
997
1004
1003
1004
1002
1003
1000
1002
999
1003
994
994
1000
999
996
1003
1003
990
993
992
987
996
997
998
1005
1007
1006
999
996
1005
999
1014
1004
1001
997
997
1008
1001
994
998
999
997
996
1003
1008
1001
1008
1005
998
995
996
988
1000
1007
993
1004
1003
995
996
998
1011
999
1004
1011
1002
1001
1003
1004
994
997
997
992
995
996
998
995
1002
1003
995
994
996
996
999
994
998
998
997
1002
1001
1005
998
1005
996
998
1005
999
998
999
994
996
984
998
997
1005
1003
1006
999
1005
995
995
992
990
996
999
1000
986
997
988
983
993
999
1000
990
996
980
990
989
992
990
989
998
998
999
998
992
997
996
997
1002
993
997
996
1001
1003
995
997
1002
995
986
985
994
987
992
1001
996
1000
995
991
992
997
995
1001
1003
997
1006
992
995
1005
1011
998
991
1002
1000
1003
1001
999
999
1008
1003
999
1002
1001
999
1000
995
996
996
1005
1013
1006
995
1006
1002
1002
1000
1015
997
1006
1000
998
1006
1007
998
998
1007
1003
997
986
1007
1002
1003
1007
1006
1002
1005
1010
1010
1012
1008
1006
1010
1014
1013
1009
1007
1009
1008
1003
1010
1011
1007
1012
1003
1000
1000
1003
1010
1007
1008
1007
1010
1010
1002
995
1008
1009
1004
1016
1009
1014
1008
1009
1006
1002
999
998
1002
1001
998
1000
997
994
993
986
993
987
995
997
1000
1004
1004
1000
1001
995
1003
989
993
991
989
998
998
995
1007
1000
1008
1004
1006
998
1001
1003
1008
1002
1003
1002
1010
999
1008
1005
991
1007
998
1010
1008
996
999
1004
1005
999
997
1002
989
987
995
983
994
1003
1000
1000
1002
991
1001
994
997
