956
951
950
954
957
952
953
958
951
949
951
958
957
963
949
956
953
961
958
958
959
958
955
955
964
962
957
953
958
949
948
957
955
947
946
953
956
955
959
959
959
953
943
947
961
963
954
953
951
957
957
953
954
950
952
944
947
954
951
949
955
947
948
950
958
943
949
954
952
958
954
954
954
954
952
957
951
955
950
958
959
954
954
958
957
962
961
957
964
968
970
966
966
955
964
968
967
959
960
956
961
969
970
966
968
963
971
964
959
976
965
976
969
971
974
975
968
971
957
968
962
958
960
957
959
961
963
966
958
952
969
966
964
964
969
968
968
970
967
961
970
977
973
970
972
971
961
968
963
966
963
963
964
963
959
970
956
963
959
962
958
958
955
958
959
953
954
955
953
958
958
948
958
954
957
954
941
960
958
956
963
967
962
961
958
961
953
958
967
962
966
964
967
968
965
966
964
967
966
970
971
976
967
963
965
968
958
966
962
957
962
962
968
966
960
961
967
962
963
969
968
966
966
968
972
970
962
971
972
976
976
972
970
975
970
979
974
984
976
964
964
974
977
975
975
973
974
974
973
967
978
970
967
972
970
970
966
967
974
968
969
963
967
968
962
974
958
973
966
975
970
969
976
974
967
963
976
974
976
976
979
972
966
967
961
964
960
966
975
972
980
980
977
976
981
978
981
983
976
972
978
982
988
981
977
980
977
982
984
982
971
977
979
979
983
977
980
984
977
972
970
975
975
971
971
984
983
979
977
973
980
976
976
972
987
971
977
975
978
987
986
988
981
980
985
989
987
982
981
988
980
986
970
984
980
976
984
976
986
983
