951
950
944
951
948
947
952
946
951
950
950
949
957
947
948
949
951
947
947
946
957
954
949
948
950
955
947
954
954
952
947
952
953
948
958
950
950
949
955
953
963
953
961
952
954
950
951
961
957
954
958
962
959
963
965
966
973
959
968
968
960
957
965
968
966
971
964
973
962
965
957
959
954
960
958
964
966
963
963
968
968
956
957
956
955
952
939
950
952
951
948
956
952
950
951
948
951
950
956
956
956
956
950
953
951
957
958
960
956
959
960
957
970
965
964
964
957
960
956
967
959
960
957
951
945
957
954
965
960
956
952
974
958
958
972
964
967
968
970
966
971
968
967
968
971
971
969
972
972
975
977
976
965
964
966
972
960
964
965
960
971
964
971
962
967
972
959
967
971
971
967
966
967
965
964
964
962
959
963
961
967
960
956
950
958
961
966
977
975
960
966
970
967
968
969
981
975
977
970
970
975
967
976
976
976
979
978
972
973
981
980
980
980
977
981
968
968
971
977
967
971
967
972
975
974
962
967
978
971
974
979
980
973
962
974
965
974
976
985
974
981
979
974
972
980
979
982
971
976
971
976
977
971
979
972
971
967
965
973
970
973
971
970
965
978
974
975
982
977
981
980
977
975
971
976
975
980
980
967
966
971
971
976
978
965
972
967
969
972
973
975
977
969
977
972
978
977
974
960
971
966
966
968
975
972
971
970
973
963
977
976
976
969
976
971
973
976
975
962
972
966
978
974
969
967
973
978
968
976
971
980
977
986
981
984
980
983
980
990
987
988
987
991
988
990
987
985
988
984
992
986
991
992
981
988
980
980
980
978
976
980
987
985
985
981
979
974
983
975
979
984
970
981
989
989
988
977
982
980
982
977
980
975
977
976
973
980
975
986
981
986
989
980
984
987
976
987
982
991
995
992
988
992
988
982
987
992
986
982
996
986
989
986
986
981
985
979
981
983
982
982
986
980
981
986
972
978
984
982
983
982
988
982
972
972
974
974
984
975
972
971
976
970
971
977
978
983
980
994
978
979
981
992
986
984
992
985
990
987
984
990
984
995
985
993
988
981
988
992
1000
992
995
992
985
995
991
986
980
986
992
988
989
980
985
985
985
988
978
968
994
994
989
983
988
987
988
985
982
985
983
991
993
990
996
988
991
987
989
992
987
995
1000
990
993
987
998
993
989
995
997
984
994
989
1004
993
997
1006
998
999
1005
1005
1000
997
994
993
998
993
998
997
1004
997
995
998
990
994
999
993
987
986
991
996
997
991
991
990
993
987
996
994
996
995
995
984
992
1003
1001
996
985
986
989
991
996
994
999
996
993
1001
993
994
999
997
995
990
988
996
993
989
987
990
993
981
989
990
992
993
995
997
1000
1008
1004
997
1001
998
995
999
990
998
999
1000
995
995
995
993
998
994
1004
1007
1004
996
1008
1001
995
1002
998
1002
998
990
995
992
993
995
991
995
990
998
1003
1004
1002
1004
1001
1001
1008
1003
1012
1018
1007
1005
1007
1007
985
985
981
979
974
983
975
979
984
970
981
989
989
988
977
982
980
982
977
980
975
977
976
973
980
975
986
981
986
989
980
984
987
976
987
982
991
995
992
988
992
988
982
987
992
986
982
996
986
989
986
986
981
985
979
981
983
982
982
986
980
981
986
972
978
984
982
983
982
988
982
972
972
974
974
984
975
972
971
976
970
971
977
978
983
980
994
978
979
981
992
986
984
992
985
990
987
984
990
984
995
985
993
988
981
988
992
1000
992
995
992
985
995
991
986
980
986
992
988
989
980
985
985
985
988
978
968
994
994
989
983
988
987
988
985
982
985
983
991
993
990
996
988
991
987
989
992
987
995
1000
990
993
987
998
993
989
995
997
984
994
989
1004
993
997
1006
998
999
1005
1005
1000
997
994
993
998
993
998
997
1004
997
995
998
990
994
999
993
987
986
991
996
997
991
991
990
993
987
996
994
996
995
995
984
992
1003
1001
996
985
986
989
991
996
994
999
996
993
1001
993
994
999
997
995
990
988
996
993
989
987
990
993
981
989
990
992
993
995
997
1000
1008
1004
997
1001
998
995
999
990
998
999
1000
995
995
995
993
998
994
1004
1007
1004
996
1008
1001
995
1002
998
1002
998
990
995
992
993
995
991
995
990
998
1003
1004
1002
1004
1001
1001
1008
1003
1012
1018
1007
1005
1007
1007
1019
1019
1010
1014
1011
1011
1014
1022
1019
1012
1020
1008
1016
1021
1016
1013
1028
1022
1007
1013
1013
1018
1023
1010
1023
1007
1006
1020
1013
1017
1017
1007
1008
1006
1008
1003
1012
1008
1011
1004
1012
1006
997
1003
1005
1006
1007
1004
1004
1004
999
1005
1005
1002
1000
994
997
996
1004
994
1007
1000
1007
1000
1008
1004
1005
1012
1006
1014
1012
1009
1009
1004
1004
1000
1011
1016
1010
1019
1009
1020
1013
1003
1018
1017
1016
1010
1000
1009
997
1011
1009
1013
1009
1012
1020
1010
1010
1001
1004
1010
1004
996
997
1007
1000
1000
1009
1000
1001
1006
995
997
992
995
994
1006
1009
1005
1007
1007
1005
1011
1005
1009
1010
1017
1000
1011
1003
1009
1002
998
994
993
1006
1011
1011
1011
989
1004
1001
998
1006
1003
1004
1000
1003
1001
997
1001
1005
1003
999
997
998
999
990
996
992
1001
988
985
996
986
1002
998
1010
994
1000
1000
997
1005
1002
998
1013
1002
1002
1009
1010
1008
1014
1007
1017
1016
1013
1004
1011
1013
1018
1024
1023
1016
1015
1024
1023
1024
1017
1017
1013
1014
1021
1022
1022
1017
1023
1020
1022
1026
1027
1028
1026
1031
1026
1016
1016
1024
1026
1023
1020
1011
1009
1011
1008
1008
1009
1006
1005
1006
1009
1011
1015
1011
1007
1008
1003
1007
1009
1003
995
1004
1003
1009
1004
1013
1001
1006
1004
1006
1004
1005
1008
1001
1008
1012
1010
1008
1011
1007
1020
1015
1016
1015
1017
1014
1015
1006
1021
1020
1024
1009
1018
1014
1013
1008
1015
1028
1026
1022
1024
1021
1016
1025
1021
1027
1019
1027
1023
1018
1023
1022
1018
1017
1012
1013
1020
1008
1018
1011
1015
1022
1013
1021
1016
1014
1007
1019
1018
1018
1022
1011
1018
1013
1024
1020
1021
1024
1027
1024
1024
1022
1025
1023
1019
1026
1013
1024
1028
1021
1023
1016
1021
1026
1019
1026
1025
1030
1026
1030
1026
1025
1033
1026
1027
1025
1025
1018
1025
1021
1026
1016
1019
1026
1027
1023
1019
1024
1026
1016
1026
1018
1024
1032
1029
1039
1037
1038
1035
1032
1029
1029
1025
1029
1024
1036
1032
1025
1019
1017
1020
1012
1020
1013
1007
1015
1017
1016
1015
1006
1018
1022
1015
1009
1013
1017
1014
1020
1004
1025
1024
1020
1017
1026
1018
1020
1024
1013
1016
1025
1016
1013
1015
1001
1021
1020
1023
1020
1009
1012
1005
1012
1020
1012
1019
1021
1020
1010
1015
1019
1021
1021
1019
1014
1008
1018
1009
1010
1020
1019
1015
1016
1026
1023
1027
1023
1019
1006
1012
1009
1013
1016
1015
1018
1016
1019
1015
1020
1022
1014
1019
1015
1018
1026
1027
1021
1030
1032
1024
1031
1035
1026
1022
1022
1018
1024
1009
1013
1006
1010
1012
1020
1005
1018
1018
1011
1019
1015
1013
1024
1028
1020
1014
1015
1021
1016
1007
1018
1011
1011
1016
1023
1019
1022
1027
1023
1032
1024
1035
1027
1026
1026
1020
1026
1023
1024
1027
1036
1019
1023
1019
1020
1031
1022
1032
1015
1015
1026
1023
1025
1025
1018
1024
1029
1031
1036
1025
1022
1020
1019
1017
1017
1018
1031
1028
1027
1026
1016
1029
1023
1017
1019
1016
1015
1021
1029
1029
1019
1032
1027
1021
1021
1020
1019
1023
1023
1025
1008
1010
1016
1017
1003
1007
1015
1016
1006
1020
1020
1011
1015
1018
1014
1019
1020
1015
1012
1009
1023
1019
1013
1020
1017
1011
1026
1021
1014
1014
1020
1014
1018
1010
1016
1016
1017
1021
1013
1018
1024
1016
1015
1020
1019
1014
1012
1011
1004
1008
1015
1013
1002
1016
1015
1023
1015
1016
1018
1018
1019
1015
1014
1019
1021
1024
1020
1022
1009
1018
1008
1008
1015
1021
1020
1016
1018
1009
1012
1017
1015
1011
1017
1008
1023
1012
1024
1019
1011
1020
1016
1016
1018
1011
1016
1018
1018
1016
1013
1019
1018
1010
1006
1017
1008
1022
1011
1015
1013
1006
1017
1027
1013
1010
1017
1019
1022
1014
1018
1011
1018
1021
1013
1008
1019
1016
1014
1016
1021
1023
1013
1020
1012
1010
1018
1019
1012
1026
1022
1020
1023
1027
1016
1027
1022
1032
1015
1015
1017
1020
1014
1023
1017
1030
1028
1017
1011
1017
1013
1017
1017
1016
1011
1016
1020
1021
1020
1017
1019
1033
1014
1016
1017
1021
1024
1016
1024
1019
1027
1028
1017
1028
1028
1018
1022
1020
1033
1020
1015
1021
1026
1020
1026
1027
1028
1025
1028
1029
1031
1036
1034
1038
1037
1038
1034
1033
1029
1026
1027
1030
1021
1024
1030
1030
1033
1026
1026
1020
1025
1024
1025
1026
1020
1017
1022
1028
1023
1024
1026
1018
1031
1016
1017
1018
1014
1033
1029
1026
1031
1025
1023
1024
1033
1034
1031
1018
1024
1017
1018
1018
1013
1020
1016
1018
1025
1025
1021
1025
1020
1016
1023
1019
1020
1023
1027
1028
1011
1020
1013
1012
1012
1014
1020
1024
1028
1026
1020
1014
1013
1020
1012
1012
1009
1008
1016
1019
1024
1021
1023
1026
1013
1019
1024
1023
1022
1016
1025
1022
1021
1024
1026
1024
1025
1021
1010
1017
1013
1008
1019
1017
1018
1018
1027
1022
1015
1014
1021
1021
1021
1016
1013
1019
1012
1015
1006
1011
1017
1014
1019
1012
1025
1020
1018
1021
1018
1024
1021
1024
1010
1021
1016
1019
1023
1023
1020
1030
1020
1021
1021
1014
1024
1021
1015
1017
1024
1018
1013
1010
1024
1016
1016
1020
1020
1016
1015
1017
1014
1014
1023
1031
1023
1019
1022
1016
1014
1012
1018
1020
1003
1022
1020
1018
1001
1007
1011
1009
1012
1012
1018
1015
1014
1019
1014
1017
1020
1013
1006
1010
1013
1005
1005
1017
1016
1013
1013
1012
1001
1006
1011
1008
1006
1009
1003
1006
1007
1007
1001
1007
1001
999
1004
1006
1010
1011
1013
1011
1011
1018
1010
1013
1012
1011
1014
1022
1011
1007
1017
1015
1009
1015
1019
1019
1021
1023
1025
1006
1016
1026
1013
1019
1023
1014
1015
1008
1011
1012
1017
1014
1015
1028
1018
1013
1021
1014
1012
1011
1002
1013
1015
1023
1020
1014
1013
1016
1010
1017
1014
1015
1016
1014
1025
1023
1011
1025
1024
1025
1020
1025
1024
1023
1021
1014
1013
1018
1021
1021
1024
1018
1019
1019
1015
1023
1023
1020
1013
1017
1019
1019
1022
1012
1014
1020
1015
1015
1018
1016
1004
1016
1011
1012
1016
1009
1012
1014
1014
1013
1015
1019
1018
1015
1018
1014
1017
1017
1014
1019
1017
1013
1015
1016
1014
1011
1011
1012
1010
1014
1008
1005
991
1014
1018
1020
1019
1025
1022
1012
1012
1005
1013
1012
1011
1012
1012
1017
1007
1008
1009
1002
1005
1008
1004
1004
1007
1006
1014
1009
1003
1017
1013
1005
1007
1015
1008
1019
1007
1027
1003
1007
1010
1010
1013
1008
1006
1008
1009
1003
1016
1012
1001
1022
1009
1008
1005
1007
1010
1004
1007
1007
1013
1004
1010
1009
1009
1010
1008
1007
1014
1019
1013
1018
1021
1010
1018
1008
1015
1025
1020
1027
1023
1010
1021
1018
1024
1022
1018
1013
1014
1019
1017
1012
1020
1011
1007
1009
1027
1026
1019
1024
1025
1017
1011
1027
1015
1012
1016
1017
1007
1021
1013
1023
1018
1021
1027
1019
1021
1023
1016
1019
1025
1023
1014
1029
1009
1014
1024
1019
1025
1027
1027
1025
1028
1013
1027
1022
1012
1015
1022
1018
1018
1023
1019
1009
1008
1014
1015
1019
1020
1022
1017
1022
1022
1020
1022
1019
1028
1021
1030
1023
1014
1022
1020
1019
1027
1009
1018
1018
1019
1013
1020
1013
1012
1019
1018
1020
1027
1030
1019
1023
1017
1019
1024
1021
1011
1012
1004
1018
1013
1011
1008
1018
1019
1017
1017
1018
1023
1022
1018
1022
1026
1012
1016
1020
1020
1014
1016
1023
1018
1026
1018
1017
1019
1014
1021
1020
1020
1010
1012
1003
1024
1016
1022
1020
1021
1020
1025
1022
1031
1022
1028
1018
1022
1014
1022
1025
1017
1018
1010
1010
1023
1019
1003
1018
1016
1021
1019
1020
1010
1019
1018
1021
1023
1018
1023
1016
1030
1028
1020
1031
1024
1027
1023
1022
1025
1027
1033
1026
1022
1026
1023
1023
1027
1029
1032
1036
1037
1030
1025
1028
1027
1025
1017
1025
1027
1022
1029
1034
1016
1028
1027
1028
1023
1029
1030
1028
1028
1025
1036
1028
1022
1027
1031
1022
1019
1027
1027
1019
1025
1031
1027
1026
1024
1022
1020
1025
1026
1021
1018
1028
1026
1030
1036
1032
1031
1027
1033
1028
1028
1033
1034
1023
1023
1026
1022
1019
1026
1032
1028
1024
1030
1025
1026
1020
1026
1023
1026
1019
1026
1020
1021
1026
1016
1025
1021
1031
1030
1029
1036
1040
1028
1035
1031
1035
1035
1029
1028
1031
1033
1022
1027
1023
1025
1031
1019
1020
1027
1020
1007
1013
1013
1024
1024
1014
1016
1013
1014
1024
1024
1020
1017
1015
1022
1010
1010
1012
1014
1013
1015
1013
1005
1008
1015
1023
1022
1017
1020
1014
1019
1020
1015
1027
1019
1027
1014
1015
1020
1017
1017
1026
1019
1021
1023
1023
1025
1023
1024
1020
1031
1015
1032
1026
1022
1022
1028
1031
1024
1026
1027
1023
1021
1024
1028
1025
1022
1028
1020
1022
1022
1023
1018
1013
1023
1026
1028
1020
1020
1021
1019
1024
1022
1015
1028
1023
1030
1030
1029
1025
1022
1024
1024
1025
1026
1021
1015
1021
1022
1029
1024
1030
1024
1018
1016
1031
1027
1021
1028
1025
1022
1022
1015
1022
1014
1028
1025
1016
1018
1023
1021
1015
1016
1013
1015
1013
1015
1009
1012
1018
1013
1006
1023
1023
1014
1019
1028
1027
1025
1029
1023
1033
1028
1021
1030
1024
1026
1022
1035
1024
1024
1034
1030
1030
1019
1022
1034
1015
1020
1016
1017
1020
1024
1029
1021
1027
1027
1027
1025
1026
1031
1028
1024
1024
1023
1035
1030
1025
1029
1026
1036
1031
1029
1041
1034
1031
1032
1034
1030
1025
1027
1024
1029
1026
1021
1020
1028
1015
1014
1021
1012
1017
1022
1015
1018
1020
1011
1020
1020
1017
1020
1005
1016
1017
1018
1026
1024
1024
1022
1011
1021
1027
1024
1027
1018
1025
1023
1021
1021
1019
1014
1026
1016
1026
1021
1025
1022
1018
1029
1024
1023
1020
1024
1021
1006
1018
1014
1019
1022
1029
1029
1024
1026
1023
1029
1024
1015
1018
1022
1025
1028
1022
1026
1022
1024
1024
1028
1024
1026
1023
1033
1023
1027
1025
1028
1028
1027
1031
1024
1031
1034
1025
1024
1025
1019
1023
1027
1028
1027
1026
1026
1029
1027
1024
1023
1015
1019
1022
1021
1026
1024
1009
1023
1027
1024
1024
1026
1023
1020
1023
1033
1016
1020
1027
1025
1028
1016
1020
1021
1031
1021
1027
1022
1021
1026
1029
1026
1023
1030
1025
1035
1022
1024
1027
1025
1027
1026
1021
1030
1032
1027
1029
1028
1027
1024
1030
1025
1027
1028
1027
1030
1018
1020
1027
1030
1015
1032
1034
1036
1033
1038
1033
1028
1028
1033
1025
1022
1027
1024
1030
1026
1022
1027
1024
1022
1017
1019
1024
1026
1019
1021
1028
1025
1026
1028
1025
1024
1024
1022
1029
1025
1021
1032
1030
1019
1021
1025
1028
1029
1024
1023
1022
1020
1021
1019
1015
1007
1018
1019
1017
1018
1010
1023
1019
1017
1020
1017
1020
1021
1023
1024
1017
1021
1026
1019
1018
1026
1029
1030
1020
1031
1029
1021
1025
1025
1030
1023
1025
1024
1016
1022
1018
1029
1032
1035
1028
1029
1026
1028
1032
1029
1026
1025
1026
1028
1030
1036
1042
1032
1028
1024
1033
1037
1024
1028
1036
1036
1034
1020
1026
1031
1031
1029
1027
1027
1028
1029
1028
1035
1028
1023
1027
1029
1030
1027
1020
1022
1028
1022
1030
1031
1025
1024
1019
1021
1018
1018
1028
1025
1025
1023
1015
1032
1035
1025
1038
1017
1024
1020
1024
1015
1015
1010
1020
1019
1022
1013
1020
1014
1012
1021
1023
1020
1014
1007
1001
1022
1007
1022
1016
1019
1026
1018
1015
1027
1022
1020
1013
1016
1017
1016
1017
1014
1021
1024
1019
1020
1016
1024
1022
1019
1030
1014
1019
1017
1017
1023
1025
1028
1025
1015
1025
1026
1028
1024
1024
1030
1022
1022
1023
1027
1016
1018
1017
1013
1005
1015
1015
1021
1024
1012
1025
1012
1006
1011
1003
1010
1011
1015
1021
1016
1013
1018
1014
1027
1021
1016
1014
1008
1008
1013
1019
1020
1025
1018
1022
1023
1025
1019
1018
1015
1027
1019
1017
1023
1030
1020
1022
1018
1024
1027
1019
1026
1021
1038
1020
1029
1025
1023
1022
1032
1029
1017
1026
1031
1025
1019
1021
1024
1024
1028
1016
1022
1029
1022
1022
1025
1020
1017
1000
1022
1014
1025
1016
1015
1022
1026
1028
1030
1016
1024
1023
1019
1025
1022
1014
1018
1016
1015
1009
1006
1013
1010
1017
1024
1011
1017
1012
1022
1017
1013
1021
1014
1002
1026
1017
1019
1020
1014
1018
1015
1020
1012
1004
1015
1021
1021
1010
1017
1017
1013
1018
1008
1024
1019
1016
1005
1020
1017
1022
1009
1010
1020
1012
1019
1014
1019
1018
1022
1018
1010
1020
1016
1009
1014
1021
1017
1021
1025
1015
1021
1025
1022
1015
1026
1019
1018
1019
1021
1020
1026
1008
1019
1016
1026
1018
1022
1018
1024
1024
1025
1026
1024
1021
1026
1022
1011
1015
1022
1025
1021
1023
1030
1024
1021
1023
1018
1022
1014
1025
1020
1013
1020
1024
1024
1031
1029
1030
1028
1030
1024
1025
1028
1031
1027
1034
1031
1033
1029
1021
1017
1024
1030
1021
1028
1013
1023
1028
1021
1019
1010
1017
1022
1018
1015
1021
1017
1013
1021
1011
1018
1022
1019
1018
1018
1015
1017
1017
1011
1023
1021
1025
1022
1018
1019
1009
1016
1006
1008
1011
1009
1012
1014
1007
1015
1017
1023
1021
1018
1015
1010
1017
1023
1010
1011
1020
1020
1018
1010
1016
1024
1015
1023
1017
1016
1016
1015
1015
1026
1025
1023
1020
1027
1014
1022
1026
1024
1021
1018
1026
1022
1025
1019
1023
1024
1029
1028
1031
1033
1028
1030
1026
1020
1030
1023
1033
1023
1028
1031
1030
1032
1031
1025
1041
1034
1036
1035
1033
1028
1023
1034
1026
1021
1014
1024
1025
1029
1024
1031
1029
1030
1028
1035
1025
1032
1029
1027
1022
1018
1023
1022
1020
1021
1025
1020
1026
1034
1032
1032
1025
1027
1027
1021
1025
1021
1025
1017
1021
1023
1022
1020
1019
1021
1035
1029
1016
1023
1022
1023
1023
1030
1026
1032
1029
1028
1018
1031
1025
1024
1016
1016
1011
1022
1020
1018
1017
1020
1021
1031
1026
1024
1024
1026
1027
1023
1021
1033
1030
1028
1021
1020
1025
1030
1028
1023
1025
1027
1028
1029
1025
1034
1036
1026
1034
1032
1026
1030
1031
1028
1032
1033
1028
1034
1037
1036
1047
1040
1034
1033
1039
1030
1036
1026
1041
1027
1027
1039
1035
1036
1030
1029
1022
1021
1013
1024
1035
1024
1029
1023
1027
1025
1018
1036
1025
1026
1014
1021
1028
1023
1019
1010
1026
1019
1022
1030
1022
1008
1018
1012
1021
1015
1013
1018
1017
1020
1016
1006
1015
1016
1025
1020
1016
1012
1014
1011
1017
1013
1017
1025
1021
1015
1018
1018
1017
1016
1012
1023
1027
1018
1021
1020
1018
1019
1024
1016
1022
1019
1023
1018
1013
1017
1019
1013
1022
1023
1018
1021
1012
1012
1012
1004
1018
1007
1011
1011
1010
1021
1012
1011
1019
1006
1018
1010
1014
1005
1010
1009
1020
1016
1012
1010
1008
1016
1008
1005
1011
1012
1003
1005
1017
1021
1004
1011
1010
1019
1021
1016
1018
1021
1021
1010
1013
1020
1020
1018
1016
1022
1024
1019
1014
1026
1025
1026
1023
1030
1023
1025
1027
1019
1029
1020
1019
1024
1022
1028
1023
1022
1018
1023
1018
1016
1022
1027
1036
1027
1015
1016
1020
1029
1022
1020
1022
1031
1017
1018
1021
1027
1022
1022
1025
1017
1016
1016
1020
1015
1016
1018
1015
1010
1001
1006
1006
1006
1007
1005
1012
1017
1011
1012
1011
1010
1014
1020
1012
1018
1009
1008
1000
1003
1001
1002
1001
1018
1013
1007
1009
1009
1010
1004
