948
947
952
951
951
956
952
951
954
954
953
953
949
954
952
963
964
963
963
961
964
957
967
962
964
956
960
956
967
962
952
959
953
956
945
949
956
957
969
960
955
958
956
962
951
962
953
951
958
954
964
965
956
953
961
955
965
962
949
955
954
962
963
953
961
962
958
961
954
950
951
966
964
951
963
962
967
965
965
961
966
964
965
963
964
975
975
973
979
968
971
966
972
965
962
967
966
967
963
974
962
964
956
970
959
967
975
959
963
971
970
975
964
985
975
980
977
974
976
976
975
975
971
975
970
968
967
959
949
948
952
960
960
962
964
963
966
961
957
969
964
969
973
965
966
972
970
973
969
967
961
972
974
973
968
976
974
974
974
974
973
976
973
975
975
976
974
981
977
975
973
961
967
973
976
968
974
970
973
959
961
971
963
977
971
970
976
978
979
973
975
974
972
976
963
962
973
963
958
965
969
975
976
973
967
965
968
957
965
964
967
973
968
974
975
968
977
970
967
970
967
966
981
967
978
971
973
958
966
959
961
962
967
965
978
974
974
967
977
974
974
970
974
975
968
983
983
987
994
981
982
990
992
990
990
992
988
996
991
988
992
991
999
991
995
987
993
978
987
993
984
977
986
991
987
993
992
989
1004
994
988
995
996
998
993
994
991
996
996
997
989
1002
1003
1010
1011
1004
1000
1012
1000
1003
1010
999
1008
999
1001
1002
999
1000
998
1002
1007
998
1006
992
995
995
1004
993
1006
1001
997
999
994
997
1000
1002
1009
1009
1010
1015
1007
997
1008
999
997
1002
1004
1001
1008
1002
995
999
989
1000
991
1008
1001
998
999
995
997
1000
993
996
1006
999
999
1007
1008
1009
1011
1010
1012
1006
1012
1006
1007
1003
997
1007
1001
1005
1003
1002
1000
998
997
996
993
997
995
994
995
1002
1000
1002
998
1001
1002
1009
993
1010
1006
1003
1013
1014
1011
1014
1017
1014
1004
1014
1015
1017
1012
1017
1013
1019
1015
1019
1006
1009
1002
1010
1008
1011
1008
1009
1015
1007
1000
1013
1010
995
1007
1007
998
1010
1001
1004
996
1000
998
1006
999
1002
999
1003
992
1003
1000
1001
1005
998
1005
1000
1005
995
1005
1001
999
997
1003
1008
1009
994
999
1009
1003
1002
999
994
1000
1001
1012
1017
1007
999
1002
999
1003
994
1000
1003
1006
1001
1004
1001
991
1001
999
1000
1001
997
1005
1009
1011
1003
1009
1001
1005
1003
1008
1007
1001
1001
1012
1005
1005
1010
1001
1000
989
990
994
996
1001
999
1000
996
1001
1003
996
1010
998
1001
1004
1009
1014
1010
1012
1009
1003
1010
1014
1013
1013
1011
1017
1010
1009
1012
1005
1013
999
1012
1007
1014
1022
1022
1014
1009
1011
1013
1010
1022
1010
1012
1021
1024
1015
1026
1022
1014
1010
1007
1025
1023
1024
1022
1013
1026
1013
1010
1005
1016
1006
1017
1014
1016
1016
1022
1020
1017
1028
1025
1034
1030
1030
1035
1028
1036
1036
1030
1025
1033
1027
1028
1020
1026
1027
1026
1031
1034
1026
1030
1030
1022
1029
1028
1025
1029
1023
1024
1021
1022
1030
1019
1030
1032
1026
1023
1033
1016
1025
1020
1016
1012
1016
1022
1018
1024
1024
1025
1029
1016
1026
1030
1029
1028
1027
1031
1015
1025
1027
1032
1022
1020
1017
1015
1025
1019
1025
1023
1026
1017
1018
1013
1021
1019
1016
1017
1012
1014
1020
1017
1032
1039
1028
1018
1032
1032
1026
1015
1029
1022
1022
1019
1028
1024
1017
1028
1018
1019
1015
1015
1024
1024
1016
1023
1010
1020
1023
1016
1016
1006
1009
1009
1015
1010
1014
1010
1016
1018
1019
1006
1008
1016
1014
1012
1014
1007
1016
1009
1022
1013
1009
1013
1009
1004
1017
1011
1011
1009
1016
1014
1013
1016
1017
1020
1020
1014
1022
1014
1015
1022
1023
1010
1023
1017
1025
1019
1025
1022
1011
1015
1018
1020
1017
1025
1024
1035
1021
1033
1024
1016
1028
1015
1023
1018
1020
1018
1014
1012
1008
1010
1004
1018
1009
1013
1013
1023
1014
1027
1024
1023
1020
1023
1030
1029
1025
1035
1025
1027
1027
1023
1016
1020
1019
1027
1023
1019
1018
1022
1031
1018
1026
1024
1017
1030
1030
1031
1025
1032
1028
1032
1026
1030
1017
1015
1014
1024
1018
1023
1020
1016
1017
1018
1008
1017
1012
1021
1019
1014
1017
1009
1019
1000
1010
1006
1012
1011
1016
1016
1018
1013
1010
1008
1018
1009
1017
1021
1024
1029
1019
1015
1017
1022
1020
1012
1013
1016
1021
1017
1028
1036
1024
1027
1026
1018
1015
1021
1028
1026
1020
1029
1022
1021
1017
1014
1019
1019
1024
1007
1004
1015
1028
1022
1018
1019
1029
1026
1024
1014
1021
1020
1020
1018
1021
1017
1023
1006
1017
1004
1014
1028
1021
1027
1018
1021
1026
1018
1022
1023
1018
1015
1013
1014
1024
1023
1018
1017
1020
1022
1017
1022
1022
1026
1028
1028
1030
1021
1020
1012
1024
1023
1016
1021
1025
1024
1027
1030
1027
1024
1023
1026
1028
1035
1029
1027
1030
1026
1018
1023
1024
1029
1030
1035
1035
1031
1025
1022
1018
1017
1025
1027
1026
1027
1036
1027
1032
1024
1026
1024
1031
1029
1027
1022
1026
1032
1021
1029
1030
1031
1022
1018
1029
1029
1026
1028
1029
1030
1026
1018
1016
1026
1020
1020
1019
1016
1026
1019
1026
1020
1027
1022
1030
1028
1012
1020
1026
1026
1018
1023
1023
1017
1013
1028
1031
1021
1028
1026
1021
1018
1026
1025
1022
1021
1019
1026
1025
1016
1023
1028
1018
1016
1020
1017
1004
1023
1018
1012
1018
1012
1004
1016
1006
1002
1012
1018
1016
1017
1016
1020
1014
1018
1021
1019
1022
1027
1016
1023
1013
1032
1024
1025
1029
1026
1021
1014
1018
1009
1014
1020
1017
1027
1018
1024
1018
1021
1023
1018
1017
1018
1023
1014
1029
1024
1027
1027
1019
1017
1018
1017
1021
1007
1011
1021
1008
1008
1012
1017
1014
1012
1018
1015
1016
1011
1016
1013
1015
1012
1023
1027
1019
1019
1022
1025
1023
1025
1022
1018
1013
1022
1023
1019
1017
1022
1032
1030
1020
1017
1015
1024
1015
1017
1026
1014
1019
1022
1020
1015
1017
1018
1032
1025
1015
1021
1010
1024
1023
1011
1019
1017
1015
1014
1022
1014
1015
1015
1017
1013
1021
1015
1008
1012
1012
1015
1000
1006
1012
1005
1019
1003
1013
1010
1014
1014
1014
1015
1019
1015
1020
1013
1017
1021
1020
1022
1022
1023
1026
1016
1019
1024
1024
1015
1017
1014
1019
1020
1007
1021
1021
1012
1021
1012
1021
1015
1013
1015
1018
1024
1025
1024
1014
1020
1010
1013
1021
1018
1012
1011
1003
1011
1010
1015
1012
1010
1015
1017
1018
1019
1019
1017
1023
1012
1006
1021
1015
1009
1019
1011
1016
1017
1010
1007
1021
1016
1024
1025
1007
1013
1021
1025
1023
1022
1015
1020
1013
1014
1007
1026
1023
1031
1019
1023
1019
1014
1011
1009
1016
1018
1012
1016
1011
1016
1016
1015
1012
1014
1009
1013
1017
1020
1019
1016
1015
1012
1017
1015
1023
1016
1013
1016
1013
1017
1023
1017
1012
1009
1008
1010
1006
1012
1007
1007
1002
1011
1007
1003
1014
1007
1006
1002
1011
1007
1001
1012
1016
1006
1007
1004
1008
1009
1000
1006
1010
1004
1006
1010
1002
1007
1012
1011
1007
1002
1003
1011
1011
1005
1007
1009
1009
999
995
1004
1003
1004
997
993
1008
1004
1001
1010
1000
1005
1011
1010
999
1003
1003
997
999
998
1003
1004
1001
1001
1001
999
1006
1004
1006
1016
1012
1013
1013
1017
1017
1010
1013
1012
1006
1009
1006
1007
1008
998
1011
1008
1003
1007
1000
1006
1013
1019
1004
1017
1015
1006
1008
1019
1011
1010
1014
999
1014
1009
1014
1010
1018
1011
1015
1016
1003
1007
1007
1013
1011
1013
1019
1017
1011
1008
1018
1012
1011
1013
1017
1013
1017
1007
1003
1012
1004
1014
1013
1021
1013
1013
1017
1019
1020
1022
1022
1021
1014
1018
1020
1011
1007
1016
1011
1012
1018
1020
1015
1012
1017
1012
1010
1011
1000
1000
1014
1015
1003
1001
1002
997
1003
1001
1011
1010
1010
1009
1010
1012
1007
1006
1013
1010
1012
1009
1005
1013
1010
1009
1004
1011
999
1009
1015
1020
1014
1011
1021
1014
1014
1026
1026
1024
1013
1020
1025
1017
1011
1019
1024
1022
1025
1027
1026
1024
1021
1025
1015
1011
1020
1017
1016
1020
1015
1015
1024
1009
1014
1014
1022
1015
1024
1015
1011
1012
1012
1015
1019
1016
1014
1020
1020
1020
1019
1018
1018
1022
1019
1020
1014
1017
1018
1021
1017
1016
1013
1012
1019
1025
1024
1019
1021
1024
1021
1023
1015
1015
1017
1033
1028
1025
1019
1030
1020
1023
1021
1024
1032
1026
1027
1027
1025
1031
1028
1031
1030
1029
1027
1029
1024
1022
1026
1022
1017
1020
1026
1025
1011
1023
1020
1016
1017
1011
1023
1020
1013
1017
1007
1015
1013
1013
1021
1015
1018
1016
1024
1015
1020
1017
1015
1021
1016
1017
1018
1015
1020
1018
1014
1011
1015
1020
1018
1018
1016
1016
1020
1015
1027
1035
1023
1019
1019
1018
1017
1018
1015
1013
1015
1011
1007
1008
1016
1019
1019
1016
1020
1031
1021
1022
1014
1022
1017
1016
1018
1019
1031
1028
1025
1028
1028
1022
1018
1027
1028
1024
1027
1018
1018
1015
1009
1016
1027
1023
1018
1015
1013
1017
1009
1009
1016
1018
1015
1006
1011
1014
1009
1018
1014
1000
1011
1016
1017
1020
1014
1012
1021
1008
1003
1015
1012
1014
1004
1018
1013
1012
1016
1016
1017
1010
1013
1010
1011
1008
1004
1007
1008
1008
1009
1012
1013
1008
1016
1005
1011
1012
1014
1017
1019
1021
1016
1021
1008
1018
1017
1015
1022
1006
1010
1008
1009
1011
1018
1012
1004
1013
1014
1016
1014
1019
1017
1004
1014
1017
1015
1013
1019
1013
1018
1020
1018
1014
1010
1010
1010
998
999
1017
999
1010
1017
1015
1019
1009
1012
1003
1007
1007
1005
1011
1011
1015
1013
1014
1017
994
1008
1012
1011
1008
1013
1010
1017
1015
1010
1013
1015
1007
1010
1018
1015
1010
1011
1012
1009
1015
1010
1015
1007
1007
1008
1011
1013
1012
1010
1010
1016
1011
1019
1015
1014
1017
1004
1021
1021
1018
1015
1015
1018
1012
1009
1015
1012
1004
1010
1011
1006
1010
1008
1016
1019
1020
1016
1016
1017
1008
1010
1013
1014
1014
1008
1005
1005
1002
1016
1012
1016
1019
1016
1021
1016
1021
1019
1017
1019
1019
1018
1018
1019
1021
1023
1021
1019
1018
1010
1022
1011
1019
1021
1004
1014
1017
1016
1021
1018
1022
1017
1017
1022
1017
1017
1018
1017
1020
1023
1016
1021
1018
1020
1026
1024
1024
1014
1017
1015
1017
1017
1020
1018
1017
1010
1008
1017
1012
1012
1022
1012
1016
1023
1018
1021
1022
1027
1024
1018
1026
1016
1019
1024
1022
1022
1020
1024
1027
1017
1022
1018
1024
1016
1014
1016
1025
1020
1021
1014
1021
1020
1015
1021
1024
1019
1018
1013
1020
1020
1017
1025
1020
1022
1031
1019
1018
1017
1018
1020
1025
1019
1013
1015
1014
1012
1014
1009
1012
1015
1018
1015
1026
1010
1010
1008
1010
1008
1015
1011
1010
1009
1009
1011
1004
1020
1009
1012
1018
1014
1017
1015
1016
1014
1005
1009
1019
1018
1010
1013
1011
1014
1011
1012
1015
1014
1021
1023
1015
1015
999
1010
1017
1016
1021
1026
1018
1015
1014
1013
1002
1011
1005
1009
1000
1005
1003
1012
1020
1009
1017
1025
1017
1023
1028
1019
1026
1021
1019
1024
1024
1022
1010
1013
1021
1013
1019
1023
1022
1013
1025
1021
1016
1013
1021
1009
1011
1015
1018
1017
1010
1009
1018
1009
1015
1015
1006
1009
1014
1016
1020
1014
1013
1011
1013
1017
1021
1010
1017
1007
1013
1013
1011
1010
1016
1012
1018
1015
1017
1019
1012
1013
1020
1023
1015
1013
1015
1019
1018
1025
1024
1026
1025
1026
1024
1020
1025
1022
1020
1025
1012
1020
1012
1020
1022
1014
1019
1021
1020
1024
1018
1017
1013
1019
1019
1018
1012
1016
1011
1014
1013
1011
1008
1016
1009
1022
1009
1020
1021
1019
1016
1016
1023
1021
1024
1020
1021
1012
1032
1018
1013
1014
1024
1029
1021
1024
1016
1020
1015
1016
1019
1016
1018
1022
1017
1014
1011
1018
1017
1011
1012
1019
1022
1016
1019
1012
1016
1015
1020
1021
1022
1016
1017
1017
1009
1021
1023
1024
1021
1020
1025
1024
1024
1023
1021
1022
1024
1024
1024
1010
1020
1018
1021
1003
1019
1020
1024
1020
1017
1014
1014
1015
1019
1021
1017
1010
1013
1012
1006
1016
1013
1008
1012
1014
1003
1005
1001
1014
1008
1025
1017
1013
1005
1013
1017
1025
1017
1024
1019
1011
1014
1020
1027
1033
1019
1019
1017
1012
1026
1016
1011
1014
1027
1014
1032
1023
1025
1022
1031
1030
1032
1028
1029
1033
1027
1029
1031
1026
1023
1028
1025
1029
1031
1023
1034
1027
1031
1030
1027
1031
1025
1015
1024
1025
1024
1022
1025
1019
1017
1008
1022
1006
1028
1022
1017
1020
1014
1016
1021
1020
1017
1015
1020
1017
1022
1023
1015
1019
1014
1018
1018
1006
1019
1011
1019
1021
1022
1021
1023
1021
1028
1028
1024
1016
1023
1019
1026
1020
1030
1026
1024
1023
1029
1031
1036
1038
1037
1028
1026
1018
1024
1019
1025
1029
1023
1027
1030
1019
1019
1009
1017
1018
1020
1026
1015
1016
1014
1019
1019
1019
1021
1019
1025
1024
1031
1035
1032
1019
1031
1029
1029
1027
1027
1025
1027
1024
1028
1031
1024
1030
1020
1026
1022
1016
1022
1023
1014
1022
1019
1021
1026
1027
1025
1025
1019
1024
1022
1017
1013
1024
1014
1025
1018
1011
1015
1021
1022
1025
1027
1032
1021
1025
1019
1024
1022
1025
1022
1019
1013
1023
1034
1024
1013
1022
1018
1014
1015
1029
1026
1024
1036
1023
1028
1023
1029
1033
1036
1036
1034
1042
1035
1031
1032
1042
1035
1037
1027
1042
1023
1039
1029
1033
1034
1028
1026
1031
1026
1029
1038
1036
1031
1035
1031
1038
1025
1032
1033
1042
1033
1037
1038
1030
1024
1026
1031
1035
1031
1026
1028
1032
1035
1038
1027
1031
1037
1037
1029
1026
1038
1031
1030
1028
1032
1025
1029
1026
1020
1035
1030
1036
1037
1036
1037
1028
1039
1042
1040
1036
1026
1028
1028
1034
1038
1034
1029
1040
1036
1037
1027
1029
1028
1037
1041
1032
1040
1049
1043
1042
1036
1027
1025
1030
1025
1037
1032
1027
1020
1021
1023
1023
1023
1030
1034
1029
1034
1034
1030
1038
1040
1031
1036
1034
1035
1047
1038
1031
1029
1028
1042
1029
1038
1026
1029
1025
1028
1038
1025
1032
1036
1031
1036
1041
1030
1031
1030
1029
1025
1032
1030
1039
1037
1035
1032
1032
1034
1032
1027
1033
1025
1028
1020
1022
1035
1036
1033
1031
1032
1031
1025
1035
1028
1030
1030
1032
1036
1038
1037
1042
1043
1040
1041
1036
1049
1043
1045
1038
1042
1036
1038
1037
1035
1033
1035
1026
1025
1033
1025
1025
1028
1032
1036
1027
1034
1025
1033
1045
1032
1043
1040
1035
1035
1041
1031
1033
1040
1035
1037
1035
1035
1038
1035
1030
1038
1040
1037
1039
1041
1040
1039
1038
1037
1037
1049
1040
1041
1040
1032
1036
1037
1032
1036
1036
1037
1039
1034
1030
1031
1030
1026
1030
1028
1036
1026
1032
1034
1021
1018
1032
1027
1035
1040
1040
1041
1039
1033
1033
1043
1035
1034
1027
1033
1035
1035
1039
1034
1038
1025
1028
1029
1030
1043
1033
1039
1035
1029
1037
1035
1028
1034
1028
1034
1028
1025
1036
1027
1026
1020
1033
1028
1028
1036
1034
1039
1040
1039
1037
1041
1029
1034
1038
1032
1035
1027
1038
1036
1039
1038
1036
1031
1039
1039
1038
1032
1045
1039
1024
1021
1032
1032
1031
1028
1027
1027
1030
1031
1026
1021
1026
1023
1017
1021
1015
1022
1013
1026
1019
1014
1012
1007
1006
1005
1014
1006
1014
1010
1010
1021
1017
1013
1018
1024
1018
1014
1017
1013
1007
1014
1014
1017
1024
1018
1017
1004
991
1001
997
1002
1005
1008
1003
1007
1008
1013
999
1007
1003
1006
1009
1013
997
1009
1014
1007
1015
1006
1012
1004
1010
1003
1007
1015
1007
1005
1011
1014
1001
1011
1014
1006
998
1011
1012
1012
1011
1009
1010
1008
1013
1018
1024
1020
1013
1005
1012
1003
996
1003
1007
1006
1015
1012
1006
1010
1013
1008
1002
1008
1011
1008
1017
1016
1012
1004
1006
1009
998
1009
1006
1000
992
1003
1001
1008
1005
1007
1005
1003
1012
1016
1021
1010
1007
1007
1008
1005
1000
1012
1011
1009
1012
1008
1010
1011
1013
1014
1010
1006
1018
1010
1020
1017
1021
1019
1018
1016
1011
1012
1007
1010
1019
1013
1020
1013
1011
1014
1012
1020
1013
1008
1004
1009
1012
1018
1021
1020
1021
1018
1014
1014
1012
1022
1020
1021
1012
1014
1018
1012
1012
1012
1018
1013
1012
1020
1018
1025
1020
1014
1015
1015
1012
1014
1013
1017
1016
1012
1018
1023
1016
1018
1010
1008
1012
1006
1009
1012
1001
1005
1011
1012
1015
1012
1013
1012
1014
1012
1022
1015
1011
1014
1015
1013
1015
1012
1011
1009
1016
1013
1014
1010
1005
1023
1012
1016
1012
1011
1013
1025
1025
1019
1011
1017
1021
1012
1024
1023
1022
1009
1023
1022
1030
1026
1028
1022
1025
1026
1018
1020
1022
1016
1013
1009
1021
1023
1011
1010
1006
1013
1013
1011
1012
1008
1008
1009
1011
1009
1009
1005
1008
1011
1004
1007
1011
1014
1020
1011
1014
1005
1014
1009
1008
1011
1012
1011
1010
1018
1022
1016
1012
1016
1020
1013
1006
1016
1009
1007
1017
998
1013
1030
1023
1019
1008
1019
1009
1017
1010
1011
1016
1014
1016
1010
1017
1011
1007
1011
1004
1003
1010
1018
1017
1012
1007
1014
1011
1013
1012
1013
1026
1020
1017
1027
1020
1021
1013
1014
1008
1011
1015
1018
1009
1015
1015
1018
1016
1017
1013
1017
1016
1017
1012
1015
1009
1011
1012
1016
1007
1004
1010
1013
1010
1007
1018
1017
1023
1019
1016
1011
1013
1026
1012
1016
1010
1016
1019
1025
1009
1009
1022
1021
1016
1018
1026
1025
1023
1015
1021
1013
1016
1006
1016
1014
1013
1017
1013
1025
1017
1011
1015
1016
1020
1019
1016
1022
1022
1017
1012
1015
1016
1016
1015
1005
1021
1019
1017
1021
1029
1016
1020
1017
1023
1021
1012
1022
1017
1013
1024
1014
1019
1024
1008
1018
1018
1013
1018
1018
1015
1013
1018
1018
1017
1018
1024
1019
1023
1021
1020
1015
1021
1024
1014
1013
1016
1018
1011
1014
1017
1014
1013
1007
1011
1013
1019
1021
1010
1006
1008
1014
1008
1013
1016
1014
1016
1004
1014
1013
1004
1004
1011
1017
1013
1020
1021
1024
1021
1021
1016
1012
1007
1022
1014
1007
1014
1014
1017
1015
1024
1018
1014
1019
1011
1021
1021
1008
1017
1022
1026
1022
1025
1020
1024
1014
1017
1017
1019
1025
1021
1021
1022
1016
1012
1013
1014
1019
1019
1011
1015
1007
1016
1009
1014
1005
1012
1015
1009
1022
1016
1007
1014
1020
1015
1015
1014
1015
1029
1017
1020
1023
1019
1014
1013
1016
1012
1015
1013
1014
1018
1007
1006
1008
1013
1013
1012
1021
1012
1019
1022
1012
1014
1019
1015
1013
1028
1020
1020
1007
1021
1018
1012
1020
1014
1030
1012
1020
1023
1021
1025
1025
1021
1021
1027
1029
1019
1022
1017
1021
1023
1033
1013
1020
1017
1018
1022
1034
1035
1025
1025
1023
1028
1033
1036
1022
1028
1026
1022
1018
1021
1018
1023
1018
1026
1023
1019
1027
1021
1014
1018
1018
1015
1017
1017
1015
1032
1011
1028
1021
1026
1022
1017
1022
1021
1021
1017
1013
1010
1011
1013
1006
1006
1007
1011
1015
1016
1014
1020
1017
1022
1013
1016
1013
1017
1013
1014
1014
1020
1019
1017
1023
1021
1022
1022
1012
1017
1022
1014
1014
1011
1011
1001
1005
1012
1010
1013
1016
1016
1009
1014
1023
1016
1016
1022
1010
1021
1018
1017
1015
1026
1023
1017
1021
1020
1009
1011
1011
1021
1016
1014
1012
1021
1010
1001
1012
1011
1006
1020
1015
1013
1015
1010
1013
1018
1019
1015
1016
1016
1019
1020
1009
1006
1011
1021
1008
1014
1029
1021
1009
1008
1019
1011
1013
1014
1010
1023
1029
1024
1019
1018
1019
1013
1016
1018
1016
1013
1014
1018
1015
1015
1012
1008
1012
1012
1016
1012
1011
1021
1011
1020
999
1008
1002
1014
1015
1012
1009
1014
1016
1020
1026
1020
1020
1022
1023
1025
1016
1019
1024
1025
1011
1023
1018
1022
1020
1017
1020
1025
1020
1021
1023
1020
1019
1017
1014
1016
1027
1014
1023
1020
1022
1021
1020
1024
1015
1024
1017
1017
1029
1019
1022
1021
1017
1018
1015
1019
1024
1020
1017
1017
1007
1013
1023
1024
1015
1025
1011
1019
1023
1027
1024
1025
1018
1028
1021
1018
1028
1037
1035
1026
1033
1028
1026
1019
1023
1027
1017
1025
1031
1032
1032
1035
1032
1036
1035
1030
1018
1027
1032
1032
1027
1025
1025
1039
1036
1035
1030
1026
1030
1035
1035
1029
1034
1025
1029
1026
1023
1028
1023
1030
1024
1026
1015
1029
1025
1028
1028
1032
1026
1031
1029
1028
1033
1033
1030
1030
1026
1025
1025
1027
1032
1015
1011
1029
1025
1024
1027
1027
1027
1026
1033
1029
1029
1030
1028
1031
1032
1030
1024
1035
1032
1034
1026
1027
1022
1031
1044
1035
1037
1033
1034
1034
1027
1030
1022
1033
1032
1043
1037
1040
1034
1036
1038
1034
1019
1036
1029
1026
1023
1037
1027
1036
1027
1037
1027
1028
1029
1025
1022
1021
1018
1015
1025
1020
1008
1022
1018
1013
1014
1022
1014
1026
1025
1024
1024
1026
1027
1034
1028
1024
1022
1023
1015
1019
1018
1024
1022
1014
1023
1023
1030
1020
1019
1019
1018
1024
1022
1023
1032
1020
1020
1024
1020
1027
1026
1019
1030
1017
1021
1033
1024
1020
1018
1021
1025
1022
1035
1031
1037
1041
1035
1031
1027
1045
1037
1034
1020
1031
1031
1034
1031
1035
1036
1030
1033
1035
1028
1031
1028
1031
1035
1022
1022
1021
1019
1031
1019
1022
