936
940
944
946
952
954
951
946
953
948
938
953
957
964
961
972
960
962
959
948
956
955
960
954
957
955
959
955
950
958
962
958
961
956
958
949
957
962
967
955
963
958
963
955
958
951
957
953
961
953
953
948
941
945
954
944
951
948
942
948
950
958
951
964
962
946
957
951
947
948
951
953
955
950
952
947
956
954
958
953
962
953
947
968
961
959
972
960
966
957
961
969
968
957
967
970
960
962
963
959
958
961
963
966
957
965
967
962
963
965
958
963
965
971
963
962
960
955
959
956
958
958
966
960
965
968
960
979
967
970
966
975
962
965
970
974
965
964
969
961
961
960
962
960
965
953
967
965
964
955
961
963
963
964
959
959
959
964
964
960
965
959
959
959
957
970
961
959
965
964
965
969
970
959
967
965
963
958
965
962
967
959
966
970
962
972
966
972
954
958
962
964
969
968
959
958
971
968
959
964
969
972
965
968
969
962
968
970
959
968
967
964
964
970
963
963
963
969
974
969
970
975
964
971
970
986
981
972
973
954
970
967
962
969
971
969
973
967
969
965
971
973
962
977
976
975
978
967
974
968
969
963
966
974
968
966
968
968
968
966
962
968
976
977
978
979
972
975
973
982
975
979
979
978
980
973
966
974
981
979
970
980
971
973
970
986
984
985
986
977
969
976
974
975
972
969
972
973
971
971
983
985
977
981
974
971
978
975
978
978
971
968
969
977
981
980
981
983
986
983
976
979
986
988
982
987
982
986
981
981
986
981
986
987
986
986
986
986
986
988
982
979
982
975
988
987
977
987
976
977
984
982
988
987
978
984
981
977
978
972
978
969
983
986
975
974
970
973
980
980
981
985
987
984
977
983
986
988
992
985
987
984
977
985
984
980
984
997
984
982
983
990
974
976
980
971
971
971
976
983
979
975
979
978
982
981
987
982
990
985
979
984
985
978
979
966
974
983
978
980
976
982
985
984
976
983
981
978
971
968
981
971
963
976
979
978
978
983
981
978
988
987
982
981
983
984
989
987
983
980
973
991
982
995
985
988
987
991
985
987
982
987
991
991
985
977
984
991
989
988
985
979
983
975
985
980
988
978
985
995
984
988
985
992
985
984
983
986
987
996
991
975
988
986
990
980
983
984
980
984
976
982
991
993
984
979
985
989
986
984
983
988
982
982
972
986
983
990
974
975
976
977
985
988
985
985
988
995
988
983
990
985
986
988
984
988
985
975
980
982
991
977
976
979
979
984
982
979
979
980
981
976
987
989
985
974
984
974
976
980
978
980
978
985
974
989
976
986
987
985
981
988
993
984
988
988
981
992
988
988
994
989
992
984
991
981
986
988
984
977
972
967
972
977
980
984
982
970
984
984
986
984
984
980
982
988
984
972
990
975
978
989
984
986
985
986
987
981
981
988
982
983
981
990
988
991
990
987
990
991
990
995
989
980
995
987
983
994
990
984
986
991
980
985
984
983
977
983
983
989
984
987
988
979
987
987
992
990
993
983
983
995
986
990
984
997
986
989
983
978
988
990
990
983
992
992
990
984
987
992
984
986
990
984
988
988
987
984
993
983
974
982
985
984
981
981
979
984
993
983
983
984
988
986
985
979
982
976
984
986
986
982
983
983
988
970
985
984
982
975
980
982
979
974
975
980
981
982
979
986
982
980
977
982
981
989
979
978
980
980
979
988
980
986
985
992
983
995
996
987
994
990
990
995
991
985
991
986
988
996
994
996
995
988
989
991
993
999
994
992
1008
999
998
993
992
999
988
993
994
997
1001
998
991
992
983
986
993
988
990
988
984
980
978
989
987
987
999
990
988
984
994
993
993
988
998
990
992
996
1005
998
996
987
996
994
996
995
991
999
994
997
1007
999
992
992
995
998
995
994
985
996
994
991
995
992
991
1001
990
985
991
990
987
989
986
989
997
984
994
991
987
996
997
984
987
993
988
988
994
988
985
982
989
988
985
979
989
988
987
990
985
986
983
993
995
985
985
981
992
992
986
992
991
997
995
989
989
990
993
993
990
989
995
999
995
1000
995
998
998
990
997
992
988
991
998
997
995
991
986
997
991
989
996
992
987
985
991
987
990
993
991
991
993
988
996
999
998
995
1001
995
990
996
1000
991
995
989
997
997
1002
996
996
1000
989
997
1005
995
996
1001
992
992
997
981
994
1001
997
1003
995
993
991
992
985
987
995
990
999
996
989
999
1002
998
997
998
996
978
996
1006
991
996
993
1004
1010
996
1008
999
1004
988
997
992
996
991
994
986
986
992
991
998
995
994
995
1006
1003
990
992
991
1002
991
997
994
990
1001
1003
1003
1007
1007
1012
1008
998
1006
1003
1002
1002
1001
998
1003
1001
997
1002
1002
996
993
995
994
1006
999
998
997
994
999
995
1005
1011
997
996
1008
1001
996
999
998
1007
999
1005
1003
1002
1003
1007
1012
1009
1012
1010
1010
1004
1018
1021
1024
1017
1018
1022
1026
1024
1016
1033
1022
1029
1033
1026
1031
1034
1033
1035
1036
1018
1034
1024
1030
1043
1042
1028
1039
1031
1030
1030
1032
1023
1019
1025
1029
1033
1037
1026
1025
1031
1017
1022
1033
1040
1022
1022
1014
1020
1016
1026
1023
1027
1033
1032
1022
1035
1024
1042
1039
1034
1038
1038
1033
1036
1030
1031
1037
1037
1038
1027
1034
1032
1024
1035
1027
1023
1023
1022
1040
1030
1036
1028
1022
1026
1029
1018
1015
1025
1030
1037
1022
1020
1024
1036
1021
1026
1025
1027
1023
1024
1034
1028
1015
1024
1025
1020
1021
1019
1011
1027
1029
1019
1020
1019
1017
1015
1012
1017
1020
1001
1024
1012
1019
1009
1016
1009
1016
1018
1016
1016
1017
1021
1013
1007
1026
1023
1010
1018
1015
1012
1021
1014
1017
1022
1028
1016
1028
1017
1016
1019
1019
1016
1017
1012
1013
1019
1020
1012
1016
1018
1018
1012
1024
1022
1018
1006
1021
1021
1019
1014
1018
1020
1013
1016
1014
1011
1013
1031
1029
1023
1017
1020
1019
1016
1016
1017
1023
1020
1020
1021
1007
1030
1022
1026
1026
1026
1022
1024
1011
1029
1029
1029
1024
1021
1028
1040
1021
1023
1018
1023
1017
1021
1030
1020
1034
1023
1022
1025
1024
1037
1027
1023
1026
1034
1023
1025
1012
1028
1029
1025
1036
1027
1032
1035
1017
1020
1023
1019
1022
1025
1020
1022
1015
1017
1012
1013
1024
1026
1018
1021
1015
1020
1016
1020
1023
1024
1022
1018
1015
1013
1013
1018
1010
1002
1013
1010
1013
1016
1016
1007
1015
1013
1006
1007
1013
1019
1016
1015
1016
1006
1011
1012
1014
1003
1014
1020
1025
1011
1015
1022
1010
1024
1023
1015
1027
1022
1023
1023
1013
1025
1021
1025
1019
1013
1017
1011
1016
1012
1010
1009
1007
1010
1021
1015
1011
1003
1006
1015
1017
1009
999
1014
1001
1008
1007
1016
1004
1009
1009
1009
1013
1015
1010
1015
998
1016
1004
1010
1017
1016
1015
1007
1008
1013
1001
1012
1007
1009
1015
1006
1005
1007
1002
1003
1002
995
1005
1000
1004
999
1000
999
1005
1007
1006
1004
1002
1007
1008
999
1011
1011
1013
1012
1017
1015
1012
1012
1014
1024
1015
1006
1010
1006
1006
1015
1016
1009
1024
1010
1011
999
1008
1001
1002
1010
996
1007
996
1008
1005
1006
1002
1006
1005
1001
1004
1005
997
998
997
997
1011
1016
1006
1011
1021
1013
1012
1022
1021
1012
1010
1019
1016
1012
1003
1005
1011
1018
1002
1010
1008
1010
1021
994
1012
997
1006
1003
1010
1010
1003
1007
1010
1011
1012
1010
1018
1022
1020
1017
1022
1013
1015
1026
1016
1022
1020
1015
1018
1014
1018
1018
1014
1012
1013
1018
1020
1011
1008
1019
1018
1017
1020
1013
1016
1012
1024
1021
1024
1016
1019
1011
1010
1019
1013
1020
1013
1017
1013
1019
1009
1007
1007
1018
1024
1014
1014
1013
1011
1006
1010
1013
1019
1026
1018
1015
1009
1008
1013
1012
1020
1021
1018
1021
1023
1016
1014
1019
1015
1018
1013
1016
1019
1009
1016
1021
1018
1021
1015
1015
1015
1019
1014
1013
1020
1009
1016
999
1002
1007
1006
1004
998
1003
996
997
996
1005
1004
1008
1018
1007
1007
1006
1019
1022
1018
1008
1013
1012
1015
1016
1021
1013
1015
1013
1006
1009
1011
1009
1014
1005
1016
1017
1013
1007
1008
1011
1011
1011
1003
1013
1016
1013
1009
1007
1010
1013
1019
1016
1011
1008
999
1011
1004
1003
1009
997
1000
1005
1007
1004
1005
1005
1010
998
999
1012
1013
1013
1009
1012
1019
1009
1012
1013
1013
1008
1015
1012
1003
1008
1010
1006
1009
1012
1014
1010
1006
994
1005
1005
1010
1005
1011
1007
1003
1001
1003
1012
1012
1003
1002
1008
992
1004
999
1002
991
997
1001
997
999
1008
1003
1017
1006
1007
1014
1016
1010
1009
1011
1020
1013
1012
1017
1014
1016
1020
1012
1012
1019
1013
1018
1014
1004
1009
1006
1013
1004
1006
1013
1005
1014
1006
1012
1007
1008
1010
1008
1009
1008
1019
1014
998
1005
1003
1009
1014
1009
1012
1008
1023
1016
1013
1004
1016
1010
1014
1007
1004
1007
1010
1010
1000
999
1012
1014
1019
1013
1016
1007
1013
1015
1011
1018
1009
1009
1009
1012
1012
1014
1010
1013
1019
1010
1007
1019
1006
1024
1015
1012
1006
1009
992
1003
1016
1014
1008
1005
1009
1008
1009
1017
999
999
1004
1000
995
1009
1000
1011
1001
1000
1006
1013
1011
1010
1017
1013
1013
1019
1015
1003
1014
1015
1005
1012
1014
1010
1010
1016
1005
1015
1010
1010
1030
1026
1024
1019
1024
1022
1018
1012
1018
1015
1011
1013
1013
1018
1013
1013
1005
1007
1007
1010
1009
1009
1013
1011
1010
1018
1020
1010
1008
1009
1012
1000
994
1009
1008
1012
1011
1003
1014
1011
1015
1012
1010
1006
1009
1009
1013
996
991
997
1003
1003
1004
1001
999
1002
1007
1004
1000
1002
995
1008
989
996
994
1001
1005
1003
1006
1006
1010
1008
1009
1003
1012
1017
1014
1011
1027
1026
1018
1018
1019
1016
1008
1002
1007
1006
1007
1010
1014
1005
1016
1009
1012
999
1012
1019
1008
1013
1003
1010
1018
1013
1005
1008
1002
1010
1011
1007
1006
1003
991
998
1009
1009
1001
1002
1004
1003
1002
1005
1005
1008
998
1013
1014
1014
1016
1015
1018
1015
1015
1009
1007
1008
1010
1010
1019
998
1007
1014
1002
1013
1001
1000
999
996
1000
996
1000
1010
1005
1010
1013
1009
1010
1003
995
1007
1010
1004
1001
1002
1008
1007
991
1000
1007
1002
1008
1010
1005
999
1004
1003
1010
1009
1003
1007
1007
1007
1012
1021
1010
1018
1011
1009
1007
1011
1016
1009
1008
1005
1010
1012
1006
1010
1009
1006
1009
999
995
990
995
997
988
996
994
1001
1004
1006
1011
1006
1002
1011
1005
1007
1003
999
1003
996
1000
1008
1003
998
996
1004
1005
1001
993
1003
993
1008
1008
1002
1008
1005
994
1011
1005
1003
1007
1010
1009
1010
1006
1007
1007
1008
1006
1010
1004
1007
1007
1006
1011
1006
1007
1007
1012
1007
1013
1016
1010
1002
1012
1013
1011
1013
1006
1025
1007
1012
1019
1015
1016
1018
1006
1007
1007
1003
1009
1009
1003
1011
1004
1003
1007
1002
1009
1003
999
1004
1001
992
999
1003
998
992
1007
1000
1000
1010
1009
1004
1013
1000
1002
1007
1002
993
998
1002
1003
1002
1000
1001
1007
1000
1003
997
1007
1005
1007
1005
1007
1002
1003
1003
1002
993
1007
1003
1003
999
1010
1004
996
1002
995
1002
993
1000
1005
1000
992
997
1001
996
1000
1006
997
1004
1001
1005
1002
1007
1008
1002
991
990
997
1010
1010
1015
1014
1002
1007
999
999
995
989
993
998
999
1006
994
993
987
987
979
983
986
981
988
990
989
994
992
985
985
989
988
988
989
994
981
984
986
986
985
992
995
996
999
995
1000
992
989
990
995
1006
1000
1006
1005
997
997
995
992
993
997
998
996
992
996
997
1007
1000
993
997
1003
998
1000
997
999
997
991
1002
1003
998
1001
994
995
1005
996
1001
1000
998
997
1001
1005
1005
1004
1004
1004
1004
1000
1000
999
983
999
1003
999
999
1001
989
997
1002
995
995
1000
998
994
992
1002
994
992
994
984
995
1000
985
999
990
988
987
986
990
986
988
995
1000
993
1000
990
1001
1007
1000
990
1002
1007
996
998
1001
996
999
999
999
1002
997
997
1000
993
991
996
1008
999
1001
996
998
997
1000
1000
998
999
997
993
1003
985
1000
996
997
986
989
997
998
990
987
986
993
1001
992
990
989
995
1000
997
993
990
1002
992
999
1002
999
991
993
1001
1000
1000
1009
992
1009
995
998
994
995
1002
999
1000
997
996
1008
1008
1011
1016
1009
1005
1006
1007
1007
1013
1007
1013
1009
1008
1006
1001
993
1008
1006
1008
1008
1015
1009
1002
1004
1008
1003
1002
1009
1010
1007
1016
997
1011
1002
1004
1011
1016
1006
1011
997
1002
1001
1001
1013
1007
999
998
999
999
1005
990
997
1005
1003
1001
1010
1005
1000
1007
1002
997
1000
1005
1001
1002
1006
1004
999
989
999
997
1003
999
1000
1003
1002
1005
1005
1002
1001
990
1001
998
998
994
998
993
995
996
1000
1003
999
1000
1006
1000
1004
1009
1004
1011
1005
1004
1011
1007
1012
1005
1009
1001
1005
999
1009
1009
1008
1007
1007
1014
1012
1011
1010
1016
1011
1006
1009
1002
1005
1003
999
996
1007
1000
1001
1009
1011
1004
999
1005
1004
1001
1002
1003
1005
1008
1009
1006
1004
1015
1008
1003
1011
1014
1003
1006
1008
1003
999
1010
1008
1004
1005
1006
1003
1003
1002
1007
996
996
1004
1010
1005
1005
1000
1006
1007
1004
1005
1012
1006
1003
1000
1007
1005
1001
1001
1000
1005
999
1002
1008
1002
992
991
996
1000
989
1000
993
990
995
998
1005
1003
1008
1012
1010
1009
1006
1015
1010
1001
1002
993
996
1004
1006
1002
1001
1011
1009
1011
1003
1011
1016
1006
1001
1006
1003
1012
1010
1012
1000
1012
999
1008
1003
1005
1003
1004
1001
1007
995
996
998
995
1004
1005
1005
1014
1011
1012
1000
1010
1002
1006
1018
1012
1007
1002
1008
1006
989
1006
1013
1009
1001
992
998
999
1009
996
1006
1001
999
1001
1003
1001
992
1004
1004
1001
1003
1009
992
1002
1001
1000
1006
994
1009
1003
1001
1008
1011
1000
1004
1008
999
996
993
1002
998
1000
1004
1013
1006
1004
1013
1000
1012
1006
1004
1009
1005
1003
1001
998
1004
999
1006
998
1002
1002
997
997
1002
998
1003
1012
1007
1008
999
1003
1012
1012
1015
1017
1015
1002
1002
995
1005
1004
1009
1013
1012
1010
1010
1007
1014
1009
1010
1007
1006
1013
1004
1007
1006
1004
1009
1008
1010
1012
1006
1002
1009
1010
998
1009
1003
1007
1010
1013
1003
1002
1008
1008
1008
1006
1008
1007
1013
1003
1009
1001
993
1004
1000
998
1009
1001
1002
1004
1001
1002
1002
1004
997
1006
1001
1010
1006
1000
1003
1004
1004
1006
1010
1008
999
1010
998
1008
1010
1010
1017
1005
1009
1011
1007
1006
1002
1008
1001
1006
1010
1003
1011
1008
1011
1007
1002
1003
1001
1001
1003
1009
1009
1003
1002
1010
1001
1006
1005
987
1004
1001
1000
997
1004
1002
1006
1001
1000
1008
1004
1001
1003
1007
1002
1008
1008
1001
1006
997
1001
1004
1005
999
1005
1002
996
1000
1001
1002
996
1005
998
998
1001
1003
1006
995
998
1002
1004
1000
1007
1007
1004
1000
990
988
1000
1004
1003
1000
1004
997
992
996
1000
995
998
998
995
1003
995
1002
1004
1006
1008
1002
1007
999
1000
996
1000
993
992
1000
1005
1006
1004
995
998
1001
1000
1005
1009
1002
1010
1009
1012
999
1000
1002
1005
1013
1008
985
1000
1004
997
1002
1004
1005
1005
1013
1000
994
1004
1007
1005
1000
996
1002
1012
1001
1001
998
1009
1005
1007
1008
1004
1000
1006
1003
1003
999
1003
1018
1003
1000
1007
1011
1003
1000
1001
1000
992
998
997
998
1005
1003
1012
1002
1004
1013
1015
1004
1011
1004
1009
1004
1005
1009
1012
1010
1017
1010
998
1006
1011
1013
1012
1009
1011
1009
1018
1018
1012
1013
1013
1008
1016
1017
1005
1018
1011
1004
1010
1003
1006
1003
1015
1010
1010
1004
1005
1015
1004
1010
1008
1008
1012
1016
1016
1013
1015
1012
1009
1012
1004
1004
1001
1001
1006
997
1007
1005
995
996
1001
1006
1005
1004
1003
1006
1005
1002
997
999
1009
1004
995
998
1010
1004
995
1005
1009
998
1002
1015
1009
1008
1002
1010
1014
1011
1009
1002
1005
1006
1008
1008
997
1001
1007
1000
1004
1009
1006
1005
1014
1015
1017
1011
1017
1013
1008
1003
1002
997
997
1006
1003
1013
1011
1004
1007
1001
1000
989
996
1000
1001
1000
1002
1004
1005
1003
1000
1004
1001
1006
1001
1013
1009
1013
1007
1010
1021
1011
1012
1014
1009
1017
1011
1019
1014
1013
1014
1019
1015
1019
1019
1023
1024
1014
1026
1026
1016
1020
1012
1012
1019
1017
1027
1017
1018
1011
1013
1008
1009
1008
1015
1013
1012
1003
1011
1014
1014
1012
1001
1006
1010
1009
1017
1015
1014
1012
1010
1013
1012
1021
1027
1011
1025
1013
1017
1011
1009
1007
1004
1001
1004
1009
1007
1007
1006
1008
1010
1007
1014
1013
1024
1013
1014
1008
1019
1012
1020
1023
1014
1015
1015
1011
1016
1022
1014
1012
1009
1015
1008
1017
1016
1010
1012
1006
1007
1008
1003
1006
999
1007
1006
1003
1007
1006
1015
1002
1005
1004
1005
1017
1004
1005
1009
1015
1014
1012
1004
1015
1013
1012
1015
1014
1014
1014
1010
1011
1006
998
1008
1004
1010
1006
1003
1005
1005
1003
993
1007
1006
995
1000
999
998
1006
1003
1005
1000
998
994
1005
1005
1000
1005
999
1003
996
1007
1006
1004
1006
1004
993
1001
1003
997
1003
1003
997
1012
1002
1013
1005
1008
1014
1005
998
1006
1002
999
1000
999
1007
999
1004
999
1000
997
1000
999
1006
1003
1003
1016
1004
1002
997
999
998
1000
1003
996
996
997
994
1004
999
997
996
1007
1004
992
997
1000
1003
1005
1013
1005
997
1007
1002
1003
1006
1002
999
999
1002
