945
944
948
950
951
955
955
958
954
953
955
947
954
949
945
953
952
948
955
955
945
963
965
956
953
960
957
960
953
952
961
956
952
956
952
954
955
951
954
963
954
950
951
954
963
957
962
961
952
965
953
956
953
954
943
957
950
944
957
956
955
950
953
949
956
957
947
953
946
948
956
951
955
946
951
947
943
953
947
959
951
952
948
958
946
957
953
955
965
958
945
961
954
959
956
958
967
963
952
959
968
962
968
964
956
961
959
962
960
962
963
961
965
964
955
962
966
962
965
970
967
969
965
962
967
967
966
969
964
970
967
957
968
958
964
965
974
966
971
968
971
968
970
970
966
973
969
963
957
957
959
961
961
964
961
962
961
958
963
958
963
961
969
959
968
971
975
961
960
971
968
965
958
968
970
962
964
969
974
967
970
963
975
966
966
964
964
956
966
963
963
970
970
962
962
962
959
960
967
962
965
971
963
966
956
955
958
963
962
963
968
970
965
959
964
966
967
966
962
954
960
960
965
956
959
959
965
962
962
962
966
961
956
958
966
971
972
964
964
962
971
967
971
962
967
968
971
967
968
965
958
975
971
970
972
967
971
981
977
983
971
974
965
976
969
974
967
967
980
979
972
975
977
973
973
973
967
974
971
970
972
972
967
972
977
973
968
978
971
978
974
970
978
971
968
977
979
969
981
977
965
977
974
959
966
971
967
963
969
960
975
976
977
977
977
975
962
959
973
971
971
977
971
972
969
968
963
977
965
966
968
967
972
973
967
971
962
963
963
966
969
967
966
972
970
972
970
972
957
961
968
964
956
962
968
962
967
967
976
967
967
962
960
962
963
966
966
965
963
965
964
964
968
963
975
971
980
979
975
970
968
970
972
966
972
978
974
981
968
972
966
973
973
961
965
959
979
974
973
971
976
978
979
978
978
969
978
975
977
978
966
972
965
967
963
960
963
960
957
967
961
965
963
962
970
970
976
969
965
961
969
961
955
963
962
974
961
964
965
968
970
970
979
979
976
981
977
973
971
975
965
967
958
967
972
969
966
967
965
961
967
972
962
966
972
969
969
970
967
975
974
963
974
967
979
976
973
978
976
972
973
979
980
976
978
975
980
978
975
980
981
988
977
975
977
974
982
975
971
971
976
965
973
963
973
980
976
967
970
978
969
978
971
971
969
968
964
964
968
960
956
961
966
968
972
965
970
972
969
967
971
972
967
975
969
976
971
973
978
972
979
977
980
973
966
971
975
967
969
968
973
974
974
965
974
974
967
965
973
966
969
969
971
973
967
977
968
967
965
970
963
960
956
968
974
974
979
977
974
975
973
972
965
974
956
963
968
978
970
970
965
976
972
967
970
968
970
966
963
965
959
961
957
957
970
969
977
969
978
972
972
973
973
975
977
972
973
968
976
971
973
979
970
969
973
976
972
978
975
975
971
971
973
974
963
967
962
971
965
965
976
970
964
970
966
967
972
973
978
966
972
969
968
981
970
968
963
974
964
965
972
959
964
961
964
968
961
969
964
959
960
959
962
964
962
961
961
964
970
958
973
971
966
968
968
967
965
970
974
971
978
973
976
968
968
966
960
973
975
970
967
966
971
968
977
978
977
964
970
967
967
963
969
971
959
970
961
976
964
976
975
971
981
977
974
968
968
973
963
971
973
972
968
974
966
975
969
970
973
972
976
979
985
971
973
971
979
977
974
972
981
970
976
972
967
977
973
978
989
977
981
978
971
977
983
977
980
983
979
983
985
979
975
982
984
984
981
972
976
975
983
972
976
964
965
974
971
988
985
979
977
977
975
978
981
983
997
986
977
976
983
986
977
981
982
981
992
989
989
987
993
998
987
991
987
989
992
985
978
987
982
983
984
989
983
987
980
984
981
986
988
982
983
979
979
983
983
984
987
983
976
982
982
984
979
976
982
978
982
983
967
987
989
977
982
978
976
983
987
977
983
983
974
980
988
990
984
987
990
993
993
993
989
991
983
995
985
994
990
986
991
1001
986
984
992
984
985
985
986
989
985
983
984
976
976
979
977
984
985
993
985
986
989
992
988
977
981
982
983
981
989
989
986
988
987
993
994
981
984
989
981
986
989
990
983
980
979
989
988
983
988
994
989
987
999
987
982
989
992
985
982
983
982
984
987
986
988
980
985
988
992
993
987
995
998
992
995
995
1001
998
993
998
995
994
992
989
997
992
986
996
997
995
995
1000
991
1000
992
991
994
991
995
988
992
995
999
992
1001
984
992
1000
982
992
988
999
989
992
985
988
1003
988
990
999
997
993
991
989
992
991
990
991
1003
998
1005
1005
1005
995
997
998
1008
1007
1003
1007
1016
1010
1004
1006
1010
1002
1011
1008
1013
1004
1005
1006
1017
1013
1007
1003
1002
999
998
999
1001
1005
1010
1003
999
1002
1004
1002
1008
1006
996
1007
994
1001
1000
996
1003
1003
1000
1005
1011
1000
1001
1007
1007
1011
999
1006
1004
1005
1008
1012
1007
1012
998
1004
1008
1003
1016
1017
1008
1005
1010
1012
998
998
999
1001
1003
1003
1003
1004
993
1002
1003
1008
1001
996
1001
1003
1000
1008
1010
1012
1009
1023
1010
1011
1004
1002
1008
1000
1006
1006
998
1006
1001
1004
1008
1008
1009
1002
1007
998
991
999
991
999
1006
1005
1006
1008
1000
993
1002
1007
1003
1004
1000
997
1002
1006
1006
1007
1010
1012
1005
1000
1007
1001
1006
998
1012
1003
1004
1006
1002
997
1000
1005
1003
1003
1001
1008
998
1011
1002
1008
1005
1008
999
990
998
1003
992
999
1009
999
997
1008
1004
1015
1001
1001
1010
1001
1002
1000
1009
1007
999
1004
1013
1005
1003
1001
993
998
1001
1008
1009
1012
1005
1003
1006
1000
996
1011
1000
1006
1003
1007
1002
1003
1005
997
1002
1007
1005
1008
1013
1002
1003
1000
1007
999
1004
996
1000
1012
1009
1004
1004
1004
999
1009
1006
1003
1014
999
1002
1009
1005
994
996
1005
999
997
995
1008
996
1000
1005
999
1003
999
1001
992
998
1007
1006
998
1001
996
997
996
1001
1001
996
995
995
1004
1003
999
998
1000
1004
995
997
1003
1003
1005
991
1008
994
995
995
1000
998
989
995
990
1001
995
994
995
990
992
995
998
999
999
995
991
989
987
988
992
998
993
996
995
999
994
993
992
998
998
1000
997
993
996
1008
1002
997
997
1000
1002
998
993
999
1000
994
1000
999
1003
995
1001
1006
1007
1003
1004
1004
1003
1006
994
1004
1001
996
999
1000
1004
995
993
989
988
1002
1000
997
1000
1006
1005
1001
1000
994
1000
994
998
994
1003
1004
996
1004
1007
996
992
998
999
1001
991
1005
1002
1001
1000
1002
992
1002
995
1002
1002
994
1000
996
1002
998
1000
990
999
992
993
989
985
986
992
993
1004
997
995
1004
998
993
993
995
994
1002
1002
1004
988
993
1003
996
1000
1010
1007
1007
1001
1005
1004
1009
1007
1009
1012
1006
1007
1002
1002
1009
1009
1004
1009
1007
1000
1003
1007
1002
1003
996
1000
1006
1006
1004
998
997
1005
998
1002
1000
998
996
993
994
993
1003
997
996
1002
997
997
1003
998
1001
1007
1007
1016
1011
1009
1002
1002
1008
1011
1002
999
1007
1001
1005
1002
1003
1000
1009
1001
998
1010
998
1005
1006
1007
1017
1007
1001
1010
1003
1001
1003
1003
1011
1007
1007
1005
1011
1003
1003
996
998
1003
1001
1005
1001
1001
1003
1001
1003
1003
1007
1002
1005
991
1006
997
994
1005
999
1004
1003
1002
1008
1007
1005
1002
1005
1003
1007
1010
1004
1011
1008
1007
1004
1005
1008
1000
995
990
990
1000
999
1006
1002
996
1004
993
1005
997
1002
1005
991
994
990
1001
1002
1005
1004
1007
996
991
1004
994
984
997
997
993
1000
995
991
996
1000
1001
999
1004
1007
1006
1007
1003
994
1003
1002
1005
1001
1014
1014
1007
1009
1006
1008
1006
1005
1005
995
997
1008
1003
998
1003
1002
1004
993
1003
1002
995
998
1001
1001
1007
1009
1006
997
1002
997
999
1005
1002
998
1008
1007
1004
999
1000
995
1004
1000
997
1001
994
995
1012
1002
1000
1004
996
996
997
997
1003
989
998
1002
998
1003
1000
1014
1004
1009
1022
1011
1007
1015
1018
1026
1017
1022
1023
1007
1016
1010
1004
1004
1008
1025
1008
1021
1024
1013
1023
1016
1014
1020
1015
1009
1015
1014
1019
1006
1013
1015
1019
1009
1013
1009
1017
1015
1028
1023
1016
1014
1012
1016
1016
1010
1011
1011
1008
1011
1015
1015
1004
1011
1008
1019
1012
1019
1011
1019
1008
1011
1004
1013
1023
1022
1013
1013
1021
1016
1017
1011
1006
1004
1010
1015
1010
1011
1015
1008
1016
1017
1011
1015
1014
1017
1009
1014
1011
1012
1017
1019
1019
1018
1022
1015
1012
1013
1010
1007
1019
1016
1020
1012
1019
1015
1004
1020
1018
1015
1018
1017
1012
1014
1015
1006
1010
1014
1017
1011
1019
1016
1009
1009
1012
1016
1016
1004
1014
1015
1014
1011
1012
1014
1012
1007
1009
1007
1010
1013
1015
1006
1015
1016
1019
1013
1016
1009
1014
1009
1017
1011
1027
1016
1019
1016
1016
1008
1017
1018
1010
1005
1007
1004
1007
1010
1007
1004
1007
1004
997
1000
1016
998
1009
1012
1011
1010
1024
1017
1013
1015
1009
1017
1027
1017
1019
1022
1025
1023
1016
1028
1017
1024
1021
1018
1015
1021
1023
1010
1020
1011
1012
1022
1016
1018
1012
1012
1018
1008
1011
1015
1007
1010
1008
1011
1007
1007
1004
1000
1008
1003
1007
1007
1020
1020
1002
1006
1015
1011
1008
1017
1019
1013
1011
1013
1006
1009
1014
1012
1001
1000
1001
1006
1010
1014
1005
1012
1005
1011
1005
1015
1011
1014
1003
1010
1004
1001
1002
1006
1012
1009
1013
1018
1016
1011
1005
1006
1010
1010
1016
1014
1017
1015
1016
1021
1028
1024
1017
1026
1019
1018
1019
1021
1017
1018
1019
1026
1012
1019
1014
1026
1005
1013
1003
1004
1021
1017
1012
1007
1014
1018
1015
1016
1016
999
1011
1018
1013
1010
1018
1012
1017
1016
1017
1020
1018
1020
1020
1014
1016
1013
1015
1019
1025
1016
1016
1014
1010
1014
1015
1017
1010
1007
1007
1002
1016
1004
1011
1012
1016
1016
1012
1011
1011
1011
1009
1010
1016
1017
1010
1009
1010
1010
1010
1015
1017
1021
1020
1018
1012
1007
1002
1014
1009
1016
1013
1022
1020
1018
1024
1016
1016
1013
1019
1016
1023
1024
1024
1018
1018
1021
1021
1022
1027
1015
1023
1020
1020
1024
1018
1018
1012
1015
1017
1017
1013
1011
1009
1015
1017
1010
1020
1020
1006
1014
1008
1006
1004
1005
1009
1002
1012
1014
1020
1021
1018
1013
1020
1009
1018
1007
1014
1010
1009
1015
1025
1019
1018
1012
1017
1015
1019
1014
1012
1009
1011
1011
1006
1011
1006
1013
1005
1005
1007
1009
1012
1014
1007
1018
1014
1012
1019
1006
1015
1010
1018
1014
1019
1021
1018
1020
1023
1018
1027
1027
1020
1019
1013
1016
1014
1016
1019
1018
1017
1011
1019
1015
1011
1011
1012
1017
1018
1020
1001
1017
1015
1024
1020
1013
1015
1025
1017
1021
1015
1016
1013
1016
1014
1015
1016
1011
1021
1022
1016
1010
1018
1024
1011
1010
1010
1021
1018
1009
1011
1015
1009
1008
1014
1013
1017
1017
1009
1008
1011
1008
1014
1015
1014
1019
1014
1004
1018
1011
1007
1013
1015
1012
1008
1013
1012
1008
1010
1021
1014
1016
1016
1020
1014
1007
1018
1014
1018
1019
1023
1017
1010
1017
1023
1007
1010
1009
1013
1005
1017
1010
1003
1020
1017
1019
1016
1007
1008
1015
1017
1011
1011
1009
1018
1010
1018
1012
1022
1014
1017
1010
1011
1014
1006
1015
1012
1012
1020
1011
1012
1010
1016
1018
1012
1001
1011
1022
1017
1015
1017
1008
1006
1014
1013
1011
1009
1023
1019
1013
1019
1014
1014
1024
1013
1014
1017
1022
1020
1020
1022
1016
1019
1015
1023
1015
1016
1010
1018
1018
1021
1024
1020
1015
1015
1015
1025
1017
1017
1012
1005
1017
1005
1010
1004
1010
1016
1017
1018
1011
1011
1027
1014
1012
1010
1018
1018
1007
1020
1019
1018
1012
1013
1010
1002
1010
1009
1011
1014
1013
1018
1005
1011
1006
1013
1016
1010
1009
1015
1009
1013
1022
1010
1017
1020
1017
1014
1020
1017
1021
1016
1024
1022
1024
1013
1020
1023
1020
1025
1030
1025
1025
1024
1016
1027
1020
1021
1031
1020
1026
1014
1025
1017
1017
1020
1023
1026
1023
1021
1016
1025
1026
1019
1023
1022
1020
1013
1020
1026
1010
1018
1025
1017
1021
1014
1018
1022
1012
1008
1019
1017
1020
1020
1011
1015
1018
1013
1016
1005
1021
1015
1013
1020
1018
1021
1022
1026
1015
1025
1024
1021
1019
1025
1020
1019
1016
1016
1027
1020
1018
1015
1014
1016
1027
1021
1014
1029
1025
1024
1018
1025
1023
1017
1013
1017
1013
1024
1016
1007
1018
1024
1015
1019
1019
1008
1016
1007
1021
1014
1011
1018
1016
1008
1021
1023
1012
1013
1013
1026
1013
1015
1010
1011
1024
1016
1025
1011
1017
1011
1017
1016
1022
1023
1022
1016
1014
1017
1009
1011
1023
1012
1007
1004
1012
1004
1008
1003
1004
1005
1005
1005
1003
1018
1012
1006
1019
1014
1013
1017
1012
1007
1004
1008
1015
1012
1007
1006
1010
1009
1014
1010
1016
1014
1017
1012
1014
1013
1009
1013
1009
1014
1007
1004
1011
1013
1007
1007
1010
1009
1015
1008
998
1011
1007
1009
1018
1011
1009
1014
1003
1007
1006
1012
1007
1007
1009
1006
1001
1003
1007
1009
1009
1002
1008
1006
1016
1017
1010
1010
1002
1010
1014
1012
1011
1019
1017
1014
1014
1016
1034
1035
1032
1036
1025
1025
1020
1027
1017
1026
1025
1025
1021
1023
1028
1018
1017
1028
1026
1025
1023
1029
1022
1023
1029
1022
1022
1023
1016
1024
1028
1027
1024
1022
1027
1031
1022
1025
1017
1019
1018
1012
1017
1027
1020
1032
1023
1021
1021
1024
1025
1030
1030
1020
1026
1022
1022
1015
1026
1029
1016
1021
1020
1011
1013
1013
1017
1011
1010
1016
1017
1021
1011
1009
1017
1008
1012
1013
1016
1015
1006
1007
1016
1018
1021
1021
1024
1025
1015
1012
1022
1021
1023
1024
1009
1014
1020
1012
1016
1020
1019
1010
1013
1019
1015
1014
1012
1019
1022
1019
1023
1021
1020
1023
1018
1015
1020
1022
1020
1010
1015
1015
1017
1022
1023
1022
1019
1014
1012
1020
1016
1019
1009
1010
1017
1015
1012
1021
1017
1015
1017
1016
1019
1013
1028
1017
1021
1014
1022
1026
1020
1019
1019
1023
1020
1028
1020
1018
1014
1013
1018
1017
1024
1014
1016
1009
1004
1012
1017
1020
1011
1019
1019
1019
1016
1014
1019
1009
1021
1023
1018
1021
1017
1015
1021
1024
1021
1022
1031
1025
1027
1026
1019
1027
1028
1014
1022
1017
1022
1014
1014
1009
1013
1011
1013
1006
1015
1013
1016
1014
1011
1018
1016
1023
1024
1020
1014
1008
1013
1017
1016
1019
1013
1011
1025
1020
1019
1021
1022
1023
1024
1024
1023
1016
1026
1022
1020
1027
1017
1020
1020
1019
1016
1020
1022
1016
1020
1026
1025
1022
1019
1017
1016
1016
1025
1021
1026
1017
1021
1028
1020
1020
1027
1012
1007
1012
1021
1018
1016
1005
1019
1012
1022
1019
1016
1019
1019
1017
1023
1007
1015
1019
1023
1015
1023
1028
1018
1009
1012
1005
1020
1010
1018
1023
1015
1017
1002
1019
1017
1015
1018
1016
1025
1016
1022
1026
1005
1025
1018
1016
1022
1012
1020
1017
1017
1021
1023
1019
1013
1010
1010
1019
1021
1020
1015
1013
1011
1024
1018
1018
1017
1015
1030
1019
1022
1022
1022
1020
1016
1022
1003
1023
1018
1010
1013
1010
1017
1016
1024
1012
1024
1030
1018
1024
1024
1016
1026
1024
1027
1032
1026
1030
1026
1026
1024
1032
1027
1021
1026
1018
1020
1018
1020
1007
1009
1008
1014
1013
1008
1007
1001
1009
1017
1013
1021
1015
1013
1008
1018
1017
1017
1019
1013
1016
1013
1012
1015
1021
1010
1007
1015
1007
1007
1010
1015
1013
1018
1020
1008
1014
1014
1012
1020
1013
1012
1014
1012
1011
1008
999
1005
1005
1009
1007
1006
1000
1000
1007
1012
1010
1011
1006
1014
1018
1015
1018
1017
1014
1015
1018
1012
1025
1021
1022
1019
1024
1023
1020
1017
1031
1030
1026
1027
1024
1020
1020
1019
1022
1013
1024
1013
1024
1011
1022
1019
1023
1027
1032
1025
1027
1024
1023
1012
1012
1014
1011
1013
1014
1016
1015
1025
1014
1020
1019
1023
1018
1024
1016
1023
1016
1020
1020
1015
1019
1026
1026
1034
1019
1035
1022
1038
1036
1028
1025
1032
1027
1030
1030
1034
1033
1031
1030
1023
1031
1034
1029
1036
1027
1036
1020
1027
1018
1034
1021
1023
1034
1031
1030
1030
1034
1032
1027
1033
1042
1029
1036
1029
1023
1038
1031
1027
1040
1031
1026
1028
1028
1041
1031
1033
1038
1026
1020
1019
1023
1019
1012
1020
1024
1022
1030
1033
1035
1027
1030
1038
1034
1031
1026
1025
1025
1034
1025
1020
1025
1026
1023
1027
1029
1031
1032
1027
1022
1030
1027
1027
1032
1025
1026
1031
1030
1029
1036
1028
1033
1029
1039
1025
1033
1032
1034
1032
1036
1027
1026
1030
1029
1034
1035
1030
1027
1033
1025
1026
1031
1032
1030
1032
1028
1028
1029
1036
1027
1028
1035
1037
1025
1029
1028
1021
1027
1036
1034
1031
1027
1032
1027
1028
1027
1016
1023
1019
1024
1035
1035
1033
1033
1030
1024
1025
1027
1023
1021
1027
1026
1031
1025
1029
1024
1020
1026
1031
1026
1029
1019
1015
1030
1032
1034
1028
1040
1028
1025
1031
1036
1030
1034
1031
1031
1018
1025
1027
1038
1033
1034
1028
1024
1039
1030
1025
1025
1033
1031
1033
1029
1033
1036
1041
1039
1043
