952
943
949
948
947
955
957
951
952
945
944
946
947
942
952
947
947
945
943
946
951
941
942
932
937
946
955
951
956
950
958
962
965
954
965
965
965
973
961
961
964
950
956
963
952
965
962
955
962
962
962
976
978
968
971
970
966
972
973
960
968
965
971
975
971
970
980
983
967
974
965
975
959
962
969
970
974
966
981
982
977
972
969
977
971
967
957
970
974
973
973
971
971
967
972
979
975
971
980
980
983
971
983
979
969
978
976
975
970
970
972
966
967
969
965
978
976
979
969
983
974
977
978
974
969
969
968
977
975
970
962
963
964
968
977
974
981
972
976
975
966
964
964
973
969
968
969
965
970
974
968
972
969
981
973
962
969
978
977
981
971
972
972
978
979
968
979
978
966
966
976
964
964
964
959
959
962
958
956
962
964
970
973
971
973
968
968
971
975
967
961
966
975
965
966
969
962
962
968
964
964
967
974
961
970
969
969
971
963
968
971
969
959
967
973
960
965
965
965
969
973
979
969
980
972
977
976
978
981
981
975
982
980
980
977
978
973
975
981
974
978
974
975
968
977
970
977
974
980
977
971
972
975
975
975
977
976
975
976
972
973
969
974
974
970
973
980
968
962
962
972
966
977
978
966
965
968
973
975
959
957
965
962
964
959
962
960
966
966
967
954
955
951
961
961
964
951
953
952
952
955
953
956
954
954
948
947
959
960
960
956
954
961
960
955
956
958
966
962
966
968
967
963
962
963
963
962
967
957
962
956
962
954
962
968
953
961
962
955
965
953
967
964
967
965
966
959
976
970
973
972
977
972
969
957
971
970
969
965
973
978
966
970
971
966
974
978
969
975
974
969
977
973
977
981
972
974
975
975
970
973
977
982
979
976
978
979
979
976
982
981
979
985
982
986
973
983
968
982
973
980
985
983
982
976
981
977
975
976
979
968
961
955
943
956
954
957
953
963
964
957
956
969
966
961
970
966
959
968
955
961
963
955
960
962
971
961
967
972
974
972
964
971
977
977
971
962
966
971
964
968
956
962
967
962
965
976
967
969
963
967
971
978
968
972
978
974
974
974
979
979
979
967
971
971
972
968
962
979
979
973
969
979
971
967
969
971
975
973
968
971
967
968
962
972
975
979
982
979
979
977
973
964
977
977
971
966
970
979
960
969
971
971
968
972
969
978
967
969
976
971
961
970
965
970
971
972
974
969
969
975
967
975
977
975
963
965
969
971
964
962
977
971
974
973
973
971
976
971
974
972
970
976
978
979
985
981
978
987
982
982
976
984
975
981
972
972
970
965
965
970
974
968
971
970
976
969
963
968
969
964
963
970
968
971
965
973
963
967
969
973
976
977
974
983
974
985
979
977
984
980
977
989
985
980
986
978
977
972
974
967
971
975
966
969
963
963
960
974
971
977
977
974
972
973
971
967
967
966
974
973
965
974
978
973
979
983
979
972
979
971
978
967
965
966
974
965
973
976
967
964
968
972
965
963
961
961
956
955
966
953
956
962
956
965
966
962
964
962
970
970
969
971
966
971
965
967
964
972
964
981
981
987
989
987
977
979
977
967
970
969
970
973
983
970
976
975
978
975
984
970
977
983
976
970
983
981
987
988
986
988
979
988
980
983
987
980
988
984
978
985
993
992
981
991
995
991
995
989
980
984
988
986
989
994
983
994
986
985
979
988
984
993
988
993
982
992
994
989
979
985
980
984
980
983
984
987
978
977
984
973
979
977
975
982
979
974
977
976
989
982
979
991
988
978
982
988
989
967
993
993
993
984
989
980
985
990
993
980
976
977
976
985
983
985
978
991
984
993
990
986
993
972
981
989
987
992
984
991
981
977
980
980
981
983
985
981
980
990
984
995
990
994
997
990
995
992
981
989
979
994
995
990
990
980
987
990
988
980
981
979
986
983
985
980
984
980
984
980
982
985
983
969
974
982
980
976
988
979
984
983
983
970
977
981
978
980
988
988
974
979
974
981
986
980
980
991
983
983
982
977
977
980
984
984
988
991
982
990
979
993
989
990
983
983
980
986
989
977
977
983
979
985
985
988
985
982
984
980
981
980
991
989
992
989
985
983
989
981
983
981
984
986
981
979
984
983
976
980
979
988
989
988
988
979
986
977
980
978
975
983
984
978
980
984
978
975
971
979
974
981
972
983
968
986
973
978
978
980
973
977
972
974
972
986
982
994
984
985
991
993
998
994
990
978
985
990
991
981
986
981
987
984
982
980
984
984
985
989
982
989
980
983
990
995
975
987
987
985
987
988
979
984
989
988
988
985
985
986
985
984
981
982
987
982
970
981
987
990
986
986
987
991
982
974
986
979
989
993
980
990
990
993
986
986
996
993
1002
993
995
998
997
992
993
992
987
983
985
989
987
985
984
980
974
978
987
983
988
997
992
994
990
996
989
994
994
1000
998
995
1000
996
991
989
993
983
993
988
990
998
986
983
991
988
997
991
991
999
997
999
996
996
1000
996
987
984
984
985
995
992
996
997
994
998
993
992
996
991
982
983
985
986
993
994
992
995
997
996
988
995
987
977
988
990
982
981
993
995
985
992
975
985
984
982
983
987
992
987
994
993
1000
988
986
988
986
991
991
984
983
981
994
987
994
978
973
989
981
988
985
986
983
996
991
993
996
992
996
994
991
994
982
994
991
993
993
992
991
996
993
986
985
997
995
995
981
991
986
982
985
989
988
990
986
998
1000
991
984
992
992
984
986
990
993
991
981
981
980
982
982
989
986
984
992
995
990
984
986
990
987
981
995
982
995
991
989
989
994
992
995
994
994
987
995
986
992
986
984
988
996
992
981
992
991
987
994
974
994
994
999
993
994
999
989
988
995
985
999
982
993
992
988
991
987
999
994
988
994
990
993
988
995
994
994
993
992
1002
997
994
981
984
991
978
984
983
985
978
986
984
987
988
981
975
984
977
976
981
989
992
991
989
979
981
981
979
985
984
986
990
984
989
987
986
995
989
991
992
990
995
992
985
992
986
992
986
990
995
995
994
986
985
989
989
992
990
990
996
994
988
991
996
994
997
999
1008
998
993
1000
999
998
992
995
1007
1002
980
998
1008
1001
1002
1008
1003
1002
1006
1004
1002
1001
998
1004
993
1004
996
1006
996
995
992
1002
1005
994
996
1005
998
999
993
999
1003
1000
994
1002
990
993
996
998
999
1000
999
1004
994
1000
1002
998
998
988
998
990
1002
990
1001
1007
1003
995
1011
1003
999
995
1010
1004
1006
998
1003
1001
1001
994
992
998
1001
1004
1005
1001
1006
1001
1001
987
1001
1001
997
998
999
997
995
994
997
996
994
993
998
993
1009
1003
1000
996
994
995
994
985
993
992
987
1000
1000
1002
999
1011
1010
1008
1013
1013
1009
1007
1001
1003
1003
1010
1006
1007
998
996
993
999
1004
998
1002
1008
993
1002
1007
998
998
998
1004
1004
1006
1001
999
1001
1001
1011
1001
1002
999
1001
999
999
997
1008
1002
1000
1000
1002
1010
1010
1001
997
1005
1012
1008
999
1000
995
1008
1003
1011
1004
1007
1000
998
1001
1009
1004
1012
997
1014
1006
993
1002
1004
998
998
998
995
1005
1009
1007
1016
1010
1002
1001
1002
999
1006
1004
1002
1004
996
1014
1004
1006
1008
1006
1008
1004
1012
1013
1008
1006
1020
1014
1009
996
1010
1003
1007
1001
998
997
995
1003
1001
998
999
997
999
997
992
1002
1004
998
995
1003
1002
1014
999
1004
1001
1006
995
998
1010
1008
992
995
1001
991
990
1004
989
993
1002
991
1000
1003
1014
1011
1021
1011
1009
1012
1009
1015
997
1000
998
994
990
997
992
1000
994
998
999
1003
1003
1004
1002
1006
998
989
997
991
991
992
997
992
996
987
983
995
995
991
981
995
991
999
993
999
991
998
992
1000
992
987
990
998
999
998
993
990
993
989
1003
1000
994
1003
1001
993
993
1003
993
992
1003
995
996
995
993
993
990
987
989
994
994
992
979
998
993
997
999
985
986
999
983
994
994
1002
990
990
995
1002
999
996
1001
995
997
1000
995
1006
1004
998
996
997
1007
1007
999
1005
1002
1003
1003
994
995
996
1002
995
988
1000
997
995
1004
1001
999
997
1000
1008
999
1001
1000
999
990
995
1001
1000
1000
1001
1002
994
992
1001
995
997
997
992
993
999
993
996
999
993
994
993
987
995
1000
997
994
997
993
991
986
991
997
1000
991
983
987
988
987
985
982
994
990
987
980
986
980
982
990
983
985
986
978
984
975
984
974
985
995
991
992
991
989
991
988
984
986
982
987
980
975
989
994
982
981
992
995
985
989
993
993
1001
1003
992
992
999
984
1002
992
992
993
997
1004
1001
1005
990
998
998
1006
1000
988
996
1002
991
997
987
998
999
998
1004
996
993
1001
984
999
1005
998
1000
1002
1003
1001
999
993
997
995
1002
995
1006
1004
983
987
998
999
1004
996
1008
998
988
1000
987
995
998
994
997
1005
998
997
1002
1004
1002
1001
999
991
990
992
991
994
1005
993
1000
991
994
998
995
995
997
1001
1001
997
985
1000
994
993
995
994
992
993
984
995
988
987
994
1001
988
988
997
997
1000
992
991
999
988
991
994
986
999
989
988
996
996
991
988
996
996
992
986
986
991
992
988
987
996
987
995
995
1007
999
1001
999
1002
990
990
999
995
1001
1000
983
993
995
994
993
991
990
989
989
994
993
1000
999
1004
1002
993
993
985
999
996
993
997
988
989
994
986
983
993
1002
989
1001
995
994
1000
992
1002
1003
995
996
998
992
996
997
995
985
988
987
993
993
991
989
991
1001
996
994
988
999
993
989
989
989
981
998
995
986
994
991
987
992
986
988
983
980
979
989
980
993
991
990
1000
1005
991
1002
984
992
993
987
990
990
994
1004
996
1003
1000
991
999
993
998
998
988
991
999
996
994
991
991
995
987
996
1000
993
997
991
997
995
999
991
990
987
999
993
995
993
987
982
999
990
982
995
990
992
989
989
991
991
993
995
992
993
995
984
1006
994
993
984
993
991
989
997
1006
1004
998
998
993
992
999
1001
1000
997
999
996
1005
998
1004
996
1001
990
1006
1006
1006
1007
1011
1014
1012
1019
1012
1008
1007
1006
1007
1014
1004
1006
1009
1008
1001
1001
1005
1004
1002
1008
1001
1004
1004
1008
1004
1007
1003
1002
1001
1005
1012
1004
1004
1005
1009
1002
1007
1009
1004
1009
1002
1000
1004
997
1000
998
994
990
997
992
1000
994
998
999
1003
1003
1004
1002
1006
998
989
997
991
991
992
997
992
996
987
983
995
995
991
981
995
991
999
993
999
991
998
992
1000
992
987
990
998
999
998
993
990
993
989
1003
1000
994
1003
1001
993
993
1003
993
992
1003
995
996
995
993
993
990
987
989
994
994
992
979
998
993
997
999
985
986
999
983
994
994
1002
990
990
995
1002
999
996
1001
995
997
1000
995
1006
1004
998
996
997
1007
1007
999
1005
1002
1003
1003
994
995
996
1002
995
988
1000
997
995
1004
1001
999
997
1000
1008
999
1001
1000
999
990
995
1001
1000
1000
1001
1002
994
992
1001
995
997
997
992
993
999
993
996
999
993
994
993
987
995
1000
997
994
997
993
991
986
991
997
1000
991
983
987
988
987
985
982
994
990
987
980
986
980
982
990
983
985
986
978
984
975
984
974
985
995
991
992
991
989
991
988
984
986
982
987
980
975
989
994
982
981
992
995
985
989
993
993
1001
1003
992
992
999
984
1002
992
992
993
997
1004
1001
1005
990
998
998
1006
1000
988
996
1002
991
997
987
998
999
998
1004
996
993
1001
984
999
1005
998
1000
1002
1003
1001
999
993
997
995
1002
995
1006
1004
983
987
998
999
1004
996
1008
998
988
1000
987
995
998
994
997
1005
998
997
1002
1004
1002
1001
999
991
990
992
991
994
1005
993
1000
991
994
998
995
995
997
1001
1001
997
985
1000
994
993
995
994
992
993
984
995
988
987
994
1001
988
988
997
997
1000
992
991
999
988
991
994
986
999
989
988
996
996
991
988
996
996
992
986
986
991
992
988
987
996
987
995
995
1007
999
1001
999
1002
990
990
999
995
1001
1000
983
993
995
994
993
991
990
989
989
994
993
1000
999
1004
1002
993
993
985
999
996
993
997
988
989
994
986
983
993
1002
989
1001
995
994
1000
992
1002
1003
995
996
998
992
996
997
995
985
988
987
993
993
991
989
991
1001
996
994
988
999
993
989
989
989
981
998
995
986
994
991
987
992
986
988
983
980
979
989
980
993
991
990
1000
1005
991
1002
984
992
993
987
990
990
994
1004
996
1003
1000
991
999
993
998
998
988
991
999
996
994
991
991
995
987
996
1000
993
997
991
997
995
999
991
990
987
999
993
995
993
987
982
999
990
982
995
990
992
989
989
991
991
993
995
992
993
995
984
1006
994
993
984
993
991
989
997
1006
1004
998
998
993
992
999
1001
1000
997
999
996
1005
998
1004
996
1001
990
1006
1006
1006
1007
1011
1014
1012
1019
1012
1008
1007
1006
1007
1014
1004
1006
1009
1008
1001
1001
1005
1004
1002
1008
1001
1004
1004
1008
1004
1007
1003
1002
1001
1005
1012
1004
1004
1005
1009
1002
1007
1009
1004
1009
1002
1000
1004
1001
1001
1004
1008
1008
996
999
1003
1013
1012
1001
1003
998
1001
1002
999
997
1003
1000
995
999
997
996
1008
995
1003
995
990
990
996
998
999
1000
994
995
996
997
991
1005
1005
1004
1001
999
1008
1005
1008
1007
1002
1005
1001
1004
1009
1006
1013
1009
1011
1005
1009
1013
1005
1000
1004
1001
1013
1012
1006
1005
993
1001
1002
995
999
1010
1011
1007
1007
1012
1013
1018
1011
1012
1012
1007
1003
1012
1014
1018
1020
1020
1011
1012
1017
1014
1012
1012
1006
1009
1008
1006
1001
1005
1019
1006
1014
1010
1014
1013
1017
1017
1015
1014
1021
1012
1012
1017
1014
1001
1010
1012
1009
1011
1004
1005
1008
1011
1018
1010
1010
1011
1005
1002
1008
1003
1011
1005
1009
1008
1009
1011
1008
1016
1013
1014
1006
1006
1010
1008
1006
1017
1012
1005
1013
1007
1006
1018
1006
1009
1013
1001
1009
1008
1013
1014
1007
1015
1012
1012
1001
1007
1004
1006
1003
1005
1000
1006
1010
1004
996
1006
1018
1004
1012
1025
1015
1022
1022
1017
1008
1011
1004
1010
1014
1010
1021
1017
1014
1021
1012
1013
1015
1010
1004
1009
1004
1009
1016
1000
1012
1005
1009
1017
1017
1018
1013
1024
1018
1021
1019
1004
1020
1000
1021
1013
1012
1012
1012
999
1004
1003
1014
998
1004
1010
1004
1013
1004
1004
1004
999
997
1007
1011
1008
1006
1002
1002
1006
1000
998
1004
1001
1002
1003
1003
995
1008
1000
1006
1006
1002
1009
1005
1002
1010
1001
1003
1009
1008
1004
1009
1008
1007
1001
1004
995
991
996
1006
1005
1003
1004
998
1003
1004
997
1001
1001
1000
1002
1007
997
1007
1009
1005
1017
999
1009
1006
1021
1019
1010
1007
1012
1006
1017
1014
1012
1010
1016
1019
1012
1002
1005
1014
1014
1012
1011
1004
1020
1022
1015
1014
1013
1014
1010
1013
1015
1022
1013
1016
1020
1015
1015
1011
1016
1012
1016
1017
1001
1004
1001
1006
1001
1007
1007
1007
1009
1017
1013
1013
1012
1006
1012
1003
1009
1004
1005
998
1007
1006
1013
1013
1010
1008
1013
1013
1008
1015
1017
1009
1005
1010
1012
1017
1006
1012
1009
1018
1017
1019
1023
1015
1017
1014
1017
1017
1018
1014
1020
1020
1015
1002
1014
1000
1007
1005
1010
1019
1015
1016
1010
1019
1017
1012
1006
1012
1009
1017
1008
1014
1019
1018
1026
1023
1022
1024
1021
1014
1017
1019
1017
1018
1022
1018
1016
1020
1017
1007
1013
1012
1021
1014
1013
1011
1013
1018
1020
1022
1021
1025
1023
1021
1022
1021
1028
1023
1022
1022
1022
1017
1013
1017
1010
1022
1021
1013
1019
1018
1023
1015
1014
1015
1008
1029
1021
1017
1018
1023
1021
1021
1022
1019
1024
1026
1016
1023
1025
1014
1032
1014
1023
1027
1021
1014
1020
1019
1021
1016
1022
1015
1028
1015
1015
1026
1030
1032
1023
1021
1026
1022
1023
1027
1021
1024
1020
1015
1009
1022
1018
1016
1025
1009
1016
1009
1007
1010
1003
1009
1012
1005
1005
1011
1015
1008
1015
1012
1003
1014
1008
1012
1001
1014
1013
1013
1011
1014
1025
1017
1011
1007
1008
994
1002
999
1002
1006
1005
1008
1001
1013
1009
996
995
1000
995
996
1004
998
995
987
993
992
994
998
999
1000
993
995
999
1001
992
987
991
986
999
997
994
998
1002
986
989
992
986
994
994
995
992
992
992
996
991
996
990
996
993
992
996
994
990
1003
1007
984
999
1002
1000
998
996
987
985
990
994
993
986
998
990
1000
1001
991
988
999
995
996
994
995
989
1003
990
1008
999
1004
998
1003
998
993
995
1001
993
1007
997
993
996
994
1003
988
990
990
1004
1003
999
1001
1007
1006
1002
997
1004
1001
1000
1008
1004
995
1006
1007
994
1001
1005
994
1001
1002
1003
1001
992
993
998
992
999
997
996
989
1000
988
997
1001
997
997
997
999
986
986
985
996
996
996
988
992
984
989
999
991
993
993
996
987
988
992
990
993
991
995
996
991
993
991
995
1006
1001
1000
994
1003
996
1000
995
997
1002
1000
1005
1004
1003
998
996
996
998
1001
994
1005
997
992
999
1002
1003
992
997
999
1001
1001
1007
1009
1000
1010
1001
997
1001
1004
1000
1003
1000
1005
1003
1003
1004
1009
1011
1000
1004
996
1001
1002
992
1001
998
994
996
986
988
990
984
992
992
992
998
992
979
993
989
986
986
984
978
986
994
992
997
1002
993
994
988
999
1001
997
996
995
995
993
1000
995
998
986
984
976
978
979
989
978
981
987
993
993
993
997
989
988
994
987
989
992
999
993
1006
998
997
994
998
995
997
992
994
993
994
999
1002
992
1006
1009
1002
1008
1004
1006
1005
1006
1001
999
1004
999
1001
1004
1002
997
997
1005
1000
994
997
996
1003
999
1003
989
1005
1005
991
996
1002
999
997
995
998
1002
993
995
994
988
990
989
983
991
993
990
987
988
990
987
991
1000
995
993
997
997
995
995
997
1001
992
988
992
992
995
1000
987
993
992
996
997
991
993
991
990
993
1004
995
1007
1008
1009
1004
1006
1001
1010
997
1000
1006
993
998
1003
1006
999
1004
1006
1015
1004
1007
1004
1008
1005
1013
1012
1003
1013
999
1008
1014
1011
1015
1019
1020
1011
1021
1005
1011
1015
1011
1009
1007
1011
1016
1011
1008
1007
1009
1012
1014
1012
1011
1014
1007
999
1008
1013
1010
996
1006
1010
1006
1006
1010
1007
1001
996
1003
1005
1014
1008
999
1013
1009
999
1012
1004
1002
1005
1006
1000
1007
1002
1003
1001
1001
995
1002
1003
1003
1003
1007
990
981
982
989
998
995
1002
998
998
997
998
992
995
992
1005
1004
1002
1005
1004
999
1005
996
1000
999
994
998
999
991
1000
993
996
1002
1000
1011
1000
998
1007
1006
1006
999
997
997
999
1000
1005
1002
999
1007
1001
998
1001
1004
1001
1006
1000
1006
1002
1003
997
999
998
1003
993
1004
