948
951
952
958
952
951
956
956
950
948
958
948
954
949
948
946
942
949
948
952
948
952
949
952
950
960
960
957
952
954
958
951
957
960
953
948
949
955
948
945
957
956
961
955
953
953
950
945
957
949
949
958
949
948
953
953
958
952
952
957
949
952
950
951
957
953
952
961
957
956
957
953
954
957
954
952
960
955
958
963
956
957
959
963
961
958
956
963
964
971
963
967
962
964
964
970
965
969
961
969
970
962
963
967
966
970
981
974
966
973
968
972
977
980
975
978
979
980
979
977
982
975
978
975
980
979
986
979
975
980
974
977
972
979
978
979
979
980
976
988
989
981
983
978
965
982
978
975
971
976
969
982
973
981
969
975
978
974
980
979
975
980
973
970
976
975
971
983
971
978
972
974
980
974
977
973
975
977
969
977
980
977
975
970
975
972
983
976
970
983
975
967
960
968
969
964
959
964
970
968
971
974
974
971
978
963
966
972
974
975
971
979
973
974
980
969
970
975
968
974
978
981
979
977
979
975
977
972
979
981
979
977
979
980
978
974
983
974
973
973
967
982
975
978
977
976
977
970
976
975
976
976
975
963
972
974
982
977
972
979
978
975
976
984
982
973
982
978
979
979
971
971
975
976
987
984
982
979
981
984
982
983
979
981
971
970
982
985
985
989
979
981
988
985
989
989
981
991
993
987
977
985
982
975
969
981
975
981
975
979
986
981
977
971
979
984
984
985
981
985
977
989
979
980
982
980
974
983
984
987
984
988
984
990
993
996
997
1008
1001
1000
993
997
999
1005
1009
1007
1004
1005
997
999
995
1013
995
1001
993
990
998
1004
1002
1006
998
1001
997
992
997
1002
1002
1002
993
994
993
991
1003
998
994
996
1012
1001
997
1000
994
1003
1003
995
1003
1012
1012
1011
1005
999
1002
1010
1005
1016
1009
1009
1011
1001
1013
1009
1001
997
993
1006
999
1001
1007
999
1002
1000
1004
1000
997
1002
1001
1001
1009
1009
1008
994
993
997
1000
1000
1010
1005
999
1002
998
1006
999
995
993
1005
1002
1006
1005
1006
1006
1013
1008
1002
1007
995
998
1003
996
1008
998
987
989
992
996
988
995
990
998
1007
1003
1002
998
995
1002
1005
997
1006
997
998
990
996
997
996
1000
994
995
993
989
988
1003
1005
1002
1004
1013
1010
1001
1007
1007
1006
1010
1015
1011
1006
1007
1013
1006
1003
996
1005
998
1006
1003
1010
1004
1008
1008
1008
1013
1013
1009
1023
1018
1014
1008
1014
1017
1006
1011
1018
1005
1014
1009
1015
1022
1020
1014
1010
1017
1012
1013
1010
1010
1004
1008
1017
1018
1005
1010
1016
1015
1009
1021
1006
1014
1006
1014
1013
1000
1000
1005
1000
1000
1010
1010
1016
1012
1020
1017
1008
1013
1016
1014
1015
1007
1013
1017
1006
1008
1010
1005
1011
1014
1006
1008
1007
1008
1014
1014
1014
1008
1011
1011
1017
1017
1019
1029
1019
1026
1029
1021
1018
1022
1022
1022
1027
1024
1022
1025
1014
1023
1007
1017
1017
1019
1019
1019
1017
1010
1017
1021
1022
1024
1011
1015
1018
1021
1017
1017
1016
1012
1015
1013
1007
1014
1009
1012
1018
1012
1020
1006
1015
1017
1016
1014
1019
1017
1025
1017
1018
1029
1027
1019
1025
1018
1017
1021
1016
1022
1016
1024
1027
1023
1026
1021
1025
1026
1024
1022
1020
1026
1012
1019
1018
1025
1030
1026
1034
1027
1021
1012
1023
1015
1018
1020
1024
1024
1022
1024
1020
1029
1028
1017
1012
1018
1021
1027
1029
1022
1026
1029
1027
1025
1034
1028
1037
1031
1024
1029
1025
1035
1023
1017
1022
1029
1028
1025
1029
1031
1036
1022
1027
1025
1034
1031
1023
1028
1024
1025
1033
1030
1020
1030
1030
1034
1033
1024
1027
1029
1029
1037
1037
1033
1028
1021
1030
1026
1019
1022
1014
1033
1022
1029
1031
1024
1028
1038
1031
1033
1034
1022
1032
1031
1024
1021
1020
1024
1010
1015
1019
1028
1017
1021
1026
1034
1021
1023
1029
1024
1022
1016
1030
1020
1025
1022
1020
1019
1024
1030
1027
1030
1017
1018
1020
1018
1021
1019
1014
1021
1008
1008
1014
1022
1024
1018
1016
1021
1026
1015
1027
1024
1023
1020
1030
1018
1026
1020
1020
1017
1016
1018
1033
1020
1019
1020
1015
1016
1007
1023
1023
1021
1017
1019
1020
1006
1007
1013
1005
1014
1017
1011
1017
1012
1020
1011
1024
1010
1014
1010
1013
1005
1015
1020
1012
1017
1016
1010
1019
1012
1016
1021
1017
1025
1024
1020
1020
1014
1022
1019
1020
1019
1018
1017
1030
1025
1015
1023
1018
1023
1021
1023
1028
1020
1025
1032
1033
1031
1011
1034
1029
1026
1017
1026
1029
1028
1037
1026
1025
1025
1027
1025
1021
1030
1031
1018
1022
1021
1027
1032
1025
1031
1039
1026
1024
1029
1028
1034
1030
1033
1032
1034
1020
1033
1029
1031
1026
1027
1039
1031
1044
1035
1042
1040
1038
1036
1036
1039
1035
1036
1036
1020
1026
1034
1022
1031
1026
1031
1030
1042
1026
1023
1028
1031
1029
1031
1022
1029
1031
1026
1029
1033
1027
1034
1026
1030
1022
1031
1028
1026
1028
1030
1032
1034
1036
1037
1035
1042
1040
1042
1037
1043
1038
1046
1038
1039
1038
1037
1045
1053
1042
1040
1048
1034
1031
1036
1045
1039
1034
1026
1031
1030
1038
1035
1023
1034
1038
1031
1031
1034
1035
1031
1037
1033
1034
1030
1027
1038
1034
1033
1036
1044
1036
1033
1036
1036
1028
1033
1024
1031
1034
1029
1040
1028
1036
1026
1030
1022
1035
1024
1038
1033
1030
1032
1028
1036
1037
1042
1035
1035
1029
1036
1039
1032
1021
1016
1030
1024
1028
1026
1025
1021
1030
1025
1027
1023
1014
1010
1018
1021
1024
1029
1030
1021
1031
1026
1026
1035
1018
1025
1035
1026
1029
1018
1023
1023
1023
1033
1025
1031
1026
1024
1030
1022
1028
1029
1028
1029
1024
1024
1034
1023
1031
1025
1020
1016
1020
1029
1020
1021
1024
1018
1012
1010
1013
1020
1009
1011
1025
1023
1031
1028
1023
1017
1018
1029
1024
1026
1026
1024
1025
1031
1029
1029
1026
1028
1025
1023
1021
1020
1026
1031
1018
1018
1027
1021
1019
1029
1021
1026
1023
1031
1029
1024
1025
1029
1023
1028
1021
1027
1023
1026
1028
1026
1021
1033
1027
1028
1029
1025
1026
1017
1019
1026
1022
1032
1024
1023
1020
1030
1020
1024
1021
1024
1032
1028
1024
1021
1029
1029
1032
1022
1027
1025
1019
1023
1025
1028
1022
1022
1025
1028
1024
1028
1018
1020
1015
1021
1014
1023
1027
1028
1025
1025
1021
1018
1017
1024
1019
1016
1020
1021
1022
1022
1022
1023
1028
1029
1019
1019
1020
1021
1019
1018
1015
1021
1009
1018
1019
1015
1021
1020
1016
1012
1017
1018
1016
1012
1014
1017
1018
1022
1019
1023
1019
1023
1007
1015
1012
1015
1017
1020
1023
1006
1012
1015
1027
1017
1022
1015
1017
1019
1020
1014
1029
1019
1017
1020
1029
1021
1025
1014
1021
1017
1028
1022
1016
1020
1026
1021
1019
1027
1024
1030
1024
1020
1031
1030
1032
1024
1036
1020
1017
1030
1025
1019
1018
1020
1032
1026
1026
1024
1028
1028
1026
1030
1024
1036
1029
1033
1031
1030
1023
1028
1026
1024
1032
1028
1026
1025
1025
1029
1020
1026
1032
1033
1033
1023
1019
1017
1020
1018
1019
1016
1020
1022
1019
1019
1005
1019
1026
1025
1020
1031
1024
1021
1019
1026
1023
1024
1021
1019
1017
1010
1025
1011
1014
1013
1011
1023
1017
1009
1023
1030
1023
1019
1018
1021
1023
1025
1022
1023
1018
1018
1022
1025
1018
1026
1017
1019
1024
1017
1029
1020
1024
1016
1022
1025
1012
1023
1023
1019
1024
1013
1021
1015
1019
1021
1021
1020
1026
1024
1031
1023
1031
1033
1025
1020
1032
1026
1027
1023
1019
1027
1020
1023
1025
1022
1023
1026
1022
1029
1027
1031
1033
1026
1016
1031
1031
1027
1033
1027
1020
1027
1032
1026
1026
1021
1029
1025
1034
1034
1037
1031
1031
1032
1029
1033
1029
1031
1030
1033
1033
1017
1028
1033
1031
1031
1035
1036
1031
1035
1036
1024
1033
1033
1032
1032
1033
1032
1031
1032
1029
1036
1033
1030
1040
1042
1043
1042
1034
1034
1027
1031
1031
1031
1034
1030
1031
1020
1024
1027
1025
1018
1025
1032
1035
1028
1036
1036
1029
1033
1030
1031
1038
1038
1027
1040
1031
1035
1039
1030
1031
1029
1029
1030
1032
1033
1039
1030
1037
1032
1030
1030
1023
1022
1025
1026
1031
1035
1025
1037
1023
1028
1036
1031
1028
1039
1030
1027
1040
1040
1033
1037
1027
1031
1028
1036
1030
1036
1023
1024
1023
1019
1025
1035
1025
1021
1026
1030
1033
1037
1031
1031
1027
1033
1037
1030
1026
1025
1028
1028
1031
1031
1032
1039
1036
1027
1033
1025
1031
1034
1031
1025
1027
1025
1025
1035
1034
1036
1039
1031
1031
1031
1033
1034
1017
1030
1030
1029
1025
1032
1030
1021
1025
1030
1026
1033
1017
1023
1024
1025
1030
1023
1028
1028
1029
1025
1030
1019
1022
1030
1025
1027
1028
1025
1018
1015
1021
1028
1032
1021
1024
1027
1016
1028
1029
1013
1019
1035
1033
1033
1031
1042
1030
1028
1035
1024
1022
1032
1030
1031
1032
1027
1034
1032
1030
1028
1019
1028
1028
1013
1026
1022
1024
1020
1022
1017
1031
1035
1027
1042
1039
1038
1033
1029
1038
1033
1032
1036
1029
1035
1030
1021
1034
1039
1030
1027
1026
1027
1025
1028
1044
1028
1042
1036
1039
1039
1032
1029
1025
1027
1035
1041
1033
1036
1031
1027
1028
1030
1038
1018
1033
1033
1032
1030
1028
1032
1025
1030
1030
1035
1032
1037
1032
1025
1027
1021
1014
1021
1026
1032
1028
1030
1026
1025
1027
1021
1021
1033
1027
1027
1022
1023
1028
1022
1021
1024
1031
1024
1029
1024
1018
1021
1017
1022
1026
1028
1032
1026
1018
1018
1023
1018
1023
1026
1025
1016
1023
1019
1023
1027
1027
1027
1026
1027
1023
1020
1024
1028
1024
1021
1020
1027
1029
1029
1023
1031
1034
1023
1025
1024
1025
1023
1022
1027
1017
1016
1015
1022
1026
1032
1020
1017
1029
1028
1015
1029
1021
1025
1027
1031
1024
1024
1026
1029
1030
1028
1020
1015
1017
1028
1030
1032
1032
1036
1028
1032
1031
1015
1028
1029
1025
1027
1024
1016
1017
1012
1020
1018
1017
1026
1011
1015
1019
1021
1017
1019
1015
1027
1021
1016
1016
1022
1019
1031
1027
1022
1020
1016
1022
1020
1017
1018
1023
1021
1022
1021
1021
1015
1027
1023
1022
1024
1027
1032
1022
1021
1028
1026
1026
1018
1021
1024
1026
1029
1016
1031
1027
1021
1028
1034
1035
1027
1023
1022
1020
1022
1027
1025
1018
1017
1014
1018
1030
1016
1019
1027
1019
1022
1026
1018
1022
1016
1024
1028
1024
1027
1029
1026
1011
1016
1019
1025
1021
1019
1017
1019
1026
1007
1020
1026
1024
1018
1026
1007
1020
1019
1025
1023
1024
1026
1022
1022
1026
1027
1031
1017
1016
1020
1023
1017
1022
1021
1024
1017
1020
1018
1028
1020
1013
1018
1023
1018
1026
1027
1027
1029
1020
1028
1022
1030
1028
1027
1023
1023
1023
1026
1025
1017
1016
1017
1019
1022
1022
1018
1021
1021
1022
1025
1025
1021
1022
1025
1014
1026
1027
1028
1029
1023
1026
1021
1026
1022
1026
1023
1021
1024
1021
1016
1027
1022
1021
1019
1020
1011
1010
1015
1011
1010
1024
1026
1019
1014
1014
1019
1027
1026
1020
1014
1024
1023
1027
1032
1024
1035
1027
1029
1021
1022
1029
1027
1021
1030
1038
1038
1028
1028
1022
1038
1024
1035
1031
1032
1023
1032
1028
1032
1027
1035
1037
1029
1040
1028
1022
1029
1040
1027
1035
1038
1041
1036
1028
1035
1031
1033
1027
1033
1024
1033
1034
1029
1033
1032
1026
1027
1025
1018
1021
1032
1024
1023
1029
1033
1028
1029
1029
1024
1031
1037
1039
1033
1029
1031
1032
1032
1031
1038
1031
1036
1037
1037
1034
1036
1039
1045
1036
1040
1038
1038
1040
1042
1037
1038
1037
1033
1040
1025
1031
1030
1025
1035
1030
1038
1047
1035
1029
1035
1033
1038
1038
1037
1043
1041
1034
1037
1034
1032
1034
1042
1033
1033
1032
1029
1025
1028
1033
1030
1029
1036
1033
1046
1029
1035
1030
1020
1023
1024
1025
1028
1023
1020
1030
1033
1020
1026
1019
1028
1028
1034
1036
1028
1037
1035
1030
1038
1034
1039
1027
1026
1023
1023
1028
1028
1028
1024
1028
1023
1027
1029
1024
1027
1025
1027
1034
1038
1026
1030
1028
1031
1024
1028
1019
1031
1034
1033
1021
1030
1021
1028
1033
1035
1025
1028
1021
1035
1043
1026
1027
1032
1017
1029
1032
1029
1028
1024
1030
1036
1026
1023
1030
1032
1033
1026
1030
1035
1037
1034
1038
1031
1030
1029
1029
1030
1033
1028
1019
1022
1022
1032
1024
1029
1030
1024
1029
1029
1023
1032
1022
1026
1019
1032
1030
1028
1024
1019
1017
1025
1027
1018
1025
1028
1023
1027
1027
1024
1024
1031
1032
1030
1034
1039
1033
1034
1042
1039
1040
1044
1047
1051
1043
1032
1036
1041
1037
1033
1035
1039
1041
1033
1037
1040
1038
1040
1048
1049
1038
1046
1047
1040
1032
1026
1037
1031
1038
1028
1028
1028
1036
1036
1042
1040
1047
1038
1043
1039
1037
1033
1036
1038
1040
1038
1041
1043
1039
1052
1046
1041
1038
1047
1050
1044
1046
1051
1036
1036
1043
1035
1040
1041
1036
1048
1044
1045
1049
1037
1037
1045
1044
1041
1049
1036
1044
1039
1044
1044
1051
1051
1043
1052
1046
1047
1050
1054
1046
1051
1048
1045
1051
1060
1053
1047
1052
1048
1045
1046
1032
1044
1039
1046
1044
1044
1045
1048
1045
1047
1047
1048
1042
1036
1042
1043
1041
1041
1043
1040
1041
1035
1036
1032
1037
1032
1034
1034
1031
1038
1038
1043
1042
1025
1033
1039
1049
1050
1038
1043
1047
1043
1045
1042
1048
1045
1051
1041
1053
1038
1043
1045
1044
1045
1050
1050
1048
1047
1043
1050
1041
1041
1051
1048
1044
1045
1045
1039
1040
1039
1045
1048
1043
1040
1033
1046
1044
1050
1051
1052
1041
1050
1050
1046
1035
1040
1037
1046
1049
1045
1036
1042
1049
1042
1045
1041
1043
1045
1038
1052
1045
1049
1044
1041
1036
1046
1035
1031
1039
1034
1038
1039
1053
1039
1042
1043
1045
1039
1043
1034
1040
1046
1040
1036
1041
1044
1047
1033
1039
1048
1047
1044
1049
1043
1047
1046
1043
1041
1038
1044
1040
1046
1048
1047
1046
1051
1053
1059
1052
1044
1052
1051
1045
1045
1055
1047
1053
1040
1044
1044
1046
1046
1045
1051
1048
1038
1040
1045
1033
1044
1033
1034
1041
1038
1038
1041
1041
1034
1038
1027
1038
1036
1044
1037
1025
1036
1030
1038
1036
1040
1039
1038
1038
1037
1043
1043
1046
1050
1041
1035
1040
1042
1041
1034
1036
1042
1040
1044
1039
1045
1037
1040
1039
1044
1044
1038
1043
1047
1050
1038
1054
1045
1051
1047
1049
1046
1045
1054
1053
1048
1055
1049
1059
1053
1049
1058
1052
1057
1052
1056
1060
1045
1062
1056
1055
1056
1057
1053
1060
1045
1046
1048
1056
1059
1054
1054
1045
1055
1047
1050
1060
1050
1059
1047
1047
1047
1048
1051
1056
1052
1047
1049
1044
1046
1046
1054
1047
1047
1036
1046
1046
1042
1055
1044
1029
1047
1043
1051
1041
1054
1036
1053
1045
1054
1044
1039
1049
1054
1051
1051
1043
1051
1038
1044
1049
1045
1060
1048
1054
1049
1045
1040
1058
1050
1047
1050
1043
1054
1044
1054
1052
1044
1048
1045
1051
1046
1045
1050
1043
1047
1054
1055
1051
1059
1051
1047
1049
1056
1058
1049
1048
1054
1050
1053
1042
1057
1054
1057
1046
1053
1045
1052
1049
1049
1057
1053
1047
1054
1052
1053
1051
1049
1053
1055
1053
1049
1054
1055
1060
1048
1059
1047
1047
1063
1053
1057
1039
1054
1050
1052
1053
1053
1051
1064
1055
1061
1055
1053
1059
1062
1058
1053
1047
1048
1057
1065
1065
1055
1068
1056
1057
1054
1052
1056
1056
1060
1056
1051
1052
1057
1057
1056
1045
1046
1054
1056
1053
1055
1056
1047
1045
1052
1053
1049
1048
1040
1039
1046
1043
1037
1039
1043
1041
1035
1042
1043
1043
1037
1044
1041
1031
1045
1046
1049
1043
1042
1037
1045
1051
1040
1049
1046
1049
1049
1050
1038
1040
1032
1039
1048
1041
1043
1041
1042
1046
1040
1031
1037
1034
1038
1045
1047
1044
1040
1043
1037
1044
1040
1036
1048
1046
1045
1044
1034
1043
1042
1042
1042
1044
1028
1050
1047
1042
1050
1043
1045
1041
1049
1043
1035
1050
1046
1044
1051
1053
1052
1047
1048
1040
1039
1048
1049
1047
1047
1037
1044
1047
1045
1050
1037
1041
1048
1042
1035
1033
1035
1039
1037
1035
1038
1042
1029
1031
1036
1039
1036
1036
1039
1043
1044
1036
1041
1040
1041
1034
1039
1030
1039
1039
1039
1037
1045
1042
1038
1040
1043
1037
1040
1034
1038
1040
1035
1042
1038
1048
1049
1045
1041
1039
1036
1033
1033
1034
1039
1035
1040
1038
1031
1038
1034
1035
1038
1037
1035
1045
1040
1045
1041
1045
1046
1053
1045
1044
1051
1038
1037
1050
1053
1045
1044
1045
1049
1048
1036
1047
1036
1038
1040
1040
1038
1041
1046
1051
1045
1046
1052
1030
1051
1046
1047
1038
1039
1037
1038
1041
1044
1040
1041
1045
1047
1048
1047
1040
1039
1043
1034
1034
1044
1030
1042
1038
1044
1049
1052
1045
1057
1054
1049
1045
1050
1047
1052
1053
1054
1044
1045
1051
1056
1042
1049
1051
1048
1041
1046
1050
1046
1045
1042
1053
1050
1050
1053
1055
1056
1050
1048
1058
1064
1048
1056
1052
1046
1058
1045
1057
1043
1046
1042
1049
1038
1052
1043
1050
1046
1052
1043
1051
1045
1045
1044
1042
1046
1048
1040
1042
1047
1049
1048
1051
1054
1048
1051
1046
1050
1048
1048
1051
1062
1053
1055
1056
1052
1050
1050
1047
1055
1053
1055
1053
1065
1057
1058
1058
1049
1044
1046
1051
1053
1047
1057
1047
1056
1058
1049
1043
1048
1043
1047
1051
1050
1048
1055
1055
1045
1053
1052
1050
1041
1046
1049
1051
1054
1055
1054
1056
1056
1052
1055
1058
1056
1053
1053
1043
1053
1050
1051
1047
1048
1045
1044
1046
1050
1050
1050
1048
1050
1048
1043
1042
1043
1053
1054
1051
1052
1053
1054
1047
1044
1045
1054
1038
1041
1047
1049
1048
1044
1053
1050
1047
1049
1050
1042
1047
1044
1051
1047
1051
1040
1052
1058
1053
1056
1054
1039
1041
1046
1051
1039
1046
1043
1046
1048
1052
1042
1048
1039
1043
1047
1045
1043
1043
1044
1055
1044
1047
1046
1038
1045
1039
1044
1044
1044
1047
1047
1051
1053
1045
1044
1042
1050
1046
1049
1050
1056
1046
1049
1047
1043
1042
1043
1044
1044
1038
1035
1042
1043
1042
1042
1038
1044
1048
1045
1043
1044
1049
1045
1041
1043
1039
1046
1045
1034
1032
1046
1036
1034
1047
1047
1040
1043
1039
1039
1033
1036
1044
1040
1039
1046
1046
1043
1041
1044
1037
1047
1049
1048
1044
1035
1041
1039
1042
1046
1048
1039
1036
1035
1037
1037
1040
1043
1048
1047
1052
1039
1040
1057
1052
1040
1049
1051
1045
1051
1050
1048
1044
1047
1049
1053
1046
1056
1052
1044
1056
1047
1053
1048
1049
1055
1048
1055
1048
1048
1050
1042
1045
1048
1054
1041
1045
1040
1046
1042
1039
1049
1039
1045
1040
1047
1044
1046
1042
1041
1044
1037
1037
1040
1048
1051
1046
1045
1050
1051
1051
1044
1041
1044
1048
1038
1040
1032
1039
1048
1041
1043
1041
1042
1046
1040
1031
1037
1034
1038
1045
1047
1044
1040
1043
1037
1044
1040
1036
1048
1046
1045
1044
1034
1043
1042
1042
1042
1044
1028
1050
1047
1042
1050
1043
1045
1041
1049
1043
1035
1050
1046
1044
1051
1053
1052
1047
1048
1040
1039
1048
1049
1047
1047
1037
1044
1047
1045
1050
1037
1041
1048
1042
1035
1033
1035
1039
1037
1035
1038
1042
1029
1031
1036
1039
1036
1036
1039
1043
1044
1036
1041
1040
1041
1034
1039
1030
1039
1039
1039
1037
1045
1042
1038
1040
1043
1037
1040
1034
1038
1040
1035
1042
1038
1048
1049
1045
1041
1039
1036
1033
1033
1034
1039
1035
1040
1038
1031
1038
1034
1035
1038
1037
1035
1045
1040
1045
1041
1045
1046
1053
1045
1044
1051
1038
1037
1050
1053
1045
1044
1045
1049
1048
1036
1047
1036
1038
1040
1040
1038
1041
1046
1051
1045
1046
1052
1030
1051
1046
1047
1038
1039
1037
1038
1041
1044
1040
1041
1045
1047
1048
1047
1040
1039
1043
1034
1034
1044
1030
1042
1038
1044
1049
1052
1045
1057
1054
1049
1045
1050
1047
1052
1053
1054
1044
1045
1051
1056
1042
1049
1051
1048
1041
1046
1050
1046
1045
1042
1053
1050
1050
1053
1055
1056
1050
1048
1058
1064
1048
1056
1052
1046
1058
1045
1057
1043
1046
1042
1049
1038
1052
1043
1050
1046
1052
1043
1051
1045
1045
1044
1042
1046
1048
1040
1042
1047
1049
1048
1051
1054
1048
1051
1046
1050
1048
1048
1051
1062
1053
1055
1056
1052
1050
1050
1047
1055
1053
1055
1053
1065
1057
1058
1058
1049
1044
1046
1051
1053
1047
1057
1047
1056
1058
1049
1043
1048
1043
1047
1051
1050
1048
1055
1055
1045
1053
1052
1050
1041
1046
1049
1051
1054
1055
1054
1056
1056
1052
1055
1058
1056
1053
1053
1043
1053
1050
1051
1047
1048
1045
1044
1046
1050
1050
1050
1048
1050
1048
1043
1042
1043
1053
1054
1051
1052
1053
1054
1047
1044
1045
1054
1038
1041
1047
1049
1048
1044
1053
1050
1047
1049
1050
1042
1047
1044
1051
1047
1051
1040
1052
1058
1053
1056
1054
1039
1041
1046
1051
1039
1046
1043
1046
1048
1052
1042
1048
1039
1043
1047
1045
1043
1043
1044
1055
1044
1047
1046
1038
1045
1039
1044
1044
1044
1047
1047
1051
1053
1045
1044
1042
1050
1046
1049
1050
1056
1046
1049
1047
1043
1042
1043
1044
1044
1038
1035
1042
1043
1042
1042
1038
1044
1048
1045
1043
1044
1049
1045
1041
1043
1039
1046
1045
1034
1032
1046
1036
1034
1047
1047
1040
1043
1039
1039
1033
1036
1044
1040
1039
1046
1046
1043
1041
1044
1037
1047
1049
1048
1044
1035
1041
1039
1042
1046
1048
1039
1036
1035
1037
1037
1040
1043
1048
1047
1052
1039
1040
1057
1052
1040
1049
1051
1045
1051
1050
1048
1044
1047
1049
1053
1046
1056
1052
1044
1056
1047
1053
1048
1049
1055
1048
1055
1048
1048
1050
1042
1045
1048
1054
1041
1045
1040
1046
1042
1039
1049
1039
1045
1040
1047
1044
1046
1042
1041
1044
1037
1037
1040
1048
1051
1046
1045
1050
1051
1051
1044
1041
1044
1048
1041
1039
1034
1040
1036
1041
1035
1047
1041
1051
1045
1040
1044
1042
1041
1039
1041
1038
1049
1041
1048
1041
1054
1039
1050
1052
1048
1050
1049
1055
1032
1037
1044
1045
1040
1046
1039
1049
1050
1046
1044
1044
1042
1047
1043
1048
1037
1047
1048
1049
1046
1040
1042
1041
1038
1045
1051
1038
1041
1042
1039
1050
1040
1038
1026
1045
1046
1039
1038
1047
1044
1041
1042
1054
1051
1055
1039
1050
1049
1045
1054
1057
1048
1058
1041
1039
1046
1051
1054
1048
1046
1051
1047
1052
1051
1043
1042
1049
1053
1039
