948
941
949
951
954
948
943
942
952
954
946
957
953
952
959
957
954
963
945
952
950
958
962
960
963
956
958
962
951
962
956
961
962
967
959
956
956
960
959
962
962
966
964
959
959
960
964
955
958
955
958
962
960
966
964
967
967
972
976
969
972
970
977
971
972
980
976
958
963
977
967
975
974
968
966
967
971
962
969
972
973
967
974
964
974
976
973
981
971
966
970
972
979
967
969
955
970
968
976
964
964
960
959
957
958
959
958
958
960
959
963
958
963
962
966
966
962
965
961
955
953
950
954
968
963
964
970
967
966
960
971
967
970
965
969
968
974
970
975
975
974
978
976
973
976
975
980
967
976
961
971
969
964
972
975
970
975
965
970
979
977
983
971
985
980
985
985
979
974
970
971
978
974
972
970
972
977
969
969
974
981
976
976
979
979
977
976
989
979
984
979
989
984
978
984
985
988
979
976
975
976
972
978
988
984
975
982
979
977
983
981
980
983
976
982
978
977
977
976
982
976
983
968
974
976
979
979
982
992
991
975
981
983
985
992
990
987
975
977
974
984
982
972
970
973
978
975
974
983
977
981
977
980
985
987
977
974
978
982
984
982
981
975
980
979
981
981
978
985
979
975
986
984
987
989
984
981
978
978
984
979
980
979
987
980
984
982
981
978
983
972
978
974
969
971
961
977
976
969
976
976
987
973
985
975
983
980
978
985
989
981
996
982
980
987
982
985
983
983
984
984
988
992
992
996
982
995
986
994
992
988
982
973
975
988
990
981
977
986
993
986
983
989
986
984
978
978
976
981
969
972
975
964
970
972
972
979
984
982
978
985
980
983
983
976
984
985
973
978
988
981
990
983
988
986
990
984
998
988
988
990
982
979
983
985
982
984
991
985
982
985
984
985
981
986
994
986
981
986
972
981
980
983
983
980
981
975
975
982
983
985
985
982
982
984
982
988
986
989
990
985
986
990
978
984
985
986
988
996
992
991
998
999
993
984
986
994
991
991
985
990
990
997
991
986
987
986
981
989
987
992
987
997
999
994
998
989
991
986
989
990
991
978
990
990
982
996
984
983
987
984
986
983
993
979
985
980
982
989
987
988
988
985
980
998
988
986
991
986
987
989
994
988
994
1002
999
989
993
992
982
988
989
986
1003
1000
989
991
999
988
985
996
995
989
994
989
1001
993
991
993
999
993
993
994
995
999
996
991
992
993
989
990
996
998
995
995
1002
992
999
1003
997
997
995
1001
1000
1007
1005
992
1004
989
1000
994
992
1000
998
1003
992
998
997
1001
995
999
998
991
998
990
998
999
999
1000
997
993
990
991
998
991
990
993
1002
992
998
995
991
990
994
996
999
986
999
997
999
1006
1002
1001
993
1001
999
1001
996
996
997
990
990
994
994
1004
992
996
992
995
997
998
1005
998
997
1000
1008
1003
1005
1012
1003
997
1012
1008
1001
1000
1014
1004
997
1001
991
996
994
1005
995
989
992
999
998
995
993
999
996
996
993
993
996
1002
1002
998
994
993
997
997
995
1002
1002
995
1008
996
999
994
997
995
989
1003
1001
1000
1002
999
990
992
998
1000
997
1000
1001
1003
998
996
991
986
994
990
995
986
990
988
985
990
987
987
990
990
992
987
989
990
993
994
993
998
996
992
992
993
991
990
996
997
994
1004
991
1001
1000
998
995
995
997
997
999
999
989
991
999
1004
1005
1006
993
1000
994
997
995
999
991
998
997
993
994
992
999
987
990
990
985
1000
999
997
1002
997
1000
1000
998
993
998
990
1001
998
995
1004
1010
995
993
1011
1002
996
998
1001
1000
1001
1001
1001
994
1002
988
992
997
996
1004
997
996
992
989
990
1003
996
989
999
995
1001
994
998
994
1000
995
1006
995
997
993
1002
998
1010
995
1009
997
1003
1007
1010
1007
1005
1006
1009
1014
1006
1015
1017
1008
996
998
1003
1007
1005
998
1002
1000
1002
992
991
998
991
987
991
984
993
990
993
989
991
994
984
978
987
993
987
990
995
993
1003
994
1000
990
999
993
1006
993
986
1000
994
995
999
1004
996
998
989
987
993
993
989
997
1000
993
982
992
989
999
997
987
990
1004
997
993
1001
997
991
1003
1006
1000
994
1000
1003
984
993
1002
992
993
995
990
990
998
1000
997
1000
993
1000
996
1002
997
1001
998
1000
1007
1006
1004
991
1001
996
1003
1001
1004
993
1005
1004
1000
999
1006
1005
998
996
998
1006
1005
1005
1003
1007
1004
1000
998
997
1007
997
1000
1005
989
995
1008
998
1003
993
996
996
987
986
999
996
994
988
988
996
999
999
1004
1002
1001
1000
1003
1000
1011
1004
1002
1003
996
1007
1002
1009
1009
1007
999
997
1001
1003
1005
1012
1002
1003
1007
1005
1002
999
998
1008
1000
992
1002
1002
990
995
1004
1005
1004
997
997
998
999
1001
1000
1006
999
995
993
1002
1002
996
1004
989
1000
1010
1005
1003
1002
998
1009
998
1002
1007
1011
1019
1019
1006
1004
1009
1015
1015
1013
1000
1000
1002
1006
1008
1001
994
994
994
1000
998
998
994
993
997
998
995
996
998
988
996
998
993
995
995
1002
1003
1010
994
1002
1003
1004
1000
1003
995
1000
993
989
991
993
981
990
990
991
993
1009
1000
986
996
1001
991
997
997
998
998
1002
1001
998
997
1006
996
1006
1004
1005
999
1006
1003
999
1003
1001
1000
1002
1000
1007
1003
1005
1004
1012
1005
1010
1001
1010
1002
999
1004
991
1006
999
1002
996
1006
996
994
996
998
994
996
1001
996
991
995
991
987
990
987
997
1002
987
999
994
1000
989
999
1002
996
1003
997
1002
1002
1003
1003
1000
1000
1000
1001
1008
1003
999
1012
1010
1006
1014
1010
1003
1008
1015
1000
1014
1020
1012
1013
1011
1006
1018
1016
1013
1010
1017
1011
1015
1014
1005
1009
1008
1014
1021
1015
1014
1012
1006
1008
1007
1004
998
1002
1010
1002
1008
1013
1005
1002
1001
998
1008
1000
999
1000
994
1003
1002
992
998
1004
1002
1003
1007
1008
1000
996
1000
1004
998
1006
1008
995
999
997
994
1004
997
995
1000
998
1001
998
1005
1000
999
1001
998
1000
995
997
1000
989
993
1003
1008
1005
1004
1008
1013
1006
1010
1011
1008
1011
1011
1019
1007
1006
1017
1017
1006
1008
1002
1000
1010
1017
1008
1013
1011
1007
1006
1009
1011
1012
1017
1007
1013
1008
1005
1010
1010
1016
1011
1005
1008
1004
1006
998
1009
999
1010
1007
1005
1023
1010
1007
1007
1013
1015
1018
1008
1009
1008
1001
995
1007
1009
1003
1011
999
1012
1002
1005
1003
1003
994
1002
999
1003
1010
1001
1010
1011
1007
1009
1002
1002
1002
1001
1000
994
1003
993
999
999
990
993
991
994
996
992
1002
992
995
995
1000
994
1001
997
1009
1001
1001
1000
1002
1010
999
1005
1010
997
1014
1012
1001
1017
1008
1011
1004
1008
1002
1009
1005
1004
1014
1005
1009
1008
1013
1018
1013
1012
1016
1016
1015
1015
1005
1011
1009
1013
1012
1008
1007
1012
999
1000
993
1002
1003
1009
1005
1010
1006
1005
1003
1012
1005
1004
1009
1005
1011
1010
1009
998
1006
1015
1011
1010
1008
1010
1004
1007
1010
1006
1007
1003
1004
1011
1004
1009
1005
1002
1008
994
996
996
997
995
993
999
992
995
991
995
993
1007
1001
1003
998
1005
1006
1013
1007
1006
994
1001
1004
999
1001
996
1002
1005
1007
1006
1014
998
1009
1003
1007
1013
1013
1001
1015
1006
1005
1007
1002
1006
1010
1015
1010
1005
1006
1005
1001
998
992
1005
992
1003
992
1001
1004
1002
1007
997
1002
1008
1009
1007
1018
1011
1007
1000
1014
1001
998
1010
1006
1009
1002
1005
999
1003
1000
1003
1005
1005
997
1008
1010
1009
1011
1009
1000
1002
994
1001
992
996
996
1004
999
1003
1001
1005
1002
998
1005
997
1005
991
1006
1005
1010
1002
993
1007
1009
1001
1014
1006
1011
1012
1012
1007
1001
1003
1004
1005
1009
1000
1002
1009
1010
1002
1001
1001
1004
1000
995
994
997
1003
1000
994
1009
1001
1001
997
999
1014
1009
1006
1007
1000
995
1000
1000
1001
1007
1001
1005
995
1012
1006
1004
1005
1014
996
992
998
999
997
1004
993
990
990
993
1013
1001
1003
1001
996
1008
1000
1009
1002
1014
1004
1008
995
1007
1003
1001
1006
1000
1009
1000
999
997
1001
1008
1003
1002
1005
1002
996
1001
992
996
1003
1001
998
1005
997
995
999
998
997
996
1002
1002
1000
996
996
1002
1002
1006
1000
1014
1004
1002
1006
998
997
1002
999
1003
1007
1010
1007
1004
1003
1006
1015
1002
999
1005
1002
1005
997
1005
1003
1006
1006
1009
1004
998
1004
996
995
992
1002
1002
992
1003
1000
998
993
997
991
996
999
988
992
998
1002
997
997
1002
1004
1002
1001
1005
1003
1006
999
1001
1013
1010
1008
1001
1004
1009
997
1002
997
1008
1005
1002
1000
1008
1006
1016
1008
989
1003
1003
995
1000
1002
998
998
997
1012
1009
1010
1007
1005
1010
1014
1014
1010
1011
1014
1013
1006
1009
1016
1015
1007
1012
1014
1011
1017
1020
1014
1015
1020
1024
1017
1022
1021
1020
1021
1020
1017
1011
1012
1008
1013
1015
1018
1026
1012
1017
1023
1016
1018
1010
1013
1013
1007
1010
1015
1015
1011
1016
1013
1007
1013
1015
1011
1017
1011
1017
1021
1018
1018
1014
1018
1021
1017
1019
1014
1016
1028
1027
1024
1016
1018
1024
1023
1021
1019
1025
1020
1012
1017
1007
1018
1012
1011
1008
1019
1016
1005
1010
1005
1008
998
1014
1009
1011
1007
1008
1009
1011
1013
1010
1018
1007
1017
1012
1007
1008
1006
1004
1014
1009
1007
1010
1016
1009
1012
1011
1021
1018
1015
1010
1015
1011
1010
1009
1008
1012
1011
1014
1003
1008
1010
1008
1004
1017
1005
1005
1005
1008
1014
1007
1018
1020
1015
1016
1021
1010
1010
1017
1017
1010
1012
1011
1012
1009
1017
1021
1021
1015
1018
1012
1018
1018
1024
1023
1017
1024
1023
1013
1011
1020
1011
1010
1013
1014
1021
1015
1010
1012
1022
1014
1022
1020
1019
1024
1020
1025
1015
1017
1014
1014
1012
1016
1017
1013
1022
1022
1013
1013
1020
1015
1013
1018
1021
1012
1018
1016
1006
1003
1005
1014
1014
1008
1016
1009
1003
1010
1012
1008
1016
1009
1017
1009
1008
1013
1022
1010
1009
1012
1009
1015
1016
1017
1001
1012
1012
1006
1006
1008
1003
1002
1001
1012
1018
1011
1015
1009
996
1012
1007
1006
999
999
1005
1001
1012
1001
1005
1007
1003
1020
1016
1007
1005
1010
1014
1007
1009
1020
1010
1004
1012
1009
1000
1008
1010
1012
1008
1019
1015
1009
999
1008
1012
1005
999
1008
1014
1006
1006
1001
993
1007
1001
1010
1004
1010
1011
1015
1020
1006
1008
1011
1018
1020
1017
1021
1011
1013
1019
1012
1014
1013
1016
1013
1013
1011
1016
1022
1013
1018
1017
1008
1015
1017
1008
1020
1011
1016
1016
1022
1007
1018
1011
1017
1018
1015
1013
1018
1022
1012
1015
1017
1015
1014
1013
1017
1008
1010
1007
1016
1026
1007
1015
1018
1027
1022
1025
1023
1017
1020
1031
1026
1026
1020
1027
1011
1025
1020
1019
1023
1024
1018
1018
1017
1023
1025
1023
1020
1025
1026
1015
1027
1024
1018
1019
1017
1029
1021
1024
1028
1026
1028
1021
1029
1023
1012
1021
1027
1027
1024
1015
1023
1019
1019
1014
1008
1014
1025
1016
1024
1021
1021
1011
1011
1015
1024
1019
1025
1020
1019
1017
1017
1024
1025
1027
1024
1011
1018
1016
1024
1022
1021
1021
1015
1022
1019
1021
1023
1016
1015
1014
1019
1024
1025
1034
1031
1034
1028
1025
1020
1024
1030
1027
1020
1018
1019
1017
1019
1016
1028
1024
1027
1025
1029
1024
1027
1030
1026
1019
1031
1027
1023
1030
1026
1029
1031
1030
1034
1032
1019
1027
1035
1033
1038
1037
1034
1037
1029
1032
1028
1027
1031
1033
1027
1020
1031
1039
1033
1029
1037
1038
1030
1037
1028
1036
1025
1033
1030
1035
1027
1028
1032
1031
1038
1028
1022
1033
1029
1033
1035
1034
1035
1039
1031
1035
1040
1044
1028
1035
1031
1030
1031
1031
1026
1024
1031
1034
1037
1024
1035
1031
1032
1027
1031
1033
1042
1040
1037
1035
1041
1027
1031
1031
1024
1025
1018
1023
1023
1021
1021
1030
1021
1028
1025
1029
1023
1024
1027
1025
1032
1029
1027
1022
1023
1028
1025
1036
1027
1030
1036
1026
1037
1029
1035
1033
1035
1037
1036
1033
1028
1029
1040
1025
1031
1022
1033
1034
1033
1032
1028
1029
1034
1036
1034
1026
1038
1034
1023
1032
1032
1037
1029
1022
1030
1026
1020
1023
1021
1023
1018
1022
1023
1027
1029
1023
1021
1031
1024
1023
1031
1024
1024
1026
1025
1029
1033
1028
1028
1025
1028
1028
1029
1031
1030
1028
1029
1023
1019
1025
1031
1024
1032
1028
1027
1025
1028
1023
1029
1026
1024
1025
1022
1021
1024
1025
1024
1021
1018
1025
1018
1027
1029
1028
1033
1028
1028
1028
1029
1028
1024
1017
1025
1017
1018
1024
1031
1033
1035
1036
1037
1035
1030
1027
1032
1035
1032
1036
1033
1032
1027
1025
1035
1023
1035
1029
1031
1036
1038
1029
1026
1027
1039
1029
1032
1024
1028
1035
1022
1031
1038
1041
1041
1037
1037
1043
1030
1036
1033
1029
1029
1028
1031
1027
1033
1033
1029
1027
1026
1037
1035
1025
1031
1030
1032
1036
1029
1029
1034
1035
1032
1036
1035
1029
1036
1033
1037
1034
1032
1024
1035
1033
1025
1030
1021
1032
1034
1035
1034
1032
1028
1031
1023
1025
1017
1025
1028
1026
1033
1032
1020
1032
1035
1025
1029
1040
1035
1032
1031
1038
1037
1028
1036
1022
1032
1033
1039
1035
1036
1039
1034
1032
1032
1027
1027
1034
1027
1024
1026
1029
1029
1023
1038
1036
1031
1033
1044
1028
1036
1028
1022
1029
1029
1022
1018
1031
1029
1029
1027
1027
1034
1031
1031
1026
1021
1027
1030
1022
1030
1029
1028
1028
1025
1018
1028
1029
1032
1031
1022
1033
1028
1025
1030
1029
1034
1038
1023
1022
1030
1034
1031
1023
1029
1028
1029
1024
1040
1036
1026
1039
1035
1036
1033
1030
1035
1028
1029
1033
1031
1037
1027
1036
1027
1030
1028
1024
1031
1031
1021
1021
1030
1031
1029
1027
1036
1033
1035
1031
1037
1029
1030
1039
1036
1035
1032
1035
1022
1032
1028
1028
1038
1030
1033
1023
1024
1034
1027
1031
1033
1037
1030
1043
1047
1032
1039
1043
1033
1038
1029
1031
1026
1024
1027
1032
1018
1029
1030
1029
1020
1026
1020
1030
1024
1030
1014
1038
1023
1023
1038
1020
1027
1030
1024
1018
1019
1027
1032
1025
1017
1018
1021
1021
1032
1024
1032
1027
1024
1026
1021
1034
1035
1035
1028
1029
1028
1037
1037
1026
1024
1025
1026
1033
1036
1023
1024
1027
1033
1039
1029
1041
1023
1026
1026
1031
1020
1035
1032
1033
1029
1027
1040
1032
1027
1032
1031
1028
1041
1041
1027
1041
1038
1044
1039
1036
1035
1040
1038
1039
1040
1036
1036
1034
1044
1044
1040
1041
1051
1042
1044
1035
1054
1047
1047
1045
1049
1045
1039
1050
1044
1044
1048
1044
1045
1052
1036
1034
1033
1034
1037
1032
1031
1032
1024
1026
1033
1031
1024
1023
1022
1022
1031
1025
1026
1025
1027
1032
1025
1038
1024
1036
1034
1027
1027
1029
1032
1030
1030
1024
1020
1030
1029
1026
1028
1027
1024
1027
1027
1029
1018
1026
1034
1035
1032
1030
1029
1033
1032
1030
1031
1025
1030
1032
1033
1025
1032
1025
1032
1028
1026
1035
1035
1024
1031
1032
1036
1033
1028
1030
1033
1027
1027
1024
1026
1036
1029
1035
1023
1025
1028
1026
1020
1031
1027
1028
1032
1038
1031
1024
1036
1036
1034
1026
1021
1034
1040
1034
1036
1037
1035
1039
1036
1035
1035
1034
1033
1037
1033
1031
1037
1033
1032
1019
1029
1030
1024
1034
1035
1033
1024
1032
1037
1038
1030
1042
1033
1029
1032
1036
1036
1040
1032
1035
1036
1032
1043
1040
1036
1029
1024
1037
1029
1035
1031
1032
1034
1045
1033
1028
1031
1035
1032
1032
1037
1036
1043
1034
1033
1028
1020
1024
1032
1031
1033
1033
1028
1026
1032
1029
1031
1032
1022
1033
1033
1037
1032
1033
1022
1027
1035
1024
1025
1024
1032
1037
1029
1033
1031
1033
1036
1037
1047
1046
1038
1038
1041
1041
1032
1037
1034
1039
1038
1032
1041
1037
1028
1036
1034
1036
1035
1035
1030
1028
1027
1028
1038
1025
1031
1035
1023
1027
1025
1027
1030
1024
1026
1026
1028
1034
1033
1032
1036
1029
1028
1037
1024
1031
1028
1027
1030
1023
1031
1038
1030
1027
1031
1026
1023
1033
1035
1039
1048
1039
1035
1037
1036
1036
1039
1031
1028
1024
1030
1034
1037
1027
1038
1033
1034
1038
1024
1035
1036
1027
1024
1028
1031
1042
1034
1035
1031
1028
1036
1029
1029
1027
1041
1032
1033
1031
1036
1038
1031
1032
1035
1038
1027
1039
1032
1034
1028
1034
1021
1030
1020
1032
1030
1024
1034
1025
1026
1040
1031
1043
1031
1034
1031
1030
1033
1024
1028
1025
1043
1038
1033
1030
1027
1028
1030
1024
1028
1027
1029
1023
1022
1034
1025
1024
1017
1028
1022
1017
1022
1021
1034
1021
1026
1022
1025
1035
1028
1027
1026
1028
1035
1024
1033
1031
1029
1027
1033
1031
1040
1044
1033
1040
1029
1033
1040
1039
1040
1038
1039
1025
1032
1041
1039
1037
1043
1044
1040
1035
1037
1040
1037
1038
1032
1030
1030
1035
1030
1031
1032
1030
1022
1026
1020
1031
1023
1025
1019
1029
1020
1025
1030
1031
1022
1021
1025
1020
1025
1027
1021
1023
1022
1015
1027
1021
1015
1023
1031
1036
1027
1032
1026
1030
1030
1031
1027
1032
1032
1025
1029
1033
1027
1026
1022
1020
1025
1027
1029
1033
1021
1020
1016
1011
1021
1019
1023
1033
1020
1025
1024
1028
1021
1030
1029
1021
1025
1030
1027
1026
1036
1034
1038
1029
1044
1041
1031
1038
1038
1036
1031
1033
1031
1028
1027
1039
1038
1036
1031
1031
1032
1029
1042
1035
1038
1036
1040
1038
1048
1047
1046
1049
1047
1036
1041
1045
1042
1042
1030
1044
1038
1038
1052
1035
1040
1040
1035
1035
1047
1048
1043
1048
1031
1039
1042
1049
1049
1048
1042
1040
1040
1040
1047
1043
1040
1042
1035
1039
1042
1041
1036
1050
1049
1036
1031
1036
1036
1039
1040
1036
1024
1031
1037
1040
1039
1032
1035
1036
1033
1040
1036
1034
1036
1031
1036
1039
1042
1040
1030
1036
1039
1036
1030
1036
1034
1035
1033
1027
1035
1033
1025
1033
1027
1034
1038
1039
1043
1044
1038
1034
1038
1042
