953
957
944
945
942
941
954
945
938
945
948
952
955
946
952
955
954
957
955
956
959
942
944
954
947
942
951
945
946
941
940
948
944
946
946
943
945
939
943
939
944
945
957
954
952
950
952
947
958
950
953
961
960
952
958
949
961
958
960
953
948
953
951
949
958
942
955
946
953
952
952
953
949
959
953
954
958
960
955
954
957
954
954
953
955
951
959
957
948
958
963
963
951
956
953
955
950
948
956
957
955
951
951
952
949
953
945
950
956
947
950
955
952
950
952
955
952
951
954
951
953
948
946
947
952
966
961
962
963
951
957
959
956
941
953
955
956
964
958
951
950
952
954
953
953
956
958
959
959
961
953
965
961
964
959
960
959
962
962
964
960
958
968
968
961
961
957
958
964
958
961
964
961
960
959
955
954
957
952
952
957
958
958
962
954
958
958
959
967
953
948
957
961
961
961
960
964
964
961
962
960
962
961
956
960
954
953
954
961
962
969
965
964
959
977
968
963
960
965
965
963
964
962
964
955
956
953
962
958
963
961
958
958
963
960
965
960
959
970
967
972
968
964
965
965
962
962
967
967
972
973
977
962
970
972
966
966
968
962
966
959
967
965
961
970
963
956
970
958
959
958
961
956
963
957
965
957
955
961
957
966
959
961
960
968
954
964
957
962
956
969
963
966
960
962
961
960
961
962
963
956
966
966
965
959
966
952
960
955
964
961
952
961
962
963
961
964
968
961
963
965
972
971
969
973
971
969
971
979
971
971
960
967
969
978
975
974
972
972
966
964
968
970
971
963
961
960
965
964
959
965
968
966
968
955
964
960
969
966
958
971
967
971
973
978
977
974
979
968
972
967
957
970
970
966
971
969
971
963
965
960
971
973
973
960
957
964
970
969
975
958
966
963
969
972
964
963
960
964
962
971
967
970
967
959
971
972
968
970
970
970
969
971
975
975
969
974
966
976
971
979
964
963
969
975
971
965
967
965
968
965
958
966
960
968
966
961
969
964
974
970
967
969
956
965
960
967
967
969
967
968
976
973
973
977
978
967
970
976
975
979
970
965
976
977
971
966
976
970
972
971
973
975
975
974
975
970
976
981
979
980
978
974
974
969
973
968
977
979
983
976
977
976
975
974
980
973
972
966
970
975
980
983
982
974
972
979
973
976
975
974
986
982
986
978
985
978
979
979
983
977
975
978
977
972
973
972
973
968
973
966
971
969
967
980
973
974
981
970
968
971
968
972
968
971
967
970
965
968
972
972
968
963
970
970
971
975
972
974
979
976
972
970
967
972
978
972
973
979
981
980
977
979
980
981
982
978
974
986
970
980
979
980
980
985
977
971
974
973
975
974
981
988
982
983
982
992
985
975
982
987
979
989
979
974
982
984
980
976
984
977
980
979
979
984
986
982
981
975
973
984
979
984
978
971
978
978
981
985
986
976
981
966
974
979
976
980
974
980
985
976
979
983
982
981
981
987
974
966
976
973
974
974
969
962
975
986
986
982
981
975
980
978
977
983
983
979
978
977
974
974
981
981
967
979
976
991
981
976
975
981
976
971
979
977
987
984
984
976
976
976
982
983
984
980
976
974
977
981
975
977
978
983
977
973
981
989
983
989
982
989
978
987
977
974
984
988
987
980
972
986
978
966
977
979
979
983
980
983
967
978
987
984
977
980
984
988
978
975
985
977
970
971
969
974
967
982
972
977
976
970
978
983
972
980
977
988
978
985
977
977
976
977
982
983
981
977
975
978
984
978
981
981
988
980
975
973
979
975
980
971
974
979
986
984
985
996
988
980
981
974
980
986
987
989
977
972
982
982
976
979
982
979
980
982
985
983
983
974
986
983
978
984
980
980
979
971
986
983
979
981
979
969
973
977
980
983
978
982
981
974
982
992
981
992
992
986
988
988
983
990
988
986
979
989
982
988
984
988
985
982
988
982
987
982
975
979
979
985
979
982
980
987
979
982
977
981
983
985
988
983
986
979
979
982
979
988
981
981
984
982
981
981
986
988
980
994
990
998
1003
1000
1001
989
996
1001
991
988
990
997
997
996
993
999
997
993
993
1000
996
1005
996
998
989
992
985
990
988
991
989
991
992
997
1000
992
994
996
997
997
980
993
995
993
984
988
993
987
992
994
990
992
995
997
998
997
986
985
987
989
988
977
982
981
986
985
985
986
983
987
980
986
978
980
986
989
986
983
989
989
990
989
994
996
990
993
987
992
986
979
985
985
984
970
985
989
979
986
984
981
989
984
988
988
986
983
985
988
988
990
997
982
981
990
990
978
981
981
982
985
979
987
981
990
987
989
989
971
991
985
982
992
987
988
993
994
993
988
990
986
982
990
988
992
986
991
989
993
990
995
991
987
980
993
993
991
986
994
994
988
991
988
983
985
983
990
988
990
991
990
992
987
988
987
996
984
988
996
985
991
985
997
1007
998
1003
1010
993
1003
1001
1004
1003
1012
1006
1011
1008
1000
1006
1008
1008
1003
1012
1003
1009
1011
1013
1009
1012
1014
1014
1020
1011
1010
1008
1027
1025
1006
1004
1007
1004
1001
1012
998
1005
1013
1011
1009
1012
1013
1009
1007
1010
1010
1012
1022
1007
1015
1017
1018
1011
1017
1012
1015
1020
1019
1017
1021
1014
1011
1012
1012
1013
1016
1018
1021
1011
1013
1010
1008
1009
1009
1018
1007
1011
1009
1005
1008
1005
1007
1007
998
1008
1014
1007
1009
1004
1008
1011
1013
1014
1009
1003
1011
1010
1007
1011
1012
1019
1006
1008
1007
1008
1010
1012
1025
1008
1019
1026
1017
1016
1017
1014
1015
1002
1012
1013
1017
1014
1008
1005
1011
1010
1009
1009
1011
1010
1009
1010
1012
1007
1015
1011
1014
1007
1017
1009
1012
1010
1003
1017
1014
1012
1005
1015
1012
1008
1018
1009
1004
1003
1007
1005
998
1007
1010
1011
1017
1002
1007
1008
1018
1014
1010
1017
1008
1011
1015
1010
1014
1011
1008
1006
1008
1013
1008
1007
1002
1003
1009
1004
1007
1008
1014
1009
1016
1002
1001
999
1004
1005
1010
1008
1007
1009
1011
1006
1011
1015
1007
1007
1010
1004
1003
1004
1005
1016
1007
1006
1008
1005
1013
1010
1008
1006
1009
1003
1006
1009
1004
995
1008
1005
1005
1010
1001
1000
992
1008
1011
996
1005
1000
1005
997
1005
999
998
1000
995
996
1004
994
994
1003
1005
998
999
999
1004
1002
1007
1016
1001
1004
995
1009
990
1003
1008
1006
1007
1003
1004
1004
1006
1009
1000
1003
1003
1011
1006
1000
1012
1015
1015
1014
1006
1007
1008
1006
1010
1015
1008
1017
1021
1015
1018
1024
1026
1023
1015
1013
1012
1011
1014
1006
1005
1008
1016
1014
1012
1016
1009
1016
1017
1013
1010
1006
1005
1006
1017
1009
1017
1007
1011
1016
1023
1014
1009
1017
1011
1012
1007
1007
1019
1019
1020
1006
1011
1015
1015
1015
1015
1016
1025
1018
1013
1015
1024
1026
1016
1009
1017
1012
1012
1001
1015
1014
1016
1014
1019
1009
1005
1013
1015
1017
1021
1017
1012
1017
1020
1022
1013
1010
1007
1002
1016
1018
1020
1009
1014
1012
1015
1012
1020
1013
1013
1007
1008
1017
1010
1010
1014
1007
1015
1002
1004
1007
996
1010
997
1006
1016
1008
1011
1016
1011
1008
1015
1018
1016
1016
1014
1018
1010
1000
1002
1010
1013
1010
1011
1014
1013
1020
1011
1016
1015
1009
1015
1008
1013
1009
1019
1016
1015
1007
1002
1006
1003
1003
1010
1007
1007
1011
1001
1002
993
1004
1004
1002
991
1001
997
994
1002
1005
1002
997
999
1005
1005
1010
1010
1011
1019
1020
1017
1016
1018
1024
1019
1019
1012
1005
1018
1026
1010
1022
1018
1023
1014
1027
1020
1022
1011
1013
1017
1011
1015
1018
1011
1014
1007
1006
1017
1016
1016
1002
1001
999
1001
1003
995
1002
1002
1005
1001
1005
997
1002
1004
1003
1007
1007
1019
1009
1005
1008
1006
1007
1003
1006
1009
1010
1006
1008
1013
1010
1010
1009
1009
1007
1005
1011
1006
1008
1000
1001
1006
1008
1016
1022
1018
1005
1000
1005
1007
1014
1014
1010
1018
1019
1020
1006
1006
1015
1011
1005
999
1015
993
1001
1000
1006
1008
1009
1005
1003
994
1001
1010
999
992
998
996
1002
997
996
1007
1014
1005
1002
1003
1013
1010
1006
1006
1007
1004
1003
1007
1007
1008
1004
1001
1004
1011
1000
1013
1005
1009
997
1010
1010
1015
1005
1009
1008
1016
1007
1002
1005
1018
1011
1011
1015
1017
1007
1004
1007
1005
1016
1011
1011
1008
1014
1014
1010
1011
1012
1017
1016
1010
1015
1007
1011
1019
1012
1014
1020
1013
1011
1012
1018
1020
1017
1021
1021
1023
1019
1014
1027
1021
1016
1016
1014
1016
1017
1011
1018
1020
1020
1018
1014
1009
1013
1016
1018
1013
1015
1018
1020
1013
1014
1022
1020
1021
1024
1026
1019
1017
1012
1015
1001
1013
998
1006
1001
993
1008
1011
1011
1013
1005
1004
1013
1003
1013
1013
1011
1006
1011
1022
1015
1010
1003
1018
1022
1014
1008
1004
1002
1013
1008
1013
1017
1015
1007
1007
1007
1006
1005
1011
1009
1007
1001
1002
1003
1005
998
996
1001
1003
1004
1016
1006
1005
1002
1011
1017
1016
1025
1012
1015
1008
1015
1010
1015
1007
1020
1022
1017
1009
1010
1006
1012
1006
1009
1007
1017
1005
1003
1018
1011
1006
1016
1025
1011
1010
1020
1011
1008
1011
1015
1014
1009
1018
1013
1008
1016
1013
1006
1015
1012
1013
1010
1010
1013
1005
1016
1014
1014
1012
1007
1003
1007
1004
1007
1005
1006
1013
1005
1006
1011
1007
1009
1010
1005
1007
1011
1008
1010
1009
1015
1005
1009
1003
1003
1011
1011
1005
1000
998
1011
996
1003
1007
1000
1004
1001
1009
1007
1010
1012
1003
1017
1006
1011
1008
1016
1015
1007
1009
1020
1009
1016
1018
1021
1025
1013
1013
1008
1017
1014
1012
1006
1011
1014
1024
1013
1015
1015
1012
1011
1006
1006
1017
1016
1020
1014
1015
1013
1012
1009
1016
1010
1007
1008
1017
1009
1016
1016
1015
1011
1006
1014
1004
1011
1011
1013
1004
1008
1004
1015
1009
1009
1009
1004
998
1005
1000
1006
1016
1009
1015
1010
1001
1009
1009
1005
1007
1006
1005
996
1005
1004
1002
1003
1002
999
1011
1002
1014
1006
1012
1001
998
1005
1004
1006
999
1003
1000
1001
1006
998
1000
1012
1005
1010
1016
1017
1011
1012
1014
1009
1019
1019
1012
1011
1026
1023
1017
1004
1016
1011
1013
1022
1016
1015
1018
1022
1025
1022
1007
1026
1005
1017
1021
1016
1025
1027
1019
1021
1016
1009
1022
1018
1015
1019
1014
1014
1017
1012
1013
1021
1016
1013
1009
1020
1019
1012
1015
1012
1017
1003
1009
1008
1012
1013
1011
1003
1007
1011
1006
1015
1011
1010
1014
1019
1004
999
1003
1006
1014
1009
1003
1004
1007
1008
1010
1006
1013
1011
1005
1007
1012
1017
1007
1006
1003
1002
1008
1003
1005
998
1001
1006
1006
1006
1004
1001
1014
1013
1010
1003
1010
1002
1001
1003
996
1003
996
1001
999
1008
1002
1008
996
1005
1000
1005
999
1004
994
1008
1006
999
1001
997
1002
1004
999
1012
1007
1003
1009
1001
1008
1008
1008
1004
1006
1006
1012
1013
1011
1018
1016
1011
1013
1000
1004
1012
1010
1008
1003
1003
1005
1010
1009
996
1001
997
1008
1003
1002
1008
1003
992
1007
1003
1004
1000
1003
1008
999
1005
1001
987
994
1007
1002
1009
1007
1008
993
1006
999
997
995
999
1004
1003
992
998
1002
988
996
991
999
1000
994
992
992
1000
992
1001
993
986
1002
993
997
1006
996
993
997
993
997
994
1001
997
997
1001
997
993
991
987
998
1008
998
996
993
1001
1001
1003
999
1002
1001
994
1002
1006
994
1005
998
1007
1002
998
1004
1002
1004
1011
1002
1000
1003
1000
996
986
1003
1000
999
996
1001
997
992
995
996
990
991
999
996
1001
996
1002
999
995
997
992
999
997
996
983
992
997
991
987
996
997
1009
998
999
999
999
999
998
994
1002
997
993
1000
997
997
1000
995
993
1001
995
995
997
997
1001
996
1002
1004
1009
1003
1004
1001
1007
1003
999
1003
1000
998
1008
998
1000
1000
1004
1001
1007
1000
999
996
1000
1000
1003
1004
997
1003
997
992
999
995
994
1003
1009
1003
1009
999
1007
1012
1012
1007
1011
1006
1009
1012
1005
1003
994
1014
1012
1009
1010
1014
1009
1007
1013
1006
1005
1002
1004
1015
1009
1024
1017
1015
1016
1009
1007
1012
1017
1017
1014
1019
1010
1013
1020
1024
1019
1019
1018
1016
1016
1012
1006
1006
995
1002
1005
1000
1003
1009
1015
1015
1012
1004
1006
1005
1000
1001
1004
1014
995
1003
1002
1011
1011
1005
1016
1013
1008
1007
1006
999
1006
1008
998
996
1010
1005
1009
1006
1009
1007
1011
1000
1014
1000
1009
1006
994
1002
998
1012
1006
1003
1006
1007
995
999
995
1002
1002
998
1007
999
997
1005
1006
1001
1004
1003
998
989
987
1000
999
997
989
991
998
997
991
992
1001
994
1000
996
1003
996
992
991
998
1004
990
999
991
996
995
998
990
1002
992
1000
996
1001
999
994
1004
1001
996
993
994
989
991
986
991
980
1000
989
994
984
987
989
995
996
995
988
992
986
1001
999
985
997
991
989
977
992
997
994
990
988
985
987
983
986
987
985
994
1002
994
1000
997
997
1000
994
1008
1000
1002
1000
1002
1008
1002
1005
1006
1011
997
996
1006
994
996
996
1003
1005
1002
996
993
998
998
997
996
1006
996
1000
994
996
996
1003
994
994
998
992
1004
996
1003
994
996
999
1007
999
1004
997
993
990
990
998
1003
998
989
989
995
997
996
992
998
991
995
995
1005
996
1001
998
1004
1001
1009
1004
1003
1011
1001
997
1002
1002
1004
1006
1006
1003
1007
1015
1009
1009
1008
999
992
1000
1000
998
1005
1007
1003
997
1005
1000
1003
1009
1006
1000
990
994
991
1003
998
997
1001
996
999
993
995
989
993
987
994
1001
999
1005
997
1005
1003
1012
998
1001
1001
996
1001
1006
1006
1006
1006
1002
1008
1008
1009
1007
1008
1006
1005
1009
1005
1010
1011
1006
1005
1008
1020
1019
1007
1007
1014
1013
1007
1018
1009
1012
1014
1012
1008
1007
1004
1005
1008
1006
1009
1008
1011
1010
1011
1011
1005
1007
1007
1009
1016
1013
1000
1007
1003
1007
1005
1006
1013
1012
1015
1013
1012
1016
1014
1011
1015
1011
1023
1014
1015
1013
1017
1013
1006
1012
1013
1022
1015
1021
1017
1023
1011
1009
1015
1013
1002
998
1006
1008
1006
1005
1006
1004
1011
1005
1008
1011
1004
1010
1008
1007
996
1006
1003
1007
1006
1002
998
1003
1003
1000
1004
999
1005
992
999
1007
1002
999
1000
1002
996
1000
1000
996
1001
1007
1000
999
1009
1005
997
998
994
998
997
989
995
998
989
992
1006
998
996
991
1004
1003
1006
998
1000
1001
1003
993
1008
999
1004
994
999
1002
1006
997
1007
1004
997
995
1003
999
998
1000
1000
994
993
994
987
1000
1005
1000
1004
1002
1004
997
1002
1004
1005
1003
1012
995
1004
1009
1008
1006
1007
1001
998
998
999
1008
995
1006
1004
1010
1009
1006
999
1003
1006
1002
996
1005
1005
1005
1006
1006
1006
1007
1010
1008
1006
1011
1003
994
997
1002
995
1006
992
1003
1010
1003
995
993
989
993
995
1005
998
995
1011
999
992
988
1004
1008
1004
1011
999
1006
998
999
1001
1000
995
995
996
992
996
997
994
994
992
990
986
995
995
990
997
1001
994
1001
1004
1000
994
994
998
992
987
993
995
990
999
993
994
987
993
999
996
995
993
995
994
997
990
1001
995
993
998
1000
998
1002
1000
997
1000
999
1004
998
994
1004
1002
1001
1013
999
1008
1002
1004
994
995
993
1003
997
1003
1004
998
998
1000
1002
993
1003
1000
1011
1002
1005
1001
1007
1008
1003
1001
1005
1006
1002
1001
995
1000
1015
1007
1006
1003
999
1012
1004
1000
1009
1012
1015
1005
1006
1008
1005
1002
1012
1010
1009
1004
1005
1011
1015
1002
1006
1003
1008
1013
1008
1018
1012
1022
1012
1022
1009
1014
1018
1012
1021
1017
1005
1017
1006
1020
1018
1011
1014
1007
1010
1010
1007
1012
1017
1016
1012
1014
1008
1010
1013
1010
1002
1021
1013
1011
1010
1016
1014
1013
1020
1010
1013
1007
1015
1013
1010
1011
1004
1004
1010
1009
1012
1008
1000
1003
999
998
1008
1000
994
1000
1008
1005
1001
998
1013
1006
1017
1016
1008
1009
1006
1002
1008
1007
1004
1008
1005
999
1007
1005
997
998
1002
1002
1009
1018
1011
1011
1006
1012
1017
1017
1014
1010
1008
1007
1002
1005
1009
1014
1009
1018
1021
1018
1015
1017
1018
1020
1025
1029
1015
1021
1022
1013
1025
1012
1022
1021
1019
1016
1018
1016
1016
1026
1020
1016
1015
1014
1009
1010
1009
1007
1009
1004
1007
1002
1004
1005
1004
1006
1009
1015
1019
1014
1009
1009
1016
1013
1003
1015
1011
1003
1005
1004
1005
1002
1012
1005
1001
997
1003
1007
1010
1012
1012
1010
1017
1011
1004
1014
1019
1012
1003
1001
1003
1006
1005
1008
1010
1004
1011
999
998
989
1007
994
1001
1000
1003
1001
1000
987
984
996
996
989
995
1006
998
996
1000
995
1002
1005
1008
1008
1004
1005
1005
1003
1009
1004
990
1005
1002
1004
998
1005
1004
1011
1000
1002
1004
1005
1005
1007
1003
1011
1013
999
1008
1017
1011
1014
1012
1011
1013
1007
1020
1020
1018
1014
1027
1020
1020
1009
1014
1006
1006
1020
1016
1011
1020
1019
1009
1014
1015
1013
1013
1006
1017
1019
1020
1013
1017
1010
1015
1025
1019
1016
1018
1027
1023
1025
1018
1020
1023
1024
1019
1012
1018
1018
1020
1019
1021
1023
1018
1012
1019
1023
1012
1016
1010
1015
1017
1014
1021
1016
1019
1010
1016
1010
1009
1013
1019
1014
1016
1013
1019
1010
1015
1014
1017
1014
1020
1004
1012
1014
1015
1024
1018
1017
1022
1017
1017
1016
1007
1009
1001
1005
1009
1002
1001
1001
996
991
995
995
1004
1002
999
1000
1005
998
1003
1006
1001
1000
1000
1000
1005
996
999
1001
994
1001
1008
1001
1011
1000
1002
997
1002
998
993
1000
998
999
1000
1001
991
