585
583
589
588
589
595
593
591
593
592
597
599
604
594
599
593
592
589
587
592
591
587
586
581
586
583
585
587
591
592
590
596
592
588
592
593
594
602
600
598
593
597
592
600
596
598
599
598
595
595
597
593
601
598
597
600
598
596
605
601
595
596
596
603
600
605
610
603
607
601
606
599
603
606
604
602
608
613
611
614
616
609
602
601
601
600
599
597
594
595
598
599
600
599
602
606
599
599
596
594
595
595
604
588
604
602
601
597
597
596
598
597
601
593
590
597
598
596
597
597
602
597
597
598
592
595
598
596
594
595
591
600
592
600
598
602
599
594
592
590
589
594
590
600
595
595
599
601
608
609
604
610
615
608
602
602
607
603
606
606
608
607
611
611
611
611
615
605
610
615
607
611
604
603
603
605
599
608
604
606
606
604
602
604
603
598
602
604
599
598
599
598
588
593
596
601
598
602
591
598
600
599
602
598
599
601
604
598
602
596
595
598
589
597
594
589
587
591
590
591
589
596
594
589
594
599
590
588
588
595
592
599
596
595
597
599
603
608
599
600
604
592
601
598
595
597
597
596
599
604
599
596
600
598
592
598
596
595
596
594
598
602
599
593
591
597
598
599
600
598
