591
591
593
582
584
571
585
597
598
597
592
595
585
587
596
593
593
594
600
594
597
593
596
591
594
590
594
600
590
604
599
604
601
598
604
604
606
597
588
598
593
597
606
602
601
593
600
601
594
596
601
602
600
599
604
608
603
611
606
609
606
615
609
602
604
601
606
599
609
613
614
610
604
608
605
607
607
599
596
595
600
603
598
596
606
597
601
596
596
593
594
592
597
594
599
600
598
600
604
605
603
600
609
606
597
605
606
600
601
602
593
596
594
593
596
604
605
598
604
609
594
596
599
604
597
600
597
600
603
602
603
600
599
595
593
598
601
604
602
597
594
598
596
603
600
598
598
608
601
612
606
607
611
607
605
607
602
599
603
598
602
602
605
601
596
598
598
602
591
599
601
595
605
601
601
606
602
595
601
604
594
604
597
609
602
609
604
601
606
603
610
602
603
606
607
605
602
601
599
610
617
606
606
615
610
613
609
609
604
605
604
606
605
608
606
611
601
603
607
605
607
609
605
603
608
605
607
601
601
606
596
605
606
605
607
609
607
613
600
602
602
602
607
606
607
605
609
606
610
610
608
607
599
610
597
598
599
600
596
596
597
603
602
597
596
582
592
588
