583
584
589
593
592
598
590
588
593
589
594
589
589
588
595
595
598
603
602
600
604
598
600
600
602
602
604
602
598
599
601
599
598
591
595
594
597
596
599
595
599
600
597
603
603
604
599
596
604
601
602
597
587
589
601
599
602
595
600
596
591
591
593
601
600
598
597
595
603
597
595
604
600
601
594
608
607
604
606
602
600
606
613
597
604
594
601
594
591
593
595
597
597
587
598
581
585
591
595
593
587
589
581
591
589
584
582
592
585
592
588
588
597
594
593
594
597
598
592
594
594
599
593
594
593
590
591
588
589
588
584
596
597
597
605
599
600
593
589
594
586
595
601
597
598
598
599
604
593
602
604
613
611
605
597
603
601
596
594
593
600
593
587
591
585
596
598
593
587
596
596
588
596
597
590
590
593
590
595
591
591
599
596
597
597
589
605
602
605
598
600
597
598
600
605
600
599
601
600
595
591
596
595
598
598
591
588
588
588
582
587
592
595
600
594
602
598
600
602
599
606
608
603
611
601
599
605
595
592
596
601
595
598
596
596
596
594
589
588
593
596
592
589
587
603
602
601
597
597
588
594
595
593
597
601
609
605
