591
589
581
587
588
597
589
598
601
595
601
596
592
598
593
594
591
592
590
592
595
590
592
601
598
594
594
597
595
603
601
600
596
592
594
597
598
598
595
596
601
602
596
600
595
594
594
589
591
581
592
592
592
597
593
593
604
604
596
596
591
602
596
598
594
595
594
598
604
603
595
597
594
597
604
603
610
603
611
607
598
598
600
598
603
599
593
598
598
600
607
600
600
593
594
594
596
600
600
600
593
597
601
598
597
597
591
602
606
604
598
598
601
599
600
598
591
594
595
582
594
595
594
594
598
599
608
599
598
596
603
608
605
604
595
596
597
602
604
605
603
601
600
605
604
605
604
600
605
601
603
606
604
594
598
603
603
595
602
602
601
604
598
599
602
605
593
595
597
600
602
596
597
597
600
602
603
596
600
601
603
595
598
600
598
603
594
600
594
591
596
600
602
597
602
596
595
596
596
590
587
588
593
588
596
600
605
597
596
603
603
602
602
603
600
603
598
594
597
599
599
587
590
597
595
598
596
587
597
591
586
583
588
588
586
593
595
587
593
592
598
594
593
600
594
597
594
593
593
597
601
594
599
598
594
601
600
605
603
596
592
601
596
592
593
598
598
586
595
592
595
597
587
589
592
