596
590
588
589
590
589
598
599
598
596
595
599
604
598
595
592
598
594
595
599
596
600
594
594
598
599
589
591
590
593
596
593
598
590
595
594
591
590
588
594
596
597
594
591
597
598
604
604
605
602
603
612
600
602
607
599
597
599
590
595
602
591
592
596
598
596
600
602
611
609
607
605
601
603
599
600
600
595
592
589
589
590
592
592
592
593
587
596
597
593
594
593
596
597
586
592
598
601
594
600
600
602
603
600
602
612
615
599
611
606
602
606
603
601
602
601
603
602
600
602
601
599
604
598
594
590
599
597
600
592
591
595
606
600
600
602
610
594
603
601
605
607
609
602
609
611
610
603
614
611
611
618
611
611
608
609
609
611
605
613
616
616
614
607
605
600
601
607
598
597
605
597
603
599
597
598
603
601
596
601
598
601
608
611
615
610
601
608
605
609
612
599
599
599
601
602
605
601
590
601
590
602
607
601
603
606
607
601
593
595
589
594
594
595
591
592
604
597
595
598
588
593
594
595
595
597
600
595
597
602
597
597
596
600
598
596
594
600
601
599
605
603
598
597
593
601
607
604
600
597
600
597
599
597
602
601
603
606
597
612
607
613
616
613
602
608
605
607
604
604
