550
550
568
561
550
563
559
568
563
577
573
567
572
575
568
566
575
564
555
556
565
574
571
559
572
569
576
574
573
575
568
578
571
579
575
566
572
562
561
572
579
582
593
571
554
562
567
575
573
567
569
554
578
582
577
578
570
580
583
577
578
595
565
575
572
576
568
572
581
583
571
573
571
566
574
575
570
570
584
579
572
578
582
585
579
585
580
581
583
569
565
571
568
566
562
580
561
564
557
569
565
573
577
572
571
570
572
572
575
572
574
577
560
575
572
586
580
575
571
570
569
578
579
578
571
570
569
586
581
586
574
580
575
580
576
584
567
579
575
577
576
568
586
560
570
568
567
568
573
561
582
583
583
574
591
584
577
582
571
581
580
582
579
571
574
582
575
564
582
584
583
576
570
580
572
566
568
563
566
559
566
559
569
574
583
583
578
579
583
575
576
575
571
570
583
576
574
575
576
580
583
573
582
579
592
584
581
582
580
587
589
582
580
581
592
587
589
587
587
590
601
589
591
587
593
586
595
588
575
589
582
578
592
591
586
588
592
584
573
584
586
591
584
584
574
584
587
585
590
582
574
567
569
567
576
573
572
568
575
569
580
579
580
567
586
575
585
570
571
569
570
588
584
583
584
587
584
588
585
581
580
580
588
588
584
582
579
592
585
592
586
577
577
584
568
573
562
563
584
580
572
557
569
582
588
580
579
595
579
589
580
580
577
581
576
580
583
585
582
566
554
573
580
587
579
572
583
589
593
583
594
585
582
582
581
581
582
577
572
587
570
591
587
574
577
576
571
564
586
582
572
574
581
577
579
575
579
572
573
573
580
569
587
575
585
581
585
579
577
582
582
578
581
576
572
573
575
575
580
589
591
590
600
587
590
593
574
590
578
579
573
584
584
604
584
586
590
588
581
576
581
585
596
579
589
600
582
590
585
593
588
590
590
581
587
582
583
586
591
594
585
580
583
583
586
577
576
570
575
565
575
573
580
565
584
576
568
578
577
579
578
573
576
567
568
560
578
577
594
582
583
578
586
577
593
581
575
580
573
579
585
580
578
583
582
575
578
575
578
586
590
592
579
577
581
587
582
589
574
593
598
600
579
582
580
585
587
584
578
579
579
590
591
570
587
581
579
584
585
590
588
594
598
586
589
578
579
578
576
569
587
579
586
577
593
590
590
601
595
588
599
598
595
598
602
599
598
593
610
585
589
582
573
588
579
595
591
589
597
584
590
589
591
587
595
576
592
592
574
594
602
590
591
576
585
593
599
595
574
605
610
600
596
590
594
596
587
592
576
590
591
598
595
589
592
590
589
592
594
578
577
595
584
579
579
586
587
581
581
591
576
578
594
583
597
598
592
587
595
600
580
588
590
601
595
608
593
594
588
588
602
601
593
595
594
587
590
588
578
587
579
588
585
593
596
590
586
595
595
593
596
587
586
607
588
589
593
591
596
586
591
591
590
602
592
584
586
586
597
584
589
599
593
583
597
596
587
