551
566
561
559
563
579
569
577
570
573
585
592
590
590
588
591
596
597
604
616
610
618
624
614
614
623
633
639
649
653
652
665
661
659
657
664
653
650
656
676
694
701
706
695
702
700
708
706
711
699
698
702
707
704
711
706
711
706
710
714
726
727
742
736
729
719
725
722
715
719
718
718
716
725
726
719
716
720
734
732
732
727
726
717
725
724
723
707
720
718
725
725
722
717
719
716
724
716
716
716
715
721
725
723
703
707
712
713
719
731
721
739
729
737
731
722
713
739
730
727
733
739
739
727
721
725
724
720
716
704
708
708
718
716
713
719
720
719
716
721
737
729
731
726
720
733
720
730
720
727
724
722
726
724
719
721
721
726
712
719
722
722
732
730
718
725
727
719
722
716
719
727
728
704
722
719
709
717
720
722
721
734
728
723
733
725
727
728
720
704
713
712
722
727
726
741
718
717
720
727
721
717
721
705
707
723
712
707
728
729
718
724
707
724
719
727
720
724
717
719
724
723
728
721
716
723
730
712
723
722
712
715
706
705
719
725
729
725
731
726
724
739
730
716
724
726
740
727
738
734
724
729
730
729
731
728
723
737
732
737
736
736
741
735
744
733
747
744
738
749
749
750
743
752
742
743
748
747
739
724
725
733
734
729
727
739
730
733
736
729
741
743
733
742
744
736
729
742
736
732
726
735
736
727
729
727
733
731
741
721
724
724
725
722
727
719
729
713
724
731
729
728
738
750
746
737
735
737
725
739
734
739
734
735
733
723
729
742
749
736
731
734
736
742
734
732
734
724
731
736
732
721
725
724
727
721
741
737
733
742
719
732
728
724
734
737
731
732
724
728
729
725
743
728
722
721
718
720
717
712
705
722
733
725
736
732
733
737
735
747
736
738
744
743
737
735
742
750
741
737
737
732
741
744
735
735
741
738
734
740
735
736
737
749
751
753
746
739
749
742
731
735
741
732
741
733
725
734
719
732
736
746
753
739
736
724
724
731
728
725
733
734
735
739
742
740
725
740
732
736
740
747
735
738
728
734
736
732
746
738
739
752
734
739
738
728
720
714
714
724
731
740
730
743
751
742
746
743
741
749
741
752
750
749
742
745
733
742
748
739
742
740
732
732
744
745
733
726
721
749
725
735
733
743
727
727
738
747
736
741
737
740
724
728
744
768
747
755
753
759
758
761
757
768
760
758
749
760
760
752
759
763
760
765
758
752
753
754
756
749
763
757
756
767
762
756
774
765
774
766
772
763
