544
548
557
569
556
572
562
556
561
569
574
580
588
590
587
586
589
582
580
579
590
579
586
582
586
595
606
583
588
581
590
586
580
597
587
587
591
584
596
599
597
585
591
584
599
593
591
593
592
592
588
583
586
600
581
601
584
588
594
592
591
585
587
601
612
598
587
607
604
597
596
603
610
602
612
619
597
610
591
594
604
607
608
620
606
611
607
604
610
608
597
596
603
613
611
602
605
608
594
592
596
597
609
605
602
595
598
598
582
587
583
588
594
585
583
583
578
589
594
588
582
583
589
592
579
586
589
594
584
590
593
590
589
596
604
599
606
600
600
598
588
593
603
596
590
601
582
595
591
594
607
606
589
610
601
601
603
598
602
588
596
586
585
592
608
598
587
592
593
581
581
582
577
597
601
601
599
603
592
590
587
586
606
592
599
583
588
592
584
590
591
598
601
592
599
602
600
604
607
598
590
593
595
603
615
603
596
606
604
598
599
600
603
621
620
616
611
608
618
603
602
600
604
603
591
582
581
596
588
594
610
586
597
592
592
603
602
612
603
587
592
593
591
598
611
605
599
602
591
600
596
600
599
596
595
595
598
586
589
586
595
585
585
595
592
598
602
605
593
587
594
593
600
609
610
600
593
598
583
599
594
590
596
582
583
580
588
587
581
597
586
584
598
606
593
601
584
592
585
591
577
585
599
597
594
592
590
587
595
596
608
593
593
586
585
591
596
593
595
594
593
595
597
598
596
593
593
592
600
583
601
597
596
592
599
608
587
593
611
596
602
596
592
587
591
596
605
582
597
583
589
590
592
587
592
596
585
592
587
586
586
588
591
586
585
586
594
589
596
596
589
588
593
585
598
590
592
575
576
591
602
610
601
606
592
593
596
602
616
612
601
611
606
617
615
598
602
606
609
614
613
613
608
612
609
603
601
611
602
598
604
603
620
608
610
604
606
601
602
596
609
609
613
595
588
595
601
604
599
596
605
607
597
604
604
600
602
591
604
597
603
603
604
593
591
586
586
593
599
598
597
591
592
600
598
595
601
591
599
593
594
583
579
585
577
579
575
586
588
591
587
577
596
585
581
583
592
592
586
586
586
580
589
599
597
602
599
598
608
605
613
603
597
588
600
596
598
600
595
595
589
594
593
592
580
599
587
590
606
590
595
586
589
589
596
602
596
609
591
602
599
598
587
605
607
602
601
603
595
604
589
595
594
588
586
583
586
602
598
600
594
584
587
605
600
598
592
582
586
598
608
599
598
605
607
594
606
596
591
602
599
607
595
602
598
603
595
582
584
602
612
618
596
595
598
602
593
591
598
597
599
599
603
596
610
608
601
581
597
599
597
594
590
613
597
591
606
604
605
602
601
610
607
609
607
600
608
614
607
605
595
591
596
603
604
615
608
616
604
600
599
601
613
604
614
618
602
