545
547
569
572
572
567
575
583
579
578
584
591
599
602
602
588
596
603
581
592
582
584
579
590
590
608
595
604
601
608
600
592
594
601
608
600
596
593
605
601
602
606
610
596
604
603
606
603
618
606
612
617
611
610
625
613
601
612
601
610
598
598
605
622
608
594
603
599
615
617
611
604
618
605
606
600
596
602
607
601
604
621
612
606
615
627
639
625
613
603
612
615
616
623
618
638
629
634
604
616
616
628
605
616
613
623
631
625
619
617
618
612
603
623
618
623
615
617
619
609
616
612
606
605
612
621
619
630
621
628
633
625
614
625
629
628
609
606
618
613
625
622
626
627
620
621
629
626
627
617
618
621
619
629
634
632
625
612
619
617
622
619
621
622
623
611
629
611
622
612
625
620
612
611
607
614
615
618
636
634
624
625
625
619
629
628
629
615
605
608
622
610
622
610
609
606
619
615
605
611
609
601
614
608
608
623
606
603
616
616
613
596
612
616
612
609
633
617
616
615
608
610
611
615
613
611
613
621
625
615
614
628
612
611
605
597
605
597
605
603
620
609
597
608
594
599
596
613
605
611
619
615
608
611
628
612
608
623
612
624
615
637
623
608
618
613
610
630
618
622
616
616
610
614
620
633
625
622
620
623
616
633
626
607
611
611
612
627
603
609
614
619
619
615
621
618
627
623
624
618
618
602
600
609
615
611
624
612
614
622
617
619
622
626
632
627
626
623
617
618
642
628
627
634
609
614
622
633
624
620
614
622
620
625
628
616
614
614
625
627
625
616
624
615
620
618
629
630
626
636
622
619
620
632
640
637
639
631
628
648
642
633
644
648
646
655
645
644
637
646
633
635
638
640
654
645
663
646
637
619
632
645
643
638
632
651
643
647
648
635
641
638
637
631
639
637
641
628
628
632
644
648
655
644
622
643
622
630
633
632
632
631
632
621
622
624
624
630
625
631
630
614
623
612
622
612
615
601
603
618
619
621
626
614
628
625
619
627
628
633
627
637
623
625
622
623
623
628
633
630
636
623
628
632
640
627
626
625
622
623
627
628
620
629
632
634
636
625
617
634
628
634
632
635
639
628
633
629
641
643
634
635
640
635
631
626
631
637
622
623
624
625
620
612
628
630
629
620
617
617
618
623
621
619
635
639
649
637
646
649
647
644
638
652
656
632
645
650
646
642
650
655
652
657
651
642
645
646
651
644
645
648
634
638
642
651
644
638
638
649
645
646
663
655
660
656
646
652
658
645
648
648
633
634
639
632
634
643
622
632
649
643
643
646
633
630
621
642
625
633
640
638
662
641
642
639
650
643
638
645
635
635
649
633
641
640
638
640
646
640
639
631
631
633
632
634
626
629
641
628
634
