531
548
548
557
556
554
561
568
562
556
560
548
556
555
572
553
566
573
567
554
561
557
547
554
552
568
559
573
560
567
550
566
566
558
555
558
567
566
569
569
566
558
559
573
576
580
584
572
573
572
583
585
576
588
565
562
572
565
575
570
580
578
575
589
570
590
567
590
583
579
580
581
577
578
585
595
591
587
594
582
586
584
584
574
572
583
583
576
585
577
595
596
592
590
588
589
591
581
577
587
590
590
592
582
574
580
593
601
589
593
586
584
587
579
581
589
583
588
592
590
592
587
596
600
596
595
610
609
609
595
589
598
594
602
598
592
604
596
597
608
603
592
601
597
593
598
596
591
575
594
585
589
587
592
592
593
585
595
588
581
580
591
606
583
592
596
591
591
605
589
595
591
586
593
596
593
593
586
590
587
581
591
591
591
589
584
570
583
592
591
586
589
581
581
586
579
583
580
583
580
585
578
594
585
601
584
590
583
592
587
595
590
591
588
589
587
590
582
587
585
584
588
579
576
595
598
576
590
584
594
580
576
592
587
584
593
592
600
601
599
605
606
610
603
608
594
595
593
593
597
598
581
590
591
606
591
600
594
597
598
595
597
590
584
591
598
604
603
599
603
601
596
608
593
597
613
608
603
599
593
604
592
601
601
603
604
599
608
598
609
605
590
594
592
584
603
605
617
602
598
587
598
602
590
602
602
601
608
605
602
589
592
604
595
613
595
589
608
597
598
599
597
605
604
602
611
593
602
601
609
595
599
590
596
589
597
591
602
611
605
601
612
595
599
602
608
598
600
591
609
610
606
607
601
592
604
601
589
593
582
590
583
589
585
585
576
588
581
584
588
584
575
593
581
571
576
581
575
574
575
590
593
587
594
590
600
598
599
596
611
606
595
595
611
601
595
601
603
597
607
599
600
589
592
588
602
605
611
602
607
604
600
600
595
593
600
592
590
591
607
604
601
589
600
602
603
599
606
601
604
612
626
611
602
611
592
607
591
603
602
603
597
602
603
605
614
607
601
602
604
606
606
602
603
596
601
596
597
593
594
605
597
590
604
597
601
595
603
604
605
593
601
606
603
612
612
611
610
606
589
592
603
602
599
591
586
592
594
590
594
592
594
601
588
592
583
607
599
596
596
586
598
594
608
599
605
601
604
602
593
581
588
596
594
595
586
584
592
599
595
592
597
591
593
601
591
600
597
588
591
595
587
589
593
595
590
585
592
599
592
607
603
599
595
606
601
585
594
597
604
607
599
597
599
593
601
597
592
595
593
589
585
596
611
589
593
599
603
596
606
589
593
586
597
598
589
587
577
596
584
597
591
610
593
601
603
592
596
601
609
602
604
606
599
589
594
592
607
602
612
606
620
606
601
601
602
607
614
604
608
603
593
604
612
610
609
597
606
603
611
598
603
598
591
612
598
615
597
594
603
601
606
591
611
590
602
596
596
596
596
602
596
