526
537
544
544
546
536
550
549
551
548
538
532
535
526
541
533
568
554
545
547
541
552
549
549
549
560
554
557
557
554
556
567
555
551
567
564
549
556
563
568
571
573
556
563
562
572
567
565
560
547
556
556
570
552
567
582
577
581
570
578
579
565
566
576
584
569
581
578
580
583
579
572
575
571
584
580
583
597
593
580
593
591
589
591
584
581
594
578
590
592
585
597
591
594
600
577
596
585
586
592
584
584
580
597
598
594
586
596
609
604
612
612
608
595
601
590
594
589
604
584
589
596
596
598
589
593
586
577
584
580
586
588
587
587
588
589
593
602
602
605
607
598
597
608
604
609
599
601
606
605
591
596
590
593
590
593
592
578
587
581
586
598
593
590
589
591
584
587
579
591
592
588
586
591
597
587
588
580
588
586
581
590
594
583
581
599
592
596
590
593
590
597
599
586
594
588
596
600
578
588
577
590
586
601
602
597
583
595
584
580
576
582
590
586
589
586
584
595
589
587
586
591
580
579
584
582
596
590
585
588
582
595
590
596
594
599
598
593
594
602
601
594
600
587
584
589
578
583
581
581
588
590
599
583
584
588
602
576
581
589
591
590
594
586
582
589
575
579
586
589
590
589
584
585
600
599
587
594
584
585
579
608
594
578
588
582
578
593
600
589
591
592
586
584
571
576
573
580
587
588
578
573
585
585
587
585
582
584
588
585
577
563
572
574
568
578
585
581
593
573
593
587
582
581
571
568
581
576
577
577
582
583
574
589
594
585
577
577
584
574
584
578
594
590
573
578
579
578
590
591
581
578
576
584
580
577
573
585
587
575
571
581
580
577
588
581
594
587
574
588
594
606
580
589
585
580
595
591
584
589
587
593
591
586
599
585
582
595
580
592
575
598
586
578
581
598
591
591
594
587
575
593
594
588
576
606
586
597
588
587
592
588
586
597
597
593
594
582
588
578
595
595
593
596
593
589
592
594
593
589
594
608
611
610
590
599
603
592
594
601
589
587
588
600
600
599
584
598
592
581
588
601
597
592
591
595
591
589
588
594
594
582
587
591
581
596
597
595
588
597
596
582
600
595
595
604
592
581
579
594
592
595
595
600
605
595
594
588
591
593
590
588
593
592
601
586
592
589
587
588
592
593
590
589
578
580
591
599
605
595
599
593
601
595
591
601
586
597
592
592
593
602
591
582
598
593
593
585
584
576
582
586
594
592
591
600
601
584
601
601
600
593
588
592
598
597
595
582
584
607
582
580
585
592
589
592
587
591
593
589
588
595
591
598
598
594
594
597
600
602
593
597
594
587
580
598
600
590
599
608
608
589
602
597
582
594
587
594
584
587
586
593
588
581
602
598
594
607
597
593
600
593
586
582
581
597
594
585
595
584
588
592
593
604
594
585
594
607
595
598
582
594
595
599
594
587
