523
537
549
542
546
536
549
549
549
544
545
547
555
554
551
552
546
560
565
558
564
554
552
556
558
560
560
557
546
567
557
553
560
562
563
558
566
566
559
555
564
576
566
566
566
565
554
559
561
563
571
567
565
570
572
576
570
560
582
580
581
584
587
577
576
576
569
566
566
570
570
567
576
567
551
573
567
569
576
564
565
573
562
562
571
580
574
574
574
571
577
577
575
582
582
564
569
562
560
569
561
572
570
568
569
581
570
571
572
567
564
570
569
566
574
585
566
564
563
553
559
562
550
552
571
556
553
568
565
565
564
572
561
566
570
574
562
574
571
570
573
577
566
567
572
576
585
579
581
587
579
578
581
586
585
568
573
575
572
570
569
572
565
562
574
575
580
582
581
579
584
585
582
573
582
598
591
578
584
583
590
582
590
579
573
581
585
578
573
587
585
588
591
594
591
584
587
582
563
579
594
583
580
579
593
580
584
592
587
584
595
591
607
593
595
593
595
593
589
595
605
611
599
599
605
605
602
594
593
585
574
581
575
578
574
587
580
584
590
584
584
581
579
600
590
580
572
574
592
586
584
597
580
586
582
599
585
594
590
592
581
590
583
581
583
584
585
579
586
572
594
598
571
584
592
592
590
585
579
574
582
578
586
593
582
583
583
585
580
584
580
604
590
595
594
600
591
586
595
583
583
582
601
600
606
591
590
600
604
597
597
594
596
592
592
591
581
590
586
581
580
603
594
591
583
585
576
576
575
604
593
585
588
591
586
594
593
602
586
599
592
590
585
600
599
589
593
598
593
584
583
586
584
585
585
593
598
595
596
593
596
601
591
602
596
600
606
598
598
604
606
612
610
612
594
599
609
609
610
598
590
601
598
595
607
601
589
593
594
585
592
589
598
596
603
595
594
593
586
593
588
604
590
592
613
613
604
607
608
603
595
607
586
608
590
606
621
602
616
610
608
598
604
606
588
600
606
607
614
605
611
613
602
597
603
625
611
610
610
608
603
596
611
612
611
611
605
620
615
618
621
621
612
612
615
615
611
599
612
613
612
609
604
603
592
609
615
612
606
594
599
583
589
592
594
580
582
586
581
586
596
592
603
599
596
593
589
590
586
590
598
606
605
616
599
600
593
593
615
609
613
615
622
615
596
603
606
600
612
601
617
600
604
604
612
607
605
621
608
604
603
608
619
610
604
609
608
610
605
598
599
595
612
607
604
603
612
599
604
593
604
609
605
607
614
621
621
619
618
627
621
614
613
620
620
626
624
626
630
638
617
616
625
629
616
613
628
619
620
615
620
613
616
608
611
614
614
613
615
624
633
609
619
607
619
616
610
610
607
610
608
622
607
611
615
608
608
617
619
612
616
614
600
602
605
614
599
607
597
611
597
609
612
608
606
594
608
614
616
619
617
625
619
616
613
607
597
