533
545
545
560
549
560
553
565
551
549
555
557
553
563
571
551
563
560
571
569
568
567
572
580
578
567
580
575
568
565
569
569
576
572
570
558
568
569
572
577
576
565
568
566
564
563
567
557
574
573
572
577
586
585
573
577
578
587
575
570
581
586
595
583
599
585
581
573
583
590
596
585
582
588
596
589
596
574
582
583
578
571
586
582
589
590
596
597
592
570
570
579
577
589
591
589
590
602
589
589
593
591
592
597
595
574
595
579
585
584
572
580
576
579
589
584
582
586
595
581
583
591
575
579
579
582
593
584
581
596
592
584
574
596
588
581
584
594
595
591
585
570
590
588
581
590
588
572
574
577
560
569
564
569
572
566
566
573
588
574
578
569
573
569
562
583
593
580
588
590
596
591
583
585
594
602
595
595
597
602
592
604
608
600
604
596
592
589
601
598
598
598
603
607
598
600
599
598
598
599
590
591
602
604
603
603
603
602
601
615
607
600
611
615
620
622
608
616
611
610
594
597
607
610
611
602
604
613
599
626
617
617
612
623
619
612
609
606
611
601
616
602
597
599
598
606
609
615
616
607
610
610
606
612
606
609
615
613
611
617
618
616
607
615
617
613
615
620
608
615
624
629
610
618
609
608
616
623
623
608
611
604
612
607
601
612
597
612
616
616
598
600
616
610
607
619
606
625
604
617
621
626
618
605
612
618
618
625
628
629
616
624
618
616
618
629
617
619
618
595
625
621
635
618
618
622
614
620
612
631
616
619
625
622
618
610
609
608
603
610
611
619
618
619
618
612
612
615
614
615
600
606
606
612
602
597
604
603
607
610
610
608
604
612
617
602
614
608
599
610
601
616
599
597
597
614
598
608
615
602
603
599
611
615
621
618
617
601
604
609
612
611
606
607
621
619
633
624
622
621
622
627
628
634
624
619
618
614
611
622
607
616
608
641
618
622
622
615
625
623
608
613
627
620
625
632
630
625
611
618
610
623
608
606
618
627
616
622
617
617
606
617
613
618
626
621
623
615
618
614
609
627
626
630
616
613
614
617
613
629
603
612
617
614
621
630
624
608
626
604
615
619
609
615
621
615
610
612
616
613
608
603
620
608
614
623
626
621
618
628
609
608
613
623
617
609
615
625
604
619
605
617
607
607
624
616
623
632
611
617
622
618
619
620
621
611
624
614
615
621
617
616
629
609
620
621
617
614
604
615
617
616
619
616
617
622
620
619
619
606
605
599
612
608
618
619
620
606
603
600
606
610
619
603
605
619
623
604
604
618
619
612
626
613
618
620
616
620
604
618
609
615
606
621
620
623
635
629
622
624
623
618
624
614
619
614
622
621
613
633
617
621
614
624
617
625
624
618
620
623
619
621
617
618
627
616
625
604
614
613
610
610
600
592
618
613
613
608
628
631
631
616
616
617
615
625
