562
573
573
565
563
570
579
583
591
583
587
591
588
584
589
573
591
577
581
589
601
604
589
596
586
580
596
611
595
588
570
574
588
571
562
573
579
574
581
584
574
564
579
581
586
588
592
584
598
600
599
605
595
578
593
613
597
583
605
601
608
605
588
591
586
597
590
583
592
601
599
603
608
601
608
615
605
613
606
605
594
605
604
596
612
608
600
609
598
596
596
607
606
606
602
590
605
607
611
604
608
607
616
616
630
631
623
616
615
610
607
607
606
607
624
605
607
627
606
611
618
616
623
608
624
611
610
607
623
632
615
609
612
614
605
607
618
613
608
616
610
617
599
611
607
609
621
599
609
597
603
603
597
589
600
600
611
622
599
599
596
596
607
595
603
605
605
594
593
595
611
607
610
596
607
596
610
609
597
601
596
594
604
609
621
622
638
607
621
621
608
607
616
606
620
598
617
593
605
604
625
616
611
617
613
617
617
622
618
614
624
629
621
624
621
630
626
611
635
628
621
618
613
622
607
628
623
611
633
631
626
620
627
616
623
626
630
642
630
617
628
629
622
620
614
618
633
627
627
628
636
629
639
620
632
626
607
615
622
616
629
640
625
624
624
618
609
611
611
618
622
612
624
625
618
628
630
632
637
612
648
655
651
651
639
655
651
657
647
651
649
634
647
648
655
643
648
652
658
643
624
646
643
644
646
656
662
653
639
640
649
649
644
654
640
646
641
648
655
656
648
639
659
653
652
656
662
660
663
674
668
656
649
659
661
662
658
645
651
647
650
646
648
643
654
654
660
653
658
667
678
657
668
649
654
654
642
661
650
649
657
655
668
680
671
672
670
659
663
659
671
681
662
654
653
663
675
666
674
659
673
683
669
679
681
671
673
673
666
671
677
667
673
668
667
665
659
663
675
670
661
654
652
657
655
653
659
654
659
650
654
659
653
661
651
652
648
654
653
658
656
648
636
658
670
661
661
657
663
659
672
662
654
664
655
658
664
669
669
669
661
673
681
684
680
665
680
680
676
669
649
651
664
659
671
663
669
667
670
674
679
666
639
662
664
659
649
660
652
649
644
648
655
640
647
640
649
645
643
644
654
650
654
665
658
646
655
642
639
630
637
662
660
655
649
660
653
663
649
653
641
648
646
640
646
646
644
666
655
661
658
643
647
657
640
640
641
636
642
624
633
639
641
641
643
643
648
637
652
648
649
648
653
660
643
650
646
635
653
650
646
647
646
640
638
651
647
644
664
670
666
666
674
675
680
677
680
672
666
672
668
658
674
670
661
674
676
679
668
679
674
676
670
677
680
675
674
676
674
662
666
677
691
667
672
664
673
667
