553
550
556
554
561
559
554
570
571
570
557
557
570
565
572
580
578
585
593
595
595
594
586
601
600
591
597
599
594
582
595
595
615
628
620
613
617
619
622
629
625
609
625
646
642
657
660
660
660
657
661
651
660
664
661
661
663
658
661
659
666
665
653
657
666
659
669
671
683
681
667
677
685
664
677
678
682
679
691
685
686
672
665
671
678
667
668
675
673
680
678
664
676
671
676
674
675
673
670
662
656
662
654
656
658
651
667
671
671
680
688
668
677
676
679
681
675
672
676
672
672
678
684
680
669
677
669
671
673
674
675
670
680
670
668
674
668
681
689
684
691
679
674
686
675
670
684
675
670
690
683
678
677
675
674
659
675
657
666
676
676
670
658
668
671
664
669
671
665
668
672
684
678
672
669
679
687
683
686
680
675
675
675
670
668
669
674
677
671
664
661
669
668
654
673
660
673
669
668
674
664
683
667
672
666
679
666
667
678
665
666
679
679
685
687
689
680
676
677
677
681
676
675
683
674
668
672
677
686
676
685
676
679
680
686
694
690
676
694
687
685
694
694
679
678
681
687
675
682
686
677
681
688
685
682
674
680
686
679
696
684
679
681
686
689
699
697
705
699
692
695
677
682
685
685
684
681
680
685
684
676
686
677
687
693
684
679
685
689
676
687
686
686
682
680
676
687
677
688
685
690
691
689
680
693
696
683
692
695
679
683
682
682
694
705
704
697
680
673
687
691
688
693
681
706
695
686
684
688
695
696
693
690
688
700
688
685
694
684
690
692
692
675
673
690
686
685
690
692
680
684
681
673
684
673
687
684
684
691
694
691
689
687
693
688
674
687
665
679
671
684
684
689
680
678
685
688
680
681
676
682
679
692
694
697
679
688
694
691
695
695
693
697
703
698
697
703
701
700
689
699
698
697
696
694
684
683
685
698
693
694
684
694
690
687
680
682
683
687
680
675
686
686
681
680
685
693
694
685
683
670
676
685
687
689
690
683
697
697
686
686
681
686
682
679
690
699
693
692
702
697
689
673
679
678
670
667
684
671
674
681
689
685
688
669
670
670
673
674
675
674
668
662
676
675
682
685
674
673
679
683
684
687
682
682
686
680
682
678
679
683
679
685
672
680
682
672
673
686
685
674
678
692
686
686
680
692
680
687
674
684
679
680
674
672
677
665
668
676
671
657
662
673
668
675
668
683
673
676
661
668
673
677
680
678
677
680
680
679
672
663
682
673
674
664
661
666
681
674
657
672
676
678
689
681
694
686
694
697
688
696
686
688
690
694
684
689
686
693
680
