538
560
554
552
546
544
559
554
562
559
570
559
571
581
562
575
569
577
567
551
557
563
573
558
558
576
569
557
562
580
571
562
554
563
578
579
564
579
570
576
570
566
587
571
570
587
593
583
573
570
569
578
569
570
576
583
585
586
593
593
593
591
572
575
572
584
579
583
579
585
582
584
577
582
583
583
579
576
586
575
583
575
594
584
580
570
576
574
572
568
579
581
580
586
576
579
569
582
570
572
587
578
578
566
587
577
573
578
576
573
583
578
573
579
580
583
569
577
572
579
576
584
589
573
570
574
579
587
575
572
572
579
574
562
575
555
565
564
564
566
572
576
578
579
579
570
573
582
586
573
565
566
579
595
600
582
588
577
581
577
571
585
585
577
589
580
597
577
576
562
572
565
572
573
584
578
574
575
573
575
583
589
584
591
588
591
582
588
588
588
569
586
597
595
592
577
583
571
570
576
580
589
578
585
582
579
586
580
573
576
578
585
581
580
585
579
583
581
574
571
583
592
587
588
590
593
588
589
582
577
579
587
581
582
585
586
593
595
603
597
594
598
596
584
589
596
594
583
584
592
591
588
583
584
587
580
572
579
584
582
577
581
583
573
566
573
581
589
593
584
589
606
586
590
597
593
597
599
604
592
608
605
607
602
610
601
600
606
589
607
590
601
589
603
597
583
586
592
601
593
590
583
582
579
580
583
588
583
595
592
580
580
573
594
588
585
586
585
583
583
587
585
579
584
583
581
578
584
594
582
589
586
579
579
593
586
597
608
589
592
604
612
604
623
615
604
607
614
597
599
591
613
616
607
604
599
608
607
598
611
603
605
612
595
602
611
605
601
602
599
601
605
606
596
588
607
591
603
597
599
603
597
597
598
602
604
605
599
602
605
607
609
608
615
614
605
596
601
600
593
607
594
598
606
599
611
612
612
605
601
617
617
610
614
620
625
619
608
596
605
611
609
601
624
610
609
616
609
616
609
610
609
598
608
617
618
605
628
600
606
614
611
617
616
612
600
602
603
596
614
602
610
599
609
614
606
612
598
614
607
618
606
608
610
613
611
610
601
595
601
604
608
634
609
619
611
614
609
618
613
607
609
599
602
596
590
613
599
594
604
603
590
601
603
610
619
609
604
606
610
601
609
594
599
607
608
595
595
599
612
613
604
610
608
606
610
607
598
600
589
595
604
614
592
596
596
597
600
598
602
611
597
605
600
601
598
604
600
603
595
601
601
609
615
607
606
601
607
603
605
596
603
612
605
599
607
604
600
604
596
601
603
588
588
595
598
607
601
594
604
599
605
600
597
610
601
603
603
604
606
590
593
595
603
596
599
584
589
593
597
592
581
590
593
586
584
594
586
596
604
606
600
605
593
593
607
595
607
603
608
604
588
599
600
590
589
590
602
611
604
600
602
602
596
607
590
593
604
