550
569
562
568
572
571
572
578
577
578
567
562
574
577
586
582
586
580
588
584
582
574
568
581
576
574
580
579
577
584
586
571
565
577
567
583
571
601
588
597
584
595
582
590
606
592
603
586
589
580
589
596
594
596
598
596
608
610
583
589
594
591
593
596
587
590
586
590
595
593
604
592
591
591
592
588
592
588
600
597
589
588
589
583
598
594
591
580
590
603
595
600
588
604
586
576
583
594
584
586
586
586
586
592
594
601
609
595
594
596
599
597
601
581
594
588
594
590
599
610
596
594
602
601
597
604
598
596
591
589
597
610
599
600
604
599
602
609
616
603
594
597
594
595
592
602
604
596
589
587
597
591
602
592
598
593
594
588
578
572
581
574
576
579
584
579
600
588
608
606
600
596
600
598
590
598
590
589
588
588
607
593
607
602
604
604
593
586
607
615
609
610
596
597
610
603
596
602
610
604
588
605
611
600
610
606
610
604
606
607
599
584
606
606
615
610
617
598
609
592
592
607
593
610
607
592
590
578
593
605
604
608
621
607
611
604
604
612
605
595
599
603
610
596
602
609
596
600
605
602
599
599
606
600
597
602
596
614
596
602
590
595
601
602
611
617
611
610
605
617
602
616
608
601
596
604
609
604
594
599
609
607
604
595
602
609
613
604
604
598
605
608
604
627
617
613
613
607
602
602
604
602
616
607
601
595
598
599
603
618
626
604
617
602
608
608
599
603
601
609
608
604
618
608
613
610
615
623
614
609
611
605
595
597
616
595
604
605
614
601
610
614
602
606
604
612
601
590
604
602
602
594
612
621
611
610
598
605
622
599
610
605
624
616
607
596
593
601
595
597
597
603
593
593
598
594
594
593
609
596
601
589
606
595
609
589
604
600
609
621
614
604
608
608
609
617
602
612
625
608
625
620
624
619
604
615
619
609
593
600
608
606
613
611
614
607
610
621
610
613
600
601
588
601
597
616
597
618
610
616
622
612
617
627
624
615
611
617
613
613
615
613
604
608
607
608
604
611
615
622
626
613
608
605
607
602
609
621
619
622
619
620
621
616
620
615
608
612
618
623
613
620
619
604
602
610
611
617
616
623
607
610
606
607
612
618
619
628
632
627
614
603
613
615
622
620
609
621
617
621
620
619
609
605
603
614
610
626
631
614
622
627
633
632
613
635
617
623
622
616
631
625
634
624
622
627
635
633
629
622
627
626
616
631
629
627
638
629
636
625
621
631
637
631
632
631
642
622
643
643
626
629
625
629
630
627
639
629
628
630
614
623
622
603
618
612
612
608
598
625
615
626
617
628
614
622
617
616
627
618
623
611
614
613
604
613
621
612
606
615
617
613
610
623
623
624
617
629
608
620
610
632
618
619
615
617
604
615
616
