538
526
541
556
561
568
549
560
554
559
562
569
550
562
558
561
557
554
541
559
566
570
563
566
578
579
563
566
568
571
567
569
570
569
585
584
585
583
587
581
578
587
575
577
572
574
585
583
583
569
572
572
582
586
578
573
560
573
577
577
563
582
572
570
574
572
575
588
586
579
581
574
574
590
582
582
587
580
578
593
587
572
574
574
576
578
572
571
569
568
567
561
565
581
577
580
566
575
580
564
581
579
571
571
575
573
583
578
575
580
574
578
578
580
580
575
582
584
578
571
575
569
566
571
571
564
562
562
562
569
576
575
564
570
578
565
570
568
573
583
579
567
574
566
569
581
564
578
581
575
577
576
576
572
577
581
597
584
589
589
603
594
601
592
589
596
597
589
590
591
583
581
586
588
579
588
576
575
580
577
572
575
593
576
564
576
570
568
557
574
562
566
560
575
586
575
573
567
583
578
578
581
573
578
578
578
578
590
575
585
582
574
575
580
584
596
596
593
590
593
597
597
579
589
585
585
587
579
582
588
581
591
587
586
591
569
581
587
593
584
589
602
579
577
586
592
587
591
585
589
592
590
586
585
584
589
596
587
588
581
584
593
588
599
588
587
583
595
594
598
597
607
602
616
599
594
610
602
593
609
608
588
590
592
595
595
592
588
587
579
590
583
596
595
602
606
598
580
590
586
589
594
598
600
595
602
593
582
589
591
590
585
592
576
593
591
577
574
583
595
601
589
587
589
579
581
591
589
592
586
587
597
598
596
599
607
600
607
596
606
614
605
601
592
602
606
596
605
595
598
604
597
591
578
587
583
593
593
591
599
604
605
599
595
596
593
595
606
606
609
598
597
598
590
593
590
597
590
593
595
597
589
592
595
596
592
596
600
598
598
598
594
589
578
585
585
596
601
613
601
592
590
582
584
592
598
585
579
580
578
593
600
598
597
602
589
586
587
593
595
586
600
590
599
592
576
593
587
588
586
589
584
596
582
589
588
590
590
587
590
593
591
586
583
591
580
587
594
598
592
582
595
599
598
602
593
594
583
600
600
589
598
595
592
591
577
586
580
579
572
578
596
607
602
596
606
595
584
585
589
584
584
572
592
587
594
581
585
592
587
593
604
598
603
603
618
612
604
600
607
591
590
608
607
616
594
583
581
600
601
611
608
610
597
594
599
590
598
597
597
591
589
589
587
598
583
575
580
580
579
583
589
589
584
575
590
575
590
589
597
590
592
592
591
582
576
586
597
596
597
599
590
605
596
591
593
582
591
596
590
589
599
596
598
593
597
597
583
594
587
586
590
585
583
594
592
588
593
604
594
592
610
604
601
594
595
600
618
613
603
592
594
601
606
597
600
600
617
612
600
608
597
611
601
600
612
597
620
611
614
611
605
596
597
610
593
604
608
608
610
604
603
618
595
595
608
595
605
596
604
