556
568
564
581
581
587
588
591
595
603
621
610
615
620
619
618
616
616
614
600
620
616
624
624
652
642
651
647
643
632
652
657
645
645
647
658
650
658
651
658
665
640
647
645
644
635
651
651
645
637
644
638
652
655
647
650
639
655
661
673
661
656
655
658
665
651
662
655
651
666
660
667
663
659
667
673
670
673
670
671
682
678
673
677
673
688
668
678
668
654
677
656
665
672
672
675
675
670
693
673
684
664
673
682
688
664
667
674
672
679
674
680
672
678
679
691
678
684
684
675
680
669
669
667
678
681
683
686
677
678
676
677
673
680
679
678
669
675
676
678
679
698
692
697
683
679
678
684
676
675
680
682
690
689
690
690
693
690
678
684
689
683
692
691
683
684
683
687
691
677
687
692
687
685
686
683
673
671
678
681
683
690
692
683
693
688
692
691
696
681
688
687
671
686
678
671
671
665
675
670
680
670
682
689
675
671
680
680
664
661
659
671
680
672
677
676
690
681
669
687
673
669
662
675
680
679
682
688
693
684
683
686
691
686
689
678
681
685
674
674
674
679
681
667
686
693
692
680
675
681
688
687
676
670
683
675
682
692
690
686
687
687
685
686
681
675
686
679
692
687
683
679
688
680
677
674
687
687
672
676
677
696
689
688
679
671
680
681
679
677
667
671
667
677
682
670
680
671
676
680
682
698
689
682
678
694
683
675
678
685
682
680
690
697
687
679
690
684
684
679
672
688
686
696
693
681
677
680
681
685
684
693
677
684
692
699
700
700
701
689
685
686
699
697
689
682
701
688
690
686
693
699
693
692
693
681
696
695
691
704
696
700
697
697
693
690
690
678
684
683
689
684
693
688
690
706
696
696
696
704
690
699
690
692
683
689
695
689
686
693
694
683
686
696
684
677
695
690
680
703
700
705
709
683
693
693
674
676
682
683
688
678
689
688
694
688
677
691
674
676
683
677
677
677
672
683
673
682
693
695
689
686
689
688
679
698
682
691
687
685
689
681
673
683
685
684
682
682
693
683
673
675
678
684
680
689
685
686
679
679
683
685
689
672
682
696
683
683
676
677
672
687
681
675
682
672
672
674
678
685
686
678
686
679
680
675
682
682
679
687
676
678
681
677
666
680
684
684
675
680
691
682
684
680
691
677
684
671
676
680
689
687
696
678
686
678
681
681
687
678
686
672
674
693
677
680
668
674
667
671
674
671
663
679
676
680
683
687
689
668
686
680
664
676
675
669
700
696
700
693
695
697
692
698
697
686
702
690
695
690
697
695
694
697
685
686
687
691
688
