534
535
531
538
532
522
543
544
556
568
550
554
563
539
563
571
573
573
579
578
571
585
588
584
572
578
578
582
580
576
575
573
569
572
577
579
579
584
582
576
595
584
578
592
586
582
592
582
585
587
587
574
582
585
579
577
575
576
582
591
579
592
586
592
586
590
583
582
581
585
572
580
569
580
584
582
586
584
589
581
590
585
583
585
589
584
587
607
605
589
583
579
589
578
582
589
591
596
582
598
590
580
590
576
570
569
573
586
587
586
582
575
584
578
578
579
584
595
586
583
588
583
581
593
587
586
602
586
580
583
579
576
590
596
595
579
590
600
581
601
588
596
585
584
588
590
595
598
591
594
588
582
583
586
598
587
596
584
588
593
580
587
589
587
587
585
583
576
567
579
582
582
583
579
585
590
591
582
581
591
581
575
575
574
580
596
590
588
579
585
591
592
587
593
582
587
581
576
569
588
589
596
589
600
571
584
581
581
572
587
590
580
587
584
601
581
580
593
587
585
577
579
572
575
580
583
586
585
587
586
592
593
596
602
610
603
597
596
606
602
601
592
607
602
596
598
594
599
602
589
584
603
595
587
585
595
600
598
592
600
596
591
608
602
597
591
598
593
595
587
595
594
597
610
603
605
604
623
612
607
613
583
594
595
601
599
597
597
595
594
594
594
601
597
602
613
605
611
603
612
595
599
606
602
598
603
594
593
613
601
604
621
605
604
602
596
613
617
615
613
597
616
631
612
615
616
613
621
619
610
597
605
607
607
607
611
608
610
615
614
610
611
605
613
600
612
605
623
613
604
616
595
599
601
608
603
605
603
601
598
600
599
603
608
594
598
603
605
601
608
607
617
601
598
604
597
605
593
590
596
593
596
594
585
588
599
599
602
593
598
596
603
614
624
611
617
607
601
601
616
604
598
609
606
610
607
611
612
597
596
607
604
609
605
602
599
586
601
588
597
591
594
597
604
592
598
591
604
598
600
604
594
594
597
614
594
584
593
595
595
612
596
592
597
597
605
621
602
602
611
612
606
597
599
602
595
592
610
612
599
609
608
614
616
618
610
604
609
604
607
617
625
603
630
616
620
604
598
611
622
611
620
622
619
604
616
605
613
602
609
600
599
600
608
605
596
601
605
597
602
606
598
605
602
594
607
608
596
597
605
610
602
608
615
594
614
619
621
599
624
624
621
631
633
613
608
596
585
591
604
591
612
598
591
599
606
599
608
593
591
598
592
602
598
599
595
584
603
598
600
586
594
609
591
625
625
598
598
591
587
590
605
593
609
599
593
595
579
599
590
600
602
598
591
584
593
584
591
597
590
582
576
586
583
584
598
582
602
592
581
586
595
592
592
594
589
594
600
583
589
587
579
595
577
584
599
575
575
582
582
590
568
581
603
594
600
596
582
596
605
577
577
584
583
585
570
584
588
596
574
592
594
