542
548
543
555
552
559
570
572
568
572
574
571
571
579
567
564
576
576
569
576
575
573
563
566
571
577
567
565
566
564
579
567
573
573
570
566
566
561
552
560
572
571
561
575
567
577
587
585
583
574
574
570
559
573
585
583
570
584
590
579
572
569
578
568
573
573
572
573
571
576
584
586
585
571
580
587
587
580
585
586
583
588
576
582
585
594
582
593
586
590
590
590
580
591
588
581
580
585
589
592
579
583
584
581
601
594
596
601
593
588
593
591
596
595
598
598
609
604
590
582
580
583
594
600
586
602
603
609
599
594
590
587
580
583
587
604
606
595
584
604
593
591
604
601
615
605
601
599
593
592
601
610
597
605
620
606
606
597
596
603
610
604
607
596
601
598
596
599
606
587
594
597
594
610
610
615
599
593
603
609
613
609
604
610
606
593
607
600
603
593
594
607
605
594
592
588
600
606
596
588
582
578
594
604
589
597
616
610
607
609
611
598
600
593
605
609
619
619
604
625
614
610
612
601
610
599
612
618
618
622
612
606
605
603
610
611
618
618
621
614
601
607
607
601
611
613
613
599
599
596
612
601
610
604
590
619
628
607
601
616
615
626
614
623
608
613
602
609
607
604
601
605
606
602
597
582
606
606
599
598
592
583
597
596
600
598
609
603
621
606
608
607
596
605
609
609
598
598
589
607
602
600
587
598
600
590
588
609
592
584
594
611
591
589
581
583
597
600
599
603
595
582
588
599
597
601
595
586
592
583
597
596
587
587
588
593
591
599
596
608
603
600
595
609
589
594
606
611
605
602
606
597
596
604
607
589
602
600
603
591
605
599
598
600
608
599
611
610
619
610
608
602
592
598
587
605
604
604
604
605
595
583
595
608
602
598
587
591
608
597
589
594
593
612
601
603
605
593
597
593
597
599
596
605
610
594
600
606
610
616
599
610
601
591
600
600
615
610
610
602
597
605
615
613
613
619
615
614
617
614
601
608
606
607
616
615
593
595
611
609
603
590
593
596
587
598
594
589
596
590
592
603
614
594
593
604
588
585
582
596
589
584
588
590
586
584
592
601
592
591
601
598
587
605
605
606
595
599
600
603
596
602
608
609
590
610
606
606
610
602
610
607
597
593
596
602
599
595
594
595
593
592
603
599
597
605
598
599
591
603
603
596
599
594
598
593
594
586
586
590
590
607
605
588
612
607
600
588
592
605
608
613
598
602
593
604
609
605
604
611
610
611
596
604
601
589
600
605
592
591
592
593
593
597
594
590
599
604
606
587
605
603
605
610
602
602
606
611
618
609
610
598
614
611
606
610
604
605
602
596
600
617
611
602
608
630
625
611
598
607
599
592
609
611
609
602
611
607
607
603
599
605
607
610
604
602
617
601
600
610
605
600
602
603
605
612
615
615
597
610
605
604
600
588
589
601
590
607
601
591
593
