542
545
534
546
541
554
564
554
555
552
560
561
564
549
561
564
570
560
558
554
544
558
564
556
564
551
557
564
554
556
554
563
549
565
558
560
556
552
548
550
571
554
559
564
565
572
584
568
570
567
571
567
573
574
581
572
576
585
576
586
594
570
577
570
568
571
572
586
589
583
583
588
576
574
577
577
581
578
577
569
580
574
575
577
574
578
579
587
583
570
572
592
599
591
578
581
567
578
573
579
583
590
592
577
577
575
578
574
579
579
569
581
586
582
582
578
575
580
575
580
574
574
582
573
569
584
573
570
575
574
575
572
561
578
577
582
581
574
584
573
584
585
577
573
570
589
595
602
578
580
586
580
565
569
581
584
587
598
580
586
580
582
581
585
589
592
591
592
585
586
587
591
589
587
588
585
594
584
578
586
576
575
570
573
572
579
570
585
572
587
566
577
578
585
587
576
579
581
572
578
587
592
578
582
589
581
582
581
603
590
587
584
584
576
587
584
573
587
582
584
590
583
583
581
574
582
585
589
578
593
580
575
587
577
582
581
583
584
566
581
573
580
579
589
573
579
581
585
584
595
583
574
584
579
590
595
585
585
589
588
589
576
588
584
581
574
595
581
589
604
607
595
582
585
591
591
590
593
591
581
591
591
573
563
586
587
589
586
592
592
590
601
587
586
577
586
601
599
600
586
593
594
583
592
600
593
591
587
581
582
585
594
583
579
589
595
586
594
599
594
604
605
606
605
596
594
594
599
593
587
580
575
576
584
598
602
592
594
590
583
588
586
596
596
600
592
589
587
595
581
579
589
575
574
586
595
587
599
589
591
594
589
579
584
577
578
603
595
596
594
595
599
599
596
595
603
595
601
608
594
595
589
596
590
599
586
599
589
587
583
588
582
595
597
602
585
590
587
589
588
585
589
588
587
586
579
580
583
588
586
579
574
578
585
592
586
594
594
577
584
588
592
582
594
578
576
575
576
570
585
577
575
580
584
589
573
583
583
580
584
587
590
589
595
585
592
581
591
592
579
592
584
592
594
599
593
598
586
589
575
591
573
575
587
576
580
575
571
577
580
594
593
583
587
572
581
568
561
577
572
583
584
583
579
578
579
588
579
579
580
584
587
602
589
586
588
595
589
594
585
581
580
574
588
588
605
587
579
588
582
600
586
593
582
584
581
574
576
590
599
592
591
584
567
580
582
577
586
581
582
575
581
582
571
587
585
576
566
576
567
577
570
579
574
580
580
578
577
583
585
583
600
589
583
583
585
587
585
588
582
582
592
583
586
591
601
597
600
584
596
588
589
590
596
599
591
595
600
593
603
598
593
608
589
600
587
594
594
594
586
588
590
603
590
580
582
586
577
579
588
589
585
584
590
593
583
583
588
589
591
596
601
594
586
595
594
598
600
584
590
594
593
574
598
590
591
591
592
605
592
586
594
575
586
588
587
585
585
602
576
602
