546
547
551
572
564
559
553
554
560
562
560
567
563
565
579
573
573
565
567
564
561
558
567
561
556
570
564
566
568
567
572
581
567
574
592
590
595
586
568
578
571
575
581
587
585
585
584
582
580
594
591
592
601
599
592
582
591
595
593
594
604
597
597
595
586
602
595
606
597
595
587
587
590
586
586
585
574
581
574
577
588
564
565
581
578
576
571
567
577
576
589
577
566
587
578
584
578
571
581
585
601
595
598
596
592
590
587
586
590
598
598
602
591
594
590
582
586
595
588
601
597
594
592
589
595
591
596
588
591
599
588
598
587
600
602
602
600
585
594
598
595
600
597
600
596
594
596
594
602
598
595
601
608
607
605
604
607
612
604
601
605
604
615
598
604
591
615
603
626
603
602
605
603
607
608
613
612
606
610
603
617
611
605
601
593
584
602
602
594
598
591
594
603
600
595
594
600
607
613
611
600
613
608
617
626
627
616
611
608
616
618
612
614
611
611
620
608
617
601
604
597
612
604
613
611
613
602
603
605
600
604
608
613
619
627
622
625
610
622
623
619
602
619
617
626
633
632
611
619
620
636
632
625
626
635
634
629
630
626
628
616
629
627
624
630
641
623
639
625
620
604
619
621
630
640
623
635
624
634
632
625
619
619
621
624
630
629
613
604
610
612
624
624
626
629
630
623
640
625
624
631
630
627
614
622
624
613
623
601
613
607
638
623
635
626
610
624
616
629
627
616
617
628
634
621
620
628
621
611
609
613
601
620
613
607
627
631
638
605
607
612
602
606
617
610
614
614
617
621
614
611
605
601
591
607
599
597
614
603
605
622
627
607
616
614
607
610
611
622
611
620
609
618
617
608
608
618
615
618
619
598
606
610
623
613
620
594
623
615
617
611
624
612
611
630
615
636
627
619
630
616
618
612
619
616
604
620
620
622
617
622
626
630
625
634
623
628
621
613
615
624
627
624
622
619
625
627
618
612
622
618
623
622
614
624
625
633
620
614
624
629
628
632
640
634
622
630
614
636
624
610
617
611
615
643
619
605
619
623
620
614
626
636
622
626
635
628
624
640
627
636
626
622
617
638
642
624
623
621
633
635
633
643
646
635
630
631
627
625
632
623
613
617
616
615
618
611
624
627
622
638
631
638
634
619
616
632
630
632
629
631
637
646
639
625
634
649
645
643
635
634
640
635
634
647
624
637
626
629
641
634
628
640
620
631
635
627
629
636
629
629
621
627
632
623
628
624
635
627
629
622
641
637
634
621
635
637
626
624
636
621
626
624
621
623
623
624
634
623
617
620
629
618
623
623
629
613
611
616
615
621
626
622
623
629
615
622
615
624
624
634
628
626
608
627
623
611
620
626
619
630
625
621
617
619
626
607
622
625
615
610
627
620
