538
552
562
571
568
578
573
575
578
578
575
579
578
582
573
599
592
598
595
589
584
594
589
596
600
597
598
598
607
610
603
604
613
594
619
603
593
594
588
593
607
591
590
603
593
598
597
603
597
604
605
593
605
590
601
607
594
608
591
613
599
595
592
596
594
600
618
607
601
612
612
611
594
597
610
608
602
606
605
601
603
598
615
602
598
602
599
600
599
591
592
588
614
595
595
598
606
601
599
599
606
596
602
600
601
614
617
616
613
618
600
613
613
615
626
626
612
628
600
623
620
617
624
624
616
613
614
613
616
614
615
615
610
617
604
604
620
618
623
621
612
621
628
618
628
614
611
612
617
617
617
629
624
622
626
623
642
637
629
635
630
625
623
629
639
637
619
631
636
632
630
644
646
641
635
635
634
612
619
632
625
614
625
632
618
615
598
631
606
620
624
631
625
622
617
637
629
630
621
635
635
632
622
624
636
637
637
645
644
638
626
630
633
622
618
621
628
615
623
629
630
624
634
634
628
631
633
645
645
631
633
636
642
632
628
636
627
638
634
631
630
632
639
626
626
629
632
630
640
642
648
651
637
638
642
636
641
638
643
634
643
633
636
656
650
641
647
638
654
644
646
648
642
651
649
637
646
645
647
644
646
647
661
646
639
635
643
637
650
644
643
638
640
635
639
648
636
637
648
658
642
631
652
646
649
641
646
634
646
641
652
657
633
635
647
625
646
635
638
635
639
645
640
649
636
630
632
624
626
626
639
642
634
639
634
634
635
647
642
644
648
652
641
622
643
640
647
637
639
646
637
631
636
640
653
635
630
630
646
644
632
647
637
641
640
644
658
652
658
650
642
649
653
653
643
645
647
638
642
645
647
641
639
649
639
636
645
662
648
638
630
627
625
644
636
648
649
640
635
641
645
655
649
653
654
650
653
653
653
647
643
637
638
647
647
652
651
646
638
641
640
630
631
644
643
639
632
637
633
635
635
629
629
637
625
617
646
639
635
631
628
637
627
639
639
635
636
640
646
631
658
644
638
644
653
655
645
645
628
645
632
640
648
626
642
648
648
644
649
633
638
642
629
631
637
632
635
627
628
621
637
634
625
638
632
631
644
644
629
632
630
633
622
639
622
639
646
638
647
633
640
636
638
638
632
632
623
641
636
635
626
637
652
645
634
635
620
623
622
623
626
635
633
637
622
625
618
617
631
632
635
637
620
623
615
623
626
623
639
632
617
634
636
624
634
620
626
623
629
628
632
625
635
629
644
633
649
641
632
635
640
643
633
624
620
636
640
645
634
641
638
629
631
639
632
632
641
631
646
634
645
