543
550
550
551
564
553
551
566
557
573
569
580
579
569
559
565
563
554
560
564
576
573
559
561
571
571
564
569
589
584
573
575
583
571
575
575
564
571
584
560
573
571
562
564
556
571
574
554
558
578
575
577
559
572
561
567
574
562
559
568
555
559
558
546
554
543
559
556
563
565
571
567
561
566
561
575
565
580
575
560
572
580
567
575
577
569
565
573
577
585
569
561
575
581
578
589
572
581
576
582
574
575
590
563
568
564
569
568
562
569
567
562
572
576
560
581
571
567
565
565
564
566
576
575
568
571
583
591
598
577
577
577
579
571
575
572
574
567
556
567
567
571
577
577
573
576
587
586
595
594
585
588
578
579
583
570
577
576
565
567
568
570
564
563
582
581
568
568
570
573
582
583
578
572
560
570
569
568
568
574
572
584
578
584
594
589
585
578
591
584
591
584
586
581
582
583
587
572
574
587
584
598
579
581
584
588
592
593
609
606
602
583
592
590
591
588
587
598
595
586
589
592
588
594
589
588
591
583
584
591
585
583
584
578
574
581
581
582
589
574
572
568
571
590
582
580
573
574
582
583
581
578
585
586
585
597
582
588
584
585
572
573
564
581
583
569
576
588
601
593
601
605
599
587
584
607
592
584
585
575
586
587
592
588
581
587
592
588
590
591
585
584
601
600
591
596
589
582
589
586
584
595
598
591
594
599
590
600
597
609
606
590
601
597
590
584
590
591
594
588
594
598
584
591
594
576
579
583
578
596
588
591
589
606
594
607
608
583
589
585
585
604
600
592
596
583
595
586
589
595
598
597
600
598
594
597
597
592
599
603
603
590
586
599
592
603
608
594
592
596
601
606
608
607
605
600
594
599
584
596
588
592
584
582
588
599
595
595
600
601
596
612
598
594
587
601
591
596
583
576
593
580
588
585
583
582
602
599
608
596
589
595
597
579
595
599
599
591
594
600
605
597
602
593
586
590
580
583
580
583
584
587
580
575
584
592
588
589
588
586
594
590
585
581
588
606
583
574
575
586
571
573
588
584
598
602
572
584
588
586
599
601
596
610
611
605
606
597
603
583
595
588
590
590
604
586
583
597
599
604
602
589
616
594
604
586
596
582
589
588
600
601
592
598
596
604
610
613
604
610
603
603
599
607
606
608
613
609
611
616
597
602
590
597
595
593
600
595
596
596
585
602
592
587
580
603
594
596
601
599
583
596
598
598
595
591
591
592
600
609
593
596
597
607
590
605
590
596
599
599
603
585
593
599
600
596
595
620
609
613
605
603
591
603
592
590
592
593
592
587
584
581
585
594
592
590
574
588
591
606
605
601
603
609
609
595
598
595
599
589
592
614
603
608
603
600
596
594
598
590
589
605
582
594
610
600
593
621
604
608
599
599
603
605
609
602
591
617
614
600
614
606
610
601
605
597
598
598
591
603
593
612
602
