738
735
734
736
737
733
738
737
736
737
740
733
740
731
734
740
734
731
737
738
736
733
735
729
737
733
736
733
736
737
738
735
735
741
736
729
738
737
736
739
736
735
738
735
736
738
736
737
739
734
734
737
740
736
736
734
737
736
739
736
740
733
733
735
739
739
734
736
731
733
739
734
739
741
737
728
736
734
738
735
738
739
731
739
736
733
738
737
740
739
734
736
730
736
731
736
741
736
731
738
737
735
737
736
739
733
740
740
735
739
734
737
742
734
735
733
741
734
736
735
740
734
741
739
736
737
737
737
735
735
738
739
731
734
737
739
737
736
732
739
739
740
737
738
736
735
738
732
738
739
738
732
737
736
733
733
741
738
738
737
730
728
736
735
738
731
733
739
737
740
736
736
732
739
731
733
738
736
736
736
739
734
735
738
734
735
737
738
728
740
731
741
739
739
731
732
736
738
738
734
739
735
736
736
735
733
734
735
737
737
733
738
737
738
728
734
739
735
733
735
738
735
731
737
738
736
734
731
734
737
