735
740
737
739
737
735
739
734
734
738
740
735
738
741
739
734
734
737
725
736
738
729
732
735
741
735
737
731
738
737
738
740
737
732
732
733
736
735
738
733
736
735
738
732
735
737
738
736
741
734
737
735
735
736
732
740
737
733
735
737
738
738
738
732
740
736
737
735
739
738
736
735
732
738
736
736
735
739
737
739
729
734
738
730
738
736
733
732
735
735
737
740
741
735
736
734
736
733
736
739
736
736
734
734
734
734
734
740
740
740
737
733
739
742
733
736
737
742
737
731
738
739
737
737
741
739
736
735
738
730
737
737
739
736
743
738
739
736
737
736
730
733
737
735
734
732
731
734
739
736
734
739
732
730
735
736
734
738
737
736
734
740
736
739
741
739
733
740
738
738
735
741
736
742
734
743
741
742
738
738
734
741
734
737
737
738
735
736
735
732
736
737
733
739
740
738
738
735
732
732
738
737
734
735
736
737
736
732
738
740
738
732
737
735
739
734
735
742
742
736
734
736
734
734
737
737
742
738
738
737
737
736
735
739
735
734
734
734
739
741
734
