738
735
734
740
737
736
733
735
734
729
731
735
742
738
737
735
738
739
736
740
736
738
738
737
736
735
741
735
736
738
734
738
737
734
735
734
735
734
738
735
736
735
734
735
737
737
740
736
737
740
738
740
740
736
734
740
738
737
736
733
734
734
735
733
735
734
737
735
734
737
735
737
740
741
737
739
741
740
743
739
740
740
741
739
736
736
733
738
741
741
734
739
740
738
737
734
738
741
736
733
731
740
743
736
738
738
737
740
735
736
738
742
736
740
738
741
736
734
736
739
740
739
743
738
732
738
736
733
738
738
738
732
734
741
734
735
738
737
736
742
737
735
736
740
742
739
735
738
736
734
737
739
742
737
732
738
738
738
735
737
743
734
743
734
742
737
741
738
736
738
741
738
740
731
738
738
738
734
739
739
737
738
734
741
737
737
737
744
741
738
738
738
739
741
738
740
736
734
741
734
736
736
738
735
740
739
738
741
741
737
743
741
741
739
738
737
739
736
738
737
734
742
736
736
734
736
736
733
740
736
735
740
735
739
739
