732
735
735
740
736
739
735
734
734
739
737
741
740
742
734
741
738
737
740
728
738
736
740
737
737
735
741
731
736
736
735
739
735
738
740
737
737
732
738
740
736
732
739
739
736
736
738
737
738
735
735
738
735
735
741
739
736
733
741
737
741
737
732
738
735
729
738
736
735
738
741
731
737
738
736
738
741
742
735
741
736
735
738
738
735
735
739
736
740
734
739
735
735
738
732
732
735
737
734
730
736
743
731
737
736
734
735
741
738
736
738
736
739
729
738
740
739
740
739
736
738
736
733
742
737
733
734
734
735
735
736
735
736
737
734
735
733
735
742
741
735
737
737
740
738
737
737
733
731
739
736
737
731
734
737
739
742
738
731
743
738
734
736
743
737
743
736
738
740
739
737
736
740
742
737
736
739
742
735
737
735
734
735
737
737
733
742
734
739
736
736
738
739
740
738
735
737
734
732
736
739
737
739
732
734
738
738
728
733
738
736
739
739
733
741
736
735
739
738
737
735
737
736
739
736
742
740
734
737
737
740
734
739
740
733
738
736
