740
737
740
740
739
741
740
739
738
736
736
736
736
734
735
735
735
738
735
740
737
736
735
739
739
730
735
738
734
738
739
734
734
735
740
738
736
737
738
738
733
733
729
736
737
736
737
732
739
738
736
738
732
735
738
738
736
739
733
738
734
735
736
737
735
731
737
738
737
736
740
739
733
738
738
738
736
740
742
740
735
740
737
738
738
733
736
742
738
739
739
742
734
733
742
738
736
739
737
736
739
734
740
736
741
739
739
742
738
737
739
733
739
739
739
736
739
734
742
732
735
736
734
739
735
738
739
735
736
735
738
739
739
737
736
734
734
737
737
740
737
735
739
737
740
741
741
740
739
735
741
740
744
738
734
733
740
740
738
739
740
738
740
738
739
742
740
737
741
737
737
740
741
738
739
738
738
738
741
738
733
742
735
737
741
736
739
738
735
741
741
738
738
739
735
739
741
740
738
734
736
742
740
741
743
740
738
738
741
743
738
740
740
739
739
736
742
738
736
738
735
735
740
741
739
737
739
738
738
739
741
739
737
741
737
