670
667
673
674
669
668
674
672
677
674
675
674
671
676
674
668
678
675
672
674
673
669
665
672
674
673
680
680
675
674
677
679
667
665
675
678
678
672
671
680
670
676
668
676
673
671
676
672
673
673
676
674
676
670
675
678
676
673
676
678
672
673
675
675
678
674
675
673
680
675
677
676
677
672
674
668
671
677
678
682
678
680
677
676
676
674
675
676
679
681
681
675
681
681
673
680
679
675
671
681
672
676
670
672
680
676
679
682
685
679
669
669
672
677
679
669
677
672
675
675
676
681
677
678
679
674
669
674
671
671
672
669
674
676
672
673
678
676
675
672
679
674
676
678
679
673
677
674
673
675
675
681
674
674
674
671
674
666
667
671
676
673
672
674
669
677
675
680
673
682
669
671
678
678
672
675
674
679
680
684
685
682
681
684
684
679
685
689
689
688
685
686
691
683
686
684
689
687
684
680
680
686
688
687
682
688
689
686
682
683
676
681
676
678
676
677
678
678
677
671
678
676
674
676
674
670
669
676
676
677
681
671
675
673
676
673
673
