675
666
669
671
674
672
677
675
671
679
678
670
675
671
674
670
668
677
681
672
675
675
673
677
674
675
675
677
676
672
678
673
678
681
677
673
679
676
673
662
674
676
676
674
671
677
675
677
674
675
672
676
673
673
675
678
675
678
679
682
678
672
670
671
669
671
673
672
671
671
674
674
670
672
673
677
674
669
661
665
665
667
678
680
681
675
676
674
678
673
675
675
673
670
674
677
673
670
670
676
668
669
672
674
669
668
678
672
671
674
676
675
679
675
674
681
679
676
680
679
673
678
678
678
678
677
681
677
671
675
677
674
679
680
677
677
674
683
679
683
682
679
673
683
683
682
681
684
679
683
683
682
679
682
679
681
682
682
683
683
677
673
675
679
678
675
677
676
671
674
680
679
678
677
679
680
685
680
672
679
671
673
672
675
673
670
672
677
666
670
673
679
677
677
671
673
673
673
678
665
673
676
673
681
677
677
678
673
679
673
678
673
682
676
678
677
680
678
678
677
674
672
674
677
673
676
