673
674
669
663
669
668
671
670
677
673
672
674
671
669
676
680
676
679
683
679
677
684
683
681
682
673
675
670
668
674
681
678
675
677
684
679
680
674
677
679
672
668
672
674
670
675
675
673
668
668
667
666
674
676
671
672
668
678
674
683
670
682
679
679
678
669
673
665
669
676
671
670
667
678
673
673
677
680
676
673
674
679
673
676
673
675
674
670
669
678
675
676
677
681
670
675
686
681
675
677
685
675
679
674
677
672
676
674
675
674
670
668
674
676
675
681
679
680
682
679
678
675
681
678
680
678
681
682
674
676
679
683
681
671
680
681
682
674
682
688
681
687
682
678
679
676
680
677
677
679
673
682
679
678
677
676
674
674
671
671
673
679
673
675
668
674
675
674
673
668
664
670
676
675
673
670
676
685
684
683
678
677
670
676
681
682
691
688
689
688
687
685
678
682
683
683
682
678
673
677
674
677
678
685
686
680
673
678
675
672
679
674
681
680
676
683
677
679
681
677
681
684
680
681
680
670
679
