670
666
669
668
672
670
671
681
686
681
676
680
676
675
677
680
676
681
682
687
684
682
689
684
684
684
681
681
683
684
680
678
678
677
674
675
678
681
678
677
674
675
677
671
674
670
675
675
675
673
676
678
672
680
677
675
675
676
678
683
677
677
679
683
677
681
682
684
680
679
683
684
681
679
682
677
670
677
681
671
674
674
673
673
675
669
673
684
671
681
686
682
678
683
683
684
678
681
677
673
678
682
679
673
674
681
676
671
676
666
681
678
683
683
681
678
675
678
677
681
673
679
681
683
684
682
676
674
678
681
685
677
688
678
676
678
681
676
680
683
679
684
686
684
680
680
678
680
679
685
679
680
684
678
679
682
685
683
680
675
680
683
671
682
683
678
683
681
682
677
679
680
680
679
680
678
683
685
686
680
675
669
678
684
685
680
685
682
680
685
680
681
681
685
678
681
683
680
679
682
678
676
681
681
680
672
680
680
674
674
681
684
690
687
688
682
684
682
680
685
679
682
675
680
682
674
683
676
684
677
685
