673
668
674
672
667
676
684
684
686
689
681
689
680
686
690
684
685
678
690
683
682
686
684
685
682
680
670
686
685
683
684
687
684
680
682
687
683
685
680
678
679
681
677
673
691
684
685
681
681
675
676
676
682
676
676
675
675
679
673
673
680
681
686
681
681
676
681
677
674
689
675
681
679
677
681
680
682
679
673
675
678
685
682
675
670
677
680
680
680
678
672
680
676
677
686
678
683
678
677
679
681
680
684
685
675
673
676
673
676
676
677
681
682
675
684
681
681
683
682
677
682
685
682
681
673
680
685
682
678
677
683
674
675
676
672
674
680
681
680
672
670
677
676
681
683
684
674
685
676
677
677
679
675
672
677
676
683
680
676
677
676
679
674
679
675
682
677
672
677
678
678
664
671
668
680
669
674
673
670
674
675
677
672
674
677
675
674
673
677
676
678
673
675
676
673
679
676
672
677
679
675
677
674
677
679
675
673
677
681
684
678
677
676
678
674
672
675
674
674
675
677
676
682
677
689
685
684
682
683
688
685
687
