13 21 0 0 0 0 -0.72429 0 -0 -0.72429

10 22 0 0 0 0 -0.358451 0 -0 -0.358451

9 23 0 0 0 0 -0.541907 0 -0 -0.541907

8 24 0 0 0 0 -0.875256 0 -0 -0.875256

5 27 0 0 0 0 -0.492622 0 -0 -0.492622

3 29 0 0 0 0 -0.514082 0 -0 -0.514082

2 30 0 0 0 0 -0.775519 0 -0 -0.775519

51 61 0 0 0 0 -0.718086 0 -0 -0.718086

50 62 0 0 0 0 -0.629236 0 -0 -0.629236

48 64 0 0 0 0 -0.800394 -2.38037e-28 -0 -0.800394

47 65 0 0 0 0 -0.372365 0 -0 -0.372365

77 84 0 0 0 0 -0.864811 0 -0 -0.864811

73 87 0 0 0 0 -0.620209 0 -0 -0.620209

72 88 0 0 0 0 -0.540838 0 -0 -0.540838

71 89 0 0 0 0 -0.300585 -4.8118e-06 -0 -0.300589

105 115 0 0 0 0 -0.707588 0 -0 -0.707588

104 116 0 0 0 0 -1.03503 0 -0 -1.03503

103 117 0 0 0 0 -0.355216 0 -0 -0.355216

102 118 0 0 0 0 -0.862113 0 -0 -0.862113

101 119 0 0 0 0 -0.42446 -2.47478e-16 -0 -0.42446

709 716 0 0 0 0 -0.483713 0 -0 -0.483713

708 717 0 0 0 0 -1.03063 0 -0 -1.03063

707 718 0 0 0 0 -0.277709 0 -0 -0.277709

706 720 0 0 0 0 -0.890086 0 -0 -0.890086

703 723 0 0 0 0 -0.684015 0 -0 -0.684015

702 724 0 0 0 0 -0.47416 0 -0 -0.47416

701 725 0 0 0 0 -0.297385 0 -0 -0.297385

699 727 0 0 0 0 -0.592237 0 -0 -0.592237

698 728 0 0 0 0 -0.562093 0 -0 -0.562093

694 731 0 0 0 0 -0.828463 0 -0 -0.828463

693 732 0 0 0 0 -0.616469 0 -0 -0.616469

692 733 0 0 0 0 -0.504941 0 -0 -0.504941

691 734 0 0 0 0 -0.679101 0 -0 -0.679101

688 738 0 0 0 0 -0.528874 0 -0 -0.528874

687 739 0 0 0 0 -0.468709 0 -0 -0.468709

686 740 0 0 0 0 -0.509844 0 -0 -0.509844

591 743 0 0 0 0 -0.659728 0 -0 -0.659728

590 744 0 0 0 0 -0.835835 0 -0 -0.835835

754 761 0 0 0 0 -0.672914 0 -0 -0.672914

753 762 0 0 0 0 -0.667888 0 -0 -0.667888

752 763 0 0 0 0 -0.824967 0 -0 -0.824967

751 764 0 0 0 0 -0.594604 0 -0 -0.594604

750 765 0 0 0 0 -0.736025 0 -0 -0.736025

748 770 0 0 0 0 -0.230777 -1.30281e-05 -0 -0.23079

747 771 0 0 0 0 -0.96827 0 -0 -0.96827

746 772 0 0 0 0 -0.461958 -2.79106e-16 -0 -0.461958

537 794 0 0 0 0 -0.634322 0 -0 -0.634322

536 795 0 0 0 0 -0.553382 0 -0 -0.553382

535 796 0 0 0 0 -0.565484 0 -0 -0.565484

534 797 0 0 0 0 -0.820877 0 -0 -0.820877

533 798 0 0 0 0 -0.686392 0 -0 -0.686392

532 799 0 0 0 0 -0.428145 0 -0 -0.428145

531 800 0 0 0 0 -0.554925 0 -0 -0.554925

530 801 0 0 0 0 -0.661571 0 -0 -0.661571

529 802 0 0 0 0 -0.693927 0 -0 -0.693927

528 803 0 0 0 0 -0.82802 0 -0 -0.82802

527 804 0 0 0 0 -0.35896 -6.62383e-20 -0 -0.35896

526 805 0 0 0 0 -0.722998 0 -0 -0.722998

525 806 0 0 0 0 -0.822056 0 -0 -0.822056

524 807 0 0 0 0 -0.441267 0 -0 -0.441267

513 808 0 0 0 0 -0.661726 0 -0 -0.661726

512 809 0 0 0 0 -0.640508 0 -0 -0.640508

511 810 0 0 0 0 -0.708897 0 -0 -0.708897

510 811 0 0 0 0 -0.620959 0 -0 -0.620959

509 812 0 0 0 0 -0.763796 0 -0 -0.763796

508 813 0 0 0 0 -0.665292 0 -0 -0.665292

507 814 0 0 0 0 -0.737165 0 -0 -0.737165

506 815 0 0 0 0 -0.367206 0 -0 -0.367206

505 816 0 0 0 0 -0.545696 0 -0 -0.545696

504 817 0 0 0 0 -0.616472 0 -0 -0.616472

503 818 0 0 0 0 -0.546371 0 -0 -0.546371

502 819 0 0 0 0 -0.495137 0 -0 -0.495137

501 820 0 0 0 0 -0.408227 0 -0 -0.408227

500 821 0 0 0 0 -0.348362 -1.14928e-05 -0 -0.348374

133 822 0 0 0 0 -0.507222 0 -0 -0.507222

132 823 0 0 0 0 -0.674728 0 -0 -0.674728

131 824 0 0 0 0 -0.566172 0 -0 -0.566172

130 825 0 0 0 0 -0.753402 0 -0 -0.753402

129 826 0 0 0 0 -0.937523 0 -0 -0.937523

128 827 0 0 0 0 -0.537322 0 -0 -0.537322

127 828 0 0 0 0 -0.620365 0 -0 -0.620365

126 829 0 0 0 0 -0.80032 0 -0 -0.80032

125 830 0 0 0 0 -0.935484 0 -0 -0.935484

124 831 0 0 0 0 -0.607561 0 -0 -0.607561

123 832 0 0 0 0 -0.809147 0 -0 -0.809147

122 833 0 0 0 0 -0.775663 0 -0 -0.775663

121 834 0 0 0 0 -0.665827 0 -0 -0.665827

120 835 0 0 0 0 -0.76863 0 -0 -0.76863

659 836 0 0 0 0 -0.930423 0 -0 -0.930423

658 837 0 0 0 0 -0.602538 0 -0 -0.602538

657 838 0 0 0 0 -0.477826 0 -0 -0.477826

656 839 0 0 0 0 -0.454306 0 -0 -0.454306

655 840 0 0 0 0 -0.512187 0 -0 -0.512187

654 841 0 0 0 0 -0.427697 0 -0 -0.427697

653 842 0 0 0 0 -0.629575 0 -0 -0.629575

652 843 0 0 0 0 -0.55935 0 -0 -0.55935

651 844 0 0 0 0 -0.526925 0 -0 -0.526925

650 845 0 0 0 0 -0.529036 0 -0 -0.529036

649 846 0 0 0 0 -0.923171 0 -0 -0.923171

648 847 0 0 0 0 -0.819856 0 -0 -0.819856

647 848 0 0 0 0 -0.580326 0 -0 -0.580326

646 849 0 0 0 0 -0.961605 0 -0 -0.961605

147 850 0 0 0 0 -0.540247 0 -0 -0.540247

146 851 0 0 0 0 -0.55535 0 -0 -0.55535

145 852 0 0 0 0 -0.986628 0 -0 -0.986628

144 853 0 0 0 0 -0.894507 0 -0 -0.894507

143 854 0 0 0 0 -0.498992 0 -0 -0.498992

142 855 0 0 0 0 -0.585414 0 -0 -0.585414

141 856 0 0 0 0 -0.666588 0 -0 -0.666588

140 857 0 0 0 0 -0.603052 0 -0 -0.603052

139 858 0 0 0 0 -0.657419 0 -0 -0.657419

138 859 0 0 0 0 -0.645335 0 -0 -0.645335

137 860 0 0 0 0 -0.530003 0 -0 -0.530003

136 861 0 0 0 0 -0.605194 0 -0 -0.605194

135 862 0 0 0 0 -0.619241 0 -0 -0.619241

134 863 0 0 0 0 -0.910026 0 -0 -0.910026

499 864 0 0 0 0 -0.139339 0 -0 -0.139339

498 865 0 0 0 0 -0.557417 0 -0 -0.557417

497 866 0 0 0 0 -0.727071 0 -0 -0.727071

496 867 0 0 0 0 -0.597845 0 -0 -0.597845

495 868 0 0 0 0 -0.961185 0 -0 -0.961185

494 869 0 0 0 0 -0.650468 0 -0 -0.650468

493 870 0 0 0 0 -0.936615 0 -0 -0.936615

492 871 0 0 0 0 -0.983051 0 -0 -0.983051

491 872 0 0 0 0 -0.981555 0 -0 -0.981555

490 873 0 0 0 0 -0.637129 0 -0 -0.637129

489 874 0 0 0 0 -0.654985 0 -0 -0.654985

488 875 0 0 0 0 -0.640994 0 -0 -0.640994

487 876 0 0 0 0 -0.553221 0 -0 -0.553221

486 877 0 0 0 0 -0.987143 0 -0 -0.987143

485 878 0 0 0 0 -0.460484 0 -0 -0.460484

484 879 0 0 0 0 -0.984597 0 -0 -0.984597

483 880 0 0 0 0 -0.519543 0 -0 -0.519543

482 881 0 0 0 0 -0.626861 0 -0 -0.626861

481 882 0 0 0 0 -0.749852 0 -0 -0.749852

480 883 0 0 0 0 -0.391011 -1.42676e-16 -0 -0.391011

479 884 0 0 0 0 -0.51048 0 -0 -0.51048

478 885 0 0 0 0 -0.265099 0 -0 -0.265099

477 886 0 0 0 0 -0.665273 0 -0 -0.665273

476 887 0 0 0 0 -0.685014 0 -0 -0.685014

475 888 0 0 0 0 -0.520507 0 -0 -0.520507

474 889 0 0 0 0 -0.673358 -3.72564e-28 -0 -0.673358

473 890 0 0 0 0 -0.53388 0 -0 -0.53388

472 891 0 0 0 0 -0.64388 0 -0 -0.64388

377 892 0 0 0 0 -1.00238 0 -0 -1.00238

376 893 0 0 0 0 -0.417915 0 -0 -0.417915

375 894 0 0 0 0 -0.5425 0 -0 -0.5425

374 895 0 0 0 0 -0.597914 0 -0 -0.597914

373 896 0 0 0 0 -0.385425 0 -0 -0.385425

372 897 0 0 0 0 -0.886564 -7.14937e-30 -0 -0.886564

371 898 0 0 0 0 -0.570359 0 -0 -0.570359

370 899 0 0 0 0 -0.528936 0 -0 -0.528936

369 900 0 0 0 0 -0.277536 0 -0 -0.277536

556 901 0 0 0 0 -0.752793 -2.0521e-27 -0 -0.752793

555 902 0 0 0 0 -0.657749 0 -0 -0.657749

554 903 0 0 0 0 -0.975735 0 -0 -0.975735

553 904 0 0 0 0 -0.51771 0 -0 -0.51771

552 905 0 0 0 0 -0.439632 0 -0 -0.439632

551 906 0 0 0 0 -0.485628 0 -0 -0.485628

550 907 0 0 0 0 -0.860865 0 -0 -0.860865

549 908 0 0 0 0 -0.918869 0 -0 -0.918869

548 909 0 0 0 0 -0.817611 0 -0 -0.817611

547 910 0 0 0 0 -0.922386 0 -0 -0.922386

546 911 0 0 0 0 -0.928935 0 -0 -0.928935

545 912 0 0 0 0 -0.637315 0 -0 -0.637315

544 913 0 0 0 0 -0.620373 0 -0 -0.620373

543 914 0 0 0 0 -0.965984 0 -0 -0.965984

542 915 0 0 0 0 -0.824162 0 -0 -0.824162

541 916 0 0 0 0 -0.586407 0 -0 -0.586407

540 917 0 0 0 0 -0.735592 0 -0 -0.735592

539 918 0 0 0 0 -0.66426 0 -0 -0.66426

538 919 0 0 0 0 -0.668883 0 -0 -0.668883

398 920 0 0 0 0 -0.925592 0 -0 -0.925592

397 921 0 0 0 0 -0.401314 0 -0 -0.401314

396 922 0 0 0 0 -0.590005 -2.97409e-27 -0 -0.590005

395 923 0 0 0 0 -0.707194 0 -0 -0.707194

394 924 0 0 0 0 -0.435718 0 -0 -0.435718

393 925 0 0 0 0 -0.159927 0 -0 -0.159927

392 926 0 0 0 0 -0.547126 0 -0 -0.547126

391 927 0 0 0 0 -0.849125 0 -0 -0.849125

390 928 0 0 0 0 -1.01461 0 -0 -1.01461

389 929 0 0 0 0 -0.531848 0 -0 -0.531848

388 930 0 0 0 0 -0.775197 0 -0 -0.775197

387 931 0 0 0 0 -0.788141 0 -0 -0.788141

386 932 0 0 0 0 -0.962306 0 -0 -0.962306

385 933 0 0 0 0 -0.397119 0 -0 -0.397119

384 934 0 0 0 0 -0.615815 0 -0 -0.615815

383 935 0 0 0 0 -0.545668 0 -0 -0.545668

382 936 0 0 0 0 -0.745906 0 -0 -0.745906

381 937 0 0 0 0 -0.79191 0 -0 -0.79191

380 938 0 0 0 0 -0.498573 0 -0 -0.498573

379 939 0 0 0 0 -0.893493 0 -0 -0.893493

378 940 0 0 0 0 -0.483336 0 -0 -0.483336

471 941 0 0 0 0 -0.599781 -1.83836e-21 -0 -0.599781

470 942 0 0 0 0 -0.558105 -1.20893e-33 -0 -0.558105

469 943 0 0 0 0 -0.571451 0 -0 -0.571451

468 944 0 0 0 0 -0.493971 0 -0 -0.493971

467 945 0 0 0 0 -0.887393 0 -0 -0.887393

466 946 0 0 0 0 -0.828518 0 -0 -0.828518

465 947 0 0 0 0 -0.573586 0 -0 -0.573586

464 948 0 0 0 0 -0.775984 0 -0 -0.775984

463 949 0 0 0 0 -0.171876 0 -0 -0.171876

462 950 0 0 0 0 -0.670845 0 -0 -0.670845

461 951 0 0 0 0 -0.698526 0 -0 -0.698526

460 952 0 0 0 0 -0.787687 0 -0 -0.787687

459 953 0 0 0 0 -0.341598 -6.21096e-07 -0 -0.341599

458 954 0 0 0 0 -0.904544 0 -0 -0.904544

175 955 0 0 0 0 -0.458551 0 -0 -0.458551

174 956 0 0 0 0 -0.498295 0 -0 -0.498295

173 957 0 0 0 0 -0.695481 0 -0 -0.695481

172 958 0 0 0 0 -0.640608 0 -0 -0.640608

171 959 0 0 0 0 -0.834297 0 -0 -0.834297

170 960 0 0 0 0 -0.572829 0 -0 -0.572829

169 961 0 0 0 0 -0.51274 0 -0 -0.51274

168 962 0 0 0 0 -0.697572 0 -0 -0.697572

167 963 0 0 0 0 -0.284927 0 -0 -0.284927

166 964 0 0 0 0 -0.579705 0 -0 -0.579705

165 965 0 0 0 0 -0.906363 0 -0 -0.906363

164 966 0 0 0 0 -0.841763 0 -0 -0.841763

163 967 0 0 0 0 -0.887463 0 -0 -0.887463

162 968 0 0 0 0 -0.450317 -2.13254e-11 -0 -0.450317

234 969 0 0 0 0 -0.698355 0 -0 -0.698355

233 970 0 0 0 0 -0.91726 0 -0 -0.91726

232 971 0 0 0 0 -0.726162 0 -0 -0.726162

231 972 0 0 0 0 -0.705921 0 -0 -0.705921

230 973 0 0 0 0 -0.795401 0 -0 -0.795401

229 974 0 0 0 0 -0.483794 0 -0 -0.483794

190 975 0 0 0 0 -0.441048 0 -0 -0.441048

189 976 0 0 0 0 -0.954686 0 -0 -0.954686

188 977 0 0 0 0 -0.742498 0 -0 -0.742498

187 978 0 0 0 0 -0.39994 0 -0 -0.39994

186 979 0 0 0 0 -0.434056 0 -0 -0.434056

185 980 0 0 0 0 -0.807076 0 -0 -0.807076

184 981 0 0 0 0 -0.550889 0 -0 -0.550889

183 982 0 0 0 0 -0.329243 -3.82835e-06 -0 -0.329247

182 983 0 0 0 0 -0.803929 0 -0 -0.803929

181 984 0 0 0 0 -0.69935 0 -0 -0.69935

180 985 0 0 0 0 -0.665425 0 -0 -0.665425

179 986 0 0 0 0 -0.574099 0 -0 -0.574099

178 987 0 0 0 0 -0.350125 0 -0 -0.350125

177 988 0 0 0 0 -0.5719 0 -0 -0.5719

176 989 0 0 0 0 -0.525279 0 -0 -0.525279

457 990 0 0 0 0 -0.849452 0 -0 -0.849452

456 991 0 0 0 0 -0.664783 0 -0 -0.664783

455 992 0 0 0 0 -0.382654 0 -0 -0.382654

454 993 0 0 0 0 -0.392899 0 -0 -0.392899

453 994 0 0 0 0 -0.517021 0 -0 -0.517021

452 995 0 0 0 0 -0.942318 0 -0 -0.942318

451 996 0 0 0 0 -0.740488 0 -0 -0.740488

450 997 0 0 0 0 -0.671809 -3.77508e-27 -0 -0.671809

449 998 0 0 0 0 -0.452574 0 -0 -0.452574

448 999 0 0 0 0 -0.62192 0 -0 -0.62192

447 1000 0 0 0 0 -0.896782 0 -0 -0.896782

446 1001 0 0 0 0 -0.568914 0 -0 -0.568914

445 1002 0 0 0 0 -0.934042 0 -0 -0.934042

444 1003 0 0 0 0 -0.442085 0 -0 -0.442085

293 1004 0 0 0 0 -0.649839 0 -0 -0.649839

292 1005 0 0 0 0 -0.904473 0 -0 -0.904473

291 1006 0 0 0 0 -0.993474 0 -0 -0.993474

290 1007 0 0 0 0 -0.601539 0 -0 -0.601539

289 1008 0 0 0 0 -0.954715 0 -0 -0.954715

288 1009 0 0 0 0 -0.825837 -1.69768e-28 -0 -0.825837

287 1010 0 0 0 0 -0.880087 0 -0 -0.880087

286 1011 0 0 0 0 -0.624304 0 -0 -0.624304

285 1012 0 0 0 0 -0.539902 0 -0 -0.539902

284 1013 0 0 0 0 -0.649774 0 -0 -0.649774

283 1014 0 0 0 0 -0.658807 0 -0 -0.658807

282 1015 0 0 0 0 -0.838274 0 -0 -0.838274

281 1016 0 0 0 0 -0.419556 0 -0 -0.419556

280 1017 0 0 0 0 -0.570424 0 -0 -0.570424

345 1018 0 0 0 0 -0.555973 0 -0 -0.555973

344 1019 0 0 0 0 -0.90004 0 -0 -0.90004

343 1020 0 0 0 0 -0.632127 0 -0 -0.632127

342 1021 0 0 0 0 -0.711368 0 -0 -0.711368

341 1022 0 0 0 0 -0.751974 0 -0 -0.751974

340 1023 0 0 0 0 -0.561 0 -0 -0.561

339 1024 0 0 0 0 -0.369553 0 -0 -0.369553

338 1025 0 0 0 0 -0.285118 0 -0 -0.285118

337 1026 0 0 0 0 -0.468901 0 -0 -0.468901

336 1027 0 0 0 0 -0.898876 0 -0 -0.898876

335 1028 0 0 0 0 -0.9928 0 -0 -0.9928

334 1029 0 0 0 0 -0.624391 0 -0 -0.624391

333 1030 0 0 0 0 -0.518329 0 -0 -0.518329

332 1031 0 0 0 0 -0.28903 0 -0 -0.28903

405 1032 0 0 0 0 -0.807161 0 -0 -0.807161

404 1033 0 0 0 0 -0.587775 0 -0 -0.587775

403 1034 0 0 0 0 -0.473242 0 -0 -0.473242

402 1035 0 0 0 0 -0.470568 0 -0 -0.470568

401 1036 0 0 0 0 -0.817018 0 -0 -0.817018

400 1037 0 0 0 0 -0.705555 0 -0 -0.705555

399 1038 0 0 0 0 -0.890382 0 -0 -0.890382

443 1039 0 0 0 0 -0.658362 0 -0 -0.658362

442 1040 0 0 0 0 -0.643122 0 -0 -0.643122

441 1041 0 0 0 0 -0.581199 0 -0 -0.581199

440 1042 0 0 0 0 -0.645846 0 -0 -0.645846

439 1043 0 0 0 0 -0.448886 0 -0 -0.448886

438 1044 0 0 0 0 -0.964144 0 -0 -0.964144

437 1045 0 0 0 0 -0.748555 0 -0 -0.748555

436 1046 0 0 0 0 -0.641676 0 -0 -0.641676

435 1047 0 0 0 0 -0.601894 0 -0 -0.601894

434 1048 0 0 0 0 -0.605137 0 -0 -0.605137

432 1050 0 0 0 0 -0.789428 0 -0 -0.789428

431 1051 0 0 0 0 -0.630567 0 -0 -0.630567

430 1052 0 0 0 0 -1.02194 0 -0 -1.02194

418 1054 0 0 0 0 -0.393779 0 -0 -0.393779

417 1055 0 0 0 0 -0.642558 0 -0 -0.642558

416 1056 0 0 0 0 -0.426071 0 -0 -0.426071

415 1057 0 0 0 0 -0.49092 0 -0 -0.49092

414 1058 0 0 0 0 -0.651819 0 -0 -0.651819

413 1059 0 0 0 0 -0.565726 0 -0 -0.565726

412 1060 0 0 0 0 -0.485205 0 -0 -0.485205

411 1061 0 0 0 0 -0.538054 0 -0 -0.538054

410 1062 0 0 0 0 -0.601706 0 -0 -0.601706

409 1063 0 0 0 0 -0.55477 0 -0 -0.55477

408 1064 0 0 0 0 -0.961315 0 -0 -0.961315

407 1065 0 0 0 0 -0.429783 0 -0 -0.429783

406 1066 0 0 0 0 -1.03219 0 -0 -1.03219

331 1067 0 0 0 0 -0.629107 0 -0 -0.629107

330 1068 0 0 0 0 -0.774742 0 -0 -0.774742

329 1069 0 0 0 0 -0.896807 0 -0 -0.896807

328 1070 0 0 0 0 -0.83991 0 -0 -0.83991

327 1071 0 0 0 0 -0.486782 0 -0 -0.486782

326 1072 0 0 0 0 -0.890753 0 -0 -0.890753

325 1073 0 0 0 0 -0.2253 0 -0 -0.2253

324 1074 0 0 0 0 -0.65391 0 -0 -0.65391

323 1075 0 0 0 0 -0.909596 0 -0 -0.909596

322 1076 0 0 0 0 -0.847476 0 -0 -0.847476

321 1077 0 0 0 0 -0.471996 0 -0 -0.471996

320 1078 0 0 0 0 -0.289734 0 -0 -0.289734

319 1079 0 0 0 0 -0.490721 0 -0 -0.490721

318 1080 0 0 0 0 -0.423801 0 -0 -0.423801

627 1081 0 0 0 0 -0.50254 -3.8116e-27 -0 -0.50254

626 1082 0 0 0 0 -0.585993 0 -0 -0.585993

625 1083 0 0 0 0 -0.476832 0 -0 -0.476832

624 1084 0 0 0 0 -0.731973 0 -0 -0.731973

623 1085 0 0 0 0 -0.568449 0 -0 -0.568449

622 1086 0 0 0 0 -0.37684 0 -0 -0.37684

621 1087 0 0 0 0 -0.929958 0 -0 -0.929958

620 1088 0 0 0 0 -0.584023 0 -0 -0.584023

619 1089 0 0 0 0 -0.896147 0 -0 -0.896147

618 1090 0 0 0 0 -0.826688 0 -0 -0.826688

617 1091 0 0 0 0 -0.593896 0 -0 -0.593896

616 1092 0 0 0 0 -0.842533 0 -0 -0.842533

615 1093 0 0 0 0 -0.622834 0 -0 -0.622834

614 1094 0 0 0 0 -0.596496 0 -0 -0.596496

575 1095 0 0 0 0 -0.374832 0 -0 -0.374832

574 1096 0 0 0 0 -0.610339 0 -0 -0.610339

573 1097 0 0 0 0 -0.511887 0 -0 -0.511887

572 1098 0 0 0 0 -0.536574 0 -0 -0.536574

571 1099 0 0 0 0 -0.570778 0 -0 -0.570778

570 1100 0 0 0 0 -0.573079 0 -0 -0.573079

569 1101 0 0 0 0 -0.640061 0 -0 -0.640061

568 1102 0 0 0 0 -0.730449 0 -0 -0.730449

567 1103 0 0 0 0 -1.00569 0 -0 -1.00569

566 1104 0 0 0 0 -0.937683 0 -0 -0.937683

565 1105 0 0 0 0 -0.56247 0 -0 -0.56247

564 1106 0 0 0 0 -0.346696 0 -0 -0.346696

563 1107 0 0 0 0 -0.224813 0 -0 -0.224813

562 1108 0 0 0 0 -0.702467 0 -0 -0.702467

561 1109 0 0 0 0 -0.612907 0 -0 -0.612907

560 1110 0 0 0 0 -0.547445 -1.24444e-28 -0 -0.547445

559 1111 0 0 0 0 -0.875464 0 -0 -0.875464

558 1112 0 0 0 0 -0.641748 0 -0 -0.641748

557 1113 0 0 0 0 -0.639613 0 -0 -0.639613

368 1114 0 0 0 0 -0.112211 0 -0 -0.112211

367 1115 0 0 0 0 -0.669395 0 -0 -0.669395

366 1116 0 0 0 0 -0.547203 0 -0 -0.547203

365 1117 0 0 0 0 -0.827877 0 -0 -0.827877

364 1118 0 0 0 0 -0.525484 0 -0 -0.525484

363 1119 0 0 0 0 -0.515144 0 -0 -0.515144

362 1120 0 0 0 0 -0.141341 0 -0 -0.141341

361 1121 0 0 0 0 -0.411093 0 -0 -0.411093

360 1122 0 0 0 0 -0.355738 -7.5045e-06 -0 -0.355746

359 1123 0 0 0 0 -0.36836 0 -0 -0.36836

358 1124 0 0 0 0 -0.751513 0 -0 -0.751513

357 1125 0 0 0 0 -0.707723 0 -0 -0.707723

356 1126 0 0 0 0 -0.968189 0 -0 -0.968189

355 1127 0 0 0 0 -0.828853 0 -0 -0.828853

354 1128 0 0 0 0 -0.325808 -5.81934e-06 -0 -0.325814

353 1129 0 0 0 0 -0.790844 0 -0 -0.790844

352 1130 0 0 0 0 -0.560783 0 -0 -0.560783

351 1131 0 0 0 0 -0.859869 0 -0 -0.859869

350 1132 0 0 0 0 -0.993403 0 -0 -0.993403

349 1133 0 0 0 0 -0.782561 0 -0 -0.782561

348 1134 0 0 0 0 -0.6867 0 -0 -0.6867

347 1135 0 0 0 0 -0.664816 0 -0 -0.664816

346 1136 0 0 0 0 -0.739568 0 -0 -0.739568

279 1137 0 0 0 0 -0.651087 0 -0 -0.651087

278 1138 0 0 0 0 -0.799854 0 -0 -0.799854

277 1139 0 0 0 0 -0.69926 0 -0 -0.69926

276 1140 0 0 0 0 -0.863434 0 -0 -0.863434

275 1141 0 0 0 0 -0.583434 0 -0 -0.583434

274 1142 0 0 0 0 -0.493887 0 -0 -0.493887

273 1143 0 0 0 0 -0.852982 0 -0 -0.852982

272 1144 0 0 0 0 -0.944249 0 -0 -0.944249

271 1145 0 0 0 0 -0.572991 0 -0 -0.572991

270 1146 0 0 0 0 -0.958373 0 -0 -0.958373

269 1147 0 0 0 0 -0.380057 0 -0 -0.380057

268 1148 0 0 0 0 -0.600898 0 -0 -0.600898

267 1149 0 0 0 0 -0.559662 0 -0 -0.559662

266 1150 0 0 0 0 -0.997781 0 -0 -0.997781

265 1151 0 0 0 0 -0.519049 0 -0 -0.519049

264 1152 0 0 0 0 -0.4175 0 -0 -0.4175

263 1153 0 0 0 0 -0.573512 0 -0 -0.573512

262 1154 0 0 0 0 -0.901337 0 -0 -0.901337

261 1155 0 0 0 0 -0.621839 0 -0 -0.621839

636 1156 0 0 0 0 -0.711442 0 -0 -0.711442

635 1157 0 0 0 0 -0.647601 0 -0 -0.647601

634 1158 0 0 0 0 -0.553538 0 -0 -0.553538

633 1159 0 0 0 0 -0.86126 0 -0 -0.86126

632 1160 0 0 0 0 -0.569881 0 -0 -0.569881

631 1161 0 0 0 0 -0.561125 -3.69701e-13 -0 -0.561125

630 1162 0 0 0 0 -0.457749 0 -0 -0.457749

629 1163 0 0 0 0 -0.955815 0 -0 -0.955815

628 1164 0 0 0 0 -0.515462 0 -0 -0.515462

589 1165 0 0 0 0 -0.854567 0 -0 -0.854567

588 1166 0 0 0 0 -0.272447 0 -0 -0.272447

587 1167 0 0 0 0 -0.552348 0 -0 -0.552348

586 1168 0 0 0 0 -0.659087 0 -0 -0.659087

585 1169 0 0 0 0 -0.622628 -1.07341e-16 -0 -0.622628

584 1170 0 0 0 0 -0.604326 0 -0 -0.604326

583 1171 0 0 0 0 -0.204016 0 -0 -0.204016

582 1172 0 0 0 0 -0.727337 0 -0 -0.727337

581 1173 0 0 0 0 -0.454468 0 -0 -0.454468

580 1174 0 0 0 0 -0.651983 0 -0 -0.651983

579 1175 0 0 0 0 -0.667843 0 -0 -0.667843

578 1176 0 0 0 0 -0.797937 0 -0 -0.797937

577 1177 0 0 0 0 -0.596393 0 -0 -0.596393

576 1178 0 0 0 0 -0.635001 0 -0 -0.635001

613 1179 0 0 0 0 -0.967803 0 -0 -0.967803

612 1180 0 0 0 0 -0.808779 0 -0 -0.808779

611 1181 0 0 0 0 -0.598548 0 -0 -0.598548

610 1182 0 0 0 0 -0.935429 0 -0 -0.935429

609 1183 0 0 0 0 -0.526389 0 -0 -0.526389

608 1184 0 0 0 0 -0.546404 -9.3576e-19 -0 -0.546404

607 1185 0 0 0 0 -0.639487 0 -0 -0.639487

606 1186 0 0 0 0 -1.02881 0 -0 -1.02881

605 1187 0 0 0 0 -1.00573 0 -0 -1.00573

604 1188 0 0 0 0 -0.687879 0 -0 -0.687879

603 1189 0 0 0 0 -0.581162 0 -0 -0.581162

602 1190 0 0 0 0 -0.886926 0 -0 -0.886926

601 1191 0 0 0 0 -0.829428 0 -0 -0.829428

600 1192 0 0 0 0 -0.885312 0 -0 -0.885312

673 1193 0 0 0 0 -0.931407 0 -0 -0.931407

672 1194 0 0 0 0 -1.01471 0 -0 -1.01471

671 1195 0 0 0 0 -0.745481 0 -0 -0.745481

670 1196 0 0 0 0 -0.634626 0 -0 -0.634626

669 1197 0 0 0 0 -0.580482 0 -0 -0.580482

668 1198 0 0 0 0 -0.604991 0 -0 -0.604991

667 1199 0 0 0 0 -0.570328 0 -0 -0.570328

666 1200 0 0 0 0 -0.728926 0 -0 -0.728926

665 1201 0 0 0 0 -0.580561 0 -0 -0.580561

664 1202 0 0 0 0 -0.617513 -5.94948e-17 -0 -0.617513

663 1203 0 0 0 0 -0.473607 0 -0 -0.473607

662 1204 0 0 0 0 -0.856838 0 -0 -0.856838

661 1205 0 0 0 0 -0.925528 0 -0 -0.925528

660 1206 0 0 0 0 -0.542595 0 -0 -0.542595

203 1207 0 0 0 0 -0.994765 0 -0 -0.994765

202 1208 0 0 0 0 -0.379455 0 -0 -0.379455

201 1209 0 0 0 0 -0.929154 0 -0 -0.929154

200 1210 0 0 0 0 -0.605076 0 -0 -0.605076

199 1211 0 0 0 0 -0.569023 -3.60132e-29 -0 -0.569023

198 1212 0 0 0 0 -0.79341 0 -0 -0.79341

197 1213 0 0 0 0 -0.647447 0 -0 -0.647447

196 1214 0 0 0 0 -0.945403 0 -0 -0.945403

195 1215 0 0 0 0 -0.685047 0 -0 -0.685047

194 1216 0 0 0 0 -0.714777 0 -0 -0.714777

193 1217 0 0 0 0 -1.05934 0 -0 -1.05934

192 1218 0 0 0 0 -0.707665 0 -0 -0.707665

191 1219 0 0 0 0 -0.457906 -1.43004e-26 -0 -0.457906

228 1220 0 0 0 0 -0.440385 0 -0 -0.440385

227 1221 0 0 0 0 -0.501248 0 -0 -0.501248

226 1222 0 0 0 0 -0.594836 0 -0 -0.594836

225 1223 0 0 0 0 -0.993322 0 -0 -0.993322

224 1224 0 0 0 0 -0.584302 0 -0 -0.584302

223 1225 0 0 0 0 -0.382481 0 -0 -0.382481

222 1226 0 0 0 0 -0.943429 0 -0 -0.943429

221 1227 0 0 0 0 -0.625934 0 -0 -0.625934

220 1228 0 0 0 0 -0.169046 0 -0 -0.169046

219 1229 0 0 0 0 -0.340112 0 -0 -0.340112

218 1230 0 0 0 0 -0.942771 0 -0 -0.942771

217 1231 0 0 0 0 -0.585075 0 -0 -0.585075

216 1232 0 0 0 0 -0.952826 0 -0 -0.952826

215 1233 0 0 0 0 -0.814594 0 -0 -0.814594

214 1234 0 0 0 0 -0.588185 0 -0 -0.588185

307 1235 0 0 0 0 -0.131629 0 -0 -0.131629

306 1236 0 0 0 0 -0.944001 0 -0 -0.944001

305 1237 0 0 0 0 -0.592238 0 -0 -0.592238

304 1238 0 0 0 0 -0.438453 0 -0 -0.438453

303 1239 0 0 0 0 -0.7794 0 -0 -0.7794

302 1240 0 0 0 0 -1.02164 0 -0 -1.02164

301 1241 0 0 0 0 -0.478686 -2.84895e-28 -0 -0.478686

300 1242 0 0 0 0 -0.880479 0 -0 -0.880479

299 1243 0 0 0 0 -0.528367 0 -0 -0.528367

298 1244 0 0 0 0 -0.934298 0 -0 -0.934298

297 1245 0 0 0 0 -0.768853 0 -0 -0.768853

296 1246 0 0 0 0 -0.562255 0 -0 -0.562255

295 1247 0 0 0 0 -0.454062 0 -0 -0.454062

294 1248 0 0 0 0 -0.563153 0 -0 -0.563153

161 1249 0 0 0 0 -0.654306 0 -0 -0.654306

160 1250 0 0 0 0 -0.692372 0 -0 -0.692372

159 1251 0 0 0 0 -0.874044 0 -0 -0.874044

158 1252 0 0 0 0 -0.723913 0 -0 -0.723913

157 1253 0 0 0 0 -0.544431 0 -0 -0.544431

156 1254 0 0 0 0 -0.933441 0 -0 -0.933441

155 1255 0 0 0 0 -0.932775 0 -0 -0.932775

154 1256 0 0 0 0 -0.721467 0 -0 -0.721467

152 1258 0 0 0 0 -0.421808 0 -0 -0.421808

151 1259 0 0 0 0 -0.477523 0 -0 -0.477523

150 1260 0 0 0 0 -0.678712 0 -0 -0.678712

149 1261 0 0 0 0 -0.68072 0 -0 -0.68072

148 1262 0 0 0 0 -0.433453 0 -0 -0.433453

645 1263 0 0 0 0 -0.77387 -2.07052e-27 -0 -0.77387

644 1264 0 0 0 0 -0.51886 0 -0 -0.51886

643 1265 0 0 0 0 -0.642946 0 -0 -0.642946

642 1266 0 0 0 0 -0.658908 0 -0 -0.658908

641 1267 0 0 0 0 -0.364918 -9.88733e-09 -0 -0.364918

640 1268 0 0 0 0 -0.220123 -0.000148241 -0 -0.220271

639 1269 0 0 0 0 -0.462052 0 -0 -0.462052

638 1270 0 0 0 0 -0.529064 0 -0 -0.529064

637 1271 0 0 0 0 -0.809784 0 -0 -0.809784

260 1272 0 0 0 0 -0.892112 0 -0 -0.892112

259 1273 0 0 0 0 -0.620752 0 -0 -0.620752

258 1274 0 0 0 0 -0.935064 0 -0 -0.935064

257 1275 0 0 0 0 -0.718609 0 -0 -0.718609

256 1276 0 0 0 0 -0.677998 0 -0 -0.677998

255 1277 0 0 0 0 -0.413017 0 -0 -0.413017

254 1278 0 0 0 0 -0.469835 0 -0 -0.469835

253 1279 0 0 0 0 -0.630143 0 -0 -0.630143

252 1280 0 0 0 0 -0.637125 0 -0 -0.637125

251 1281 0 0 0 0 -0.944687 0 -0 -0.944687

250 1282 0 0 0 0 -0.961011 0 -0 -0.961011

249 1283 0 0 0 0 -0.195507 -9.73343e-05 -0 -0.195605

248 1284 0 0 0 0 -0.557668 0 -0 -0.557668

247 1285 0 0 0 0 -0.422234 0 -0 -0.422234

246 1286 0 0 0 0 -0.364602 -4.40862e-06 -0 -0.364607

245 1287 0 0 0 0 -0.792102 0 -0 -0.792102

244 1288 0 0 0 0 -0.607477 0 -0 -0.607477

243 1289 0 0 0 0 -0.834704 0 -0 -0.834704

242 1290 0 0 0 0 -0.91398 0 -0 -0.91398

241 1291 0 0 0 0 -0.532942 0 -0 -0.532942

240 1292 0 0 0 0 -0.709562 0 -0 -0.709562

239 1293 0 0 0 0 -0.620093 0 -0 -0.620093

238 1294 0 0 0 0 -0.69779 0 -0 -0.69779

237 1295 0 0 0 0 -1.00762 0 -0 -1.00762

236 1296 0 0 0 0 -0.640169 0 -0 -0.640169

235 1297 0 0 0 0 -0.675017 0 -0 -0.675017

