509
510
522
515
512
514
511
531
524
526
530
525
524
531
520
521
516
521
518
529
520
536
546
536
537
535
533
536
540
534
543
535
546
543
542
543
543
548
545
552
544
554
554
547
551
546
546
557
550
550
547
548
552
542
545
552
554
553
551
549
552
548
539
554
550
546
545
551
549
545
548
552
540
550
555
550
551
551
545
548
542
554
550
553
549
547
541
554
548
545
555
553
549
548
551
546
552
551
553
551
554
551
549
556
550
551
549
553
554
556
543
547
546
544
552
554
548
546
552
549
551
550
553
553
547
552
546
547
547
543
546
548
549
551
554
551
551
548
544
552
553
548
554
551
557
553
549
552
555
551
544
548
549
553
555
549
552
547
550
555
552
557
554
555
547
553
549
552
550
546
551
546
545
545
548
546
544
549
544
547
542
558
547
548
542
546
547
546
552
559
552
560
556
551
550
553
551
549
542
549
553
554
560
555
554
550
551
557
543
557
560
551
551
551
550
559
557
556
552
555
551
548
542
553
547
547
553
548
547
553
547
546
544
542
549
547
553
553
551
553
553
546
549
545
549
539
544
543
541
546
546
548
547
541
553
546
546
545
546
552
545
542
545
544
549
548
552
551
549
547
544
543
554
548
546
547
543
550
549
547
