504
509
509
508
509
513
514
509
513
514
518
523
524
519
513
516
513
514
526
524
522
523
527
524
521
529
527
532
529
527
531
530
526
528
525
531
532
532
529
537
535
535
541
534
541
535
539
536
530
533
543
534
531
523
536
530
528
536
536
537
536
533
542
536
531
541
537
542
541
541
548
549
546
538
539
546
537
534
533
531
537
536
536
535
534
540
538
537
534
539
543
545
546
538
542
544
539
540
542
538
542
540
545
544
536
544
535
535
544
537
535
538
540
540
535
538
534
532
533
535
536
529
534
538
543
532
541
536
535
540
543
538
545
547
546
546
550
549
550
552
550
538
544
540
545
542
540
542
540
543
539
540
540
540
547
543
542
540
543
540
541
543
539
543
544
545
540
544
540
538
540
542
552
542
543
536
545
541
541
535
543
543
539
529
540
537
545
542
541
536
540
543
538
538
544
540
540
546
538
543
537
535
545
547
542
546
547
544
540
539
535
545
551
544
544
537
541
541
540
543
540
544
541
550
542
547
543
540
546
536
545
538
542
546
546
540
544
543
539
537
537
541
539
542
548
546
546
536
541
543
545
549
548
549
543
551
536
548
544
543
542
544
546
546
533
543
539
542
537
541
