512
521
524
520
525
525
526
527
537
534
536
531
537
539
544
553
551
546
548
554
550
550
551
542
553
547
545
547
546
555
549
550
544
548
555
547
541
551
547
544
552
548
544
552
542
546
546
547
544
547
543
549
542
542
553
549
552
547
542
547
545
549
545
549
542
542
550
543
547
552
545
543
539
533
536
543
549
545
549
543
543
541
540
536
536
535
537
537
536
538
543
542
543
543
541
543
538
544
546
543
549
542
549
546
552
551
545
548
550
541
542
543
546
547
549
542
536
546
550
547
550
545
542
550
551
547
548
544
545
540
547
543
548
536
546
542
540
542
540
543
544
542
551
545
545
551
550
553
540
546
548
548
550
546
549
552
536
543
537
540
539
539
538
540
545
542
543
544
542
541
544
551
552
544
549
542
544
542
542
545
544
549
545
533
539
541
539
545
546
543
541
544
536
546
543
549
551
543
546
546
544
533
552
548
551
550
546
557
545
547
545
545
546
545
547
541
542
549
546
541
544
542
534
537
537
540
547
543
543
542
547
546
550
538
544
542
548
554
556
554
553
552
547
548
546
547
547
543
548
550
545
547
544
541
550
545
548
540
548
546
545
540
550
546
546
538
550
550
548
544
549
543
540
542
