667
670
665
677
674
675
674
677
673
673
677
673
671
678
669
672
675
677
675
667
668
665
665
667
661
674
677
675
672
673
668
670
665
675
668
672
671
667
674
674
665
668
668
669
673
668
673
674
676
670
673
676
662
676
673
676
678
672
679
674
673
666
669
674
675
671
673
678
674
678
674
672
665
669
674
671
671
669
674
673
675
672
673
679
677
672
668
667
670
671
670
673
675
671
671
670
668
668
666
664
669
668
672
666
679
675
678
675
673
672
672
671
669
668
658
666
660
663
672
668
673
668
673
673
678
679
676
674
679
676
672
670
669
668
673
671
672
667
667
660
674
671
668
671
671
664
676
670
670
674
678
674
675
675
672
673
672
677
673
669
675
666
665
666
672
665
668
662
672
670
671
670
674
670
675
672
675
674
671
673
670
670
672
674
676
662
666
668
669
673
672
665
670
671
670
668
672
667
674
673
664
666
669
677
672
676
670
672
667
674
670
680
671
675
674
674
674
674
674
681
681
673
670
675
677
678
682
678
672
676
673
672
677
677
677
677
669
669
680
669
672
668
673
674
669
673
668
666
673
