677
670
679
677
674
671
667
663
669
670
665
672
675
668
668
676
667
672
669
668
669
670
668
670
669
674
668
672
669
669
667
672
669
669
670
670
671
672
671
669
672
674
676
676
669
673
673
678
672
671
673
674
670
672
674
671
675
678
669
672
668
675
672
677
679
669
675
670
675
673
672
678
676
686
674
673
681
674
680
681
673
674
669
670
675
677
671
680
675
677
676
673
680
678
680
675
676
674
671
668
674
680
679
674
680
673
676
671
675
676
680
681
679
678
682
681
686
675
679
678
671
684
679
680
680
680
676
677
674
682
681
683
682
685
679
678
683
681
676
675
677
680
679
673
675
682
679
677
675
682
670
680
673
680
678
670
678
676
672
674
667
668
673
671
672
671
664
673
666
674
674
672
668
673
673
674
672
676
675
670
670
668
670
674
670
675
669
675
672
677
669
668
672
671
671
672
676
676
676
670
671
674
668
670
675
671
673
677
672
671
671
668
667
673
668
673
669
674
674
673
678
676
681
672
674
671
