672
664
663
663
666
666
661
662
668
661
673
661
664
665
667
667
662
665
669
669
669
671
677
673
673
676
674
676
675
677
679
674
675
678
678
673
671
675
674
676
675
669
668
666
669
669
670
674
678
675
678
674
678
674
679
672
678
675
671
674
681
671
670
669
671
674
670
672
665
666
666
673
670
671
669
671
671
671
680
674
674
671
672
672
670
676
674
675
675
671
671
673
674
677
674
677
665
671
674
672
671
673
670
666
670
675
673
669
666
674
666
672
672
670
666
670
669
676
675
677
672
678
671
671
669
668
668
671
672
675
668
668
674
673
665
668
670
673
676
666
667
673
671
673
677
674
672
674
678
674
668
669
671
673
668
670
673
675
667
667
667
671
667
670
666
668
672
668
667
674
667
669
673
667
676
677
679
673
678
672
668
671
667
671
672
672
677
677
669
667
672
665
668
668
667
666
671
673
675
671
674
677
667
671
670
666
671
664
667
672
671
670
671
677
671
675
675
674
676
672
670
677
668
673
671
674
682
673
673
666
673
669
672
669
666
670
675
674
679
671
672
673
675
670
666
675
674
670
672
676
676
675
