667
665
666
668
663
663
660
666
664
659
667
661
669
666
661
664
658
665
666
660
668
668
674
669
677
677
674
678
670
670
667
676
672
676
670
673
674
670
673
668
675
675
673
671
671
677
672
677
672
663
675
672
674
678
677
672
676
669
677
677
673
678
673
672
673
669
670
667
671
672
668
670
673
672
677
677
673
671
681
676
680
677
679
678
680
684
677
676
675
680
679
675
682
683
681
678
681
676
682
684
675
679
680
676
676
678
669
679
678
678
682
676
682
678
682
678
677
678
677
679
678
673
675
674
676
671
669
669
662
666
666
665
673
674
679
678
679
675
670
677
675
676
672
676
678
677
675
676
675
678
672
667
662
673
674
676
675
666
668
673
670
667
673
680
680
672
672
674
670
673
673
673
675
675
674
673
676
670
671
674
677
676
680
675
671
676
677
673
673
668
679
672
680
678
673
673
677
676
673
673
676
680
680
686
680
680
675
678
678
674
681
683
680
675
677
676
677
680
675
680
672
680
676
679
675
