665
666
668
662
670
671
667
672
667
673
673
670
672
678
676
678
676
677
673
677
675
676
671
668
675
675
666
669
666
665
675
665
673
674
671
669
673
669
670
679
679
680
678
677
673
675
678
667
677
672
677
675
676
679
677
672
676
672
672
680
671
672
675
673
681
675
670
672
677
675
674
678
665
672
671
676
674
679
676
677
677
679
670
673
676
669
674
676
671
674
672
674
672
672
673
670
670
677
676
672
671
675
675
674
682
676
677
670
667
672
674
666
674
674
672
672
670
672
670
670
673
677
678
681
683
676
674
671
671
675
673
673
680
677
676
676
671
681
678
674
671
669
667
671
667
673
672
671
674
673
674
674
673
675
679
673
673
672
674
669
675
671
673
671
671
669
674
676
671
674
673
673
677
670
678
675
674
675
677
673
668
675
678
677
676
675
676
678
672
673
677
683
675
671
673
674
673
674
673
674
679
679
678
672
679
661
669
673
666
673
670
673
670
674
676
674
671
676
672
672
675
673
675
675
667
672
