675
679
670
677
675
677
684
679
683
693
686
681
678
687
681
684
681
677
683
678
684
683
680
668
682
677
674
683
682
672
684
676
686
677
677
686
678
678
678
683
679
682
683
673
686
682
680
678
682
685
681
680
678
677
676
679
672
672
673
673
674
670
677
677
679
681
677
675
668
677
682
671
667
676
668
676
677
681
677
681
684
674
676
674
672
673
676
678
682
677
682
677
683
680
681
681
689
681
678
676
674
685
678
681
682
678
677
672
680
676
672
680
680
675
680
684
681
675
673
669
673
679
685
688
688
685
686
686
683
681
683
688
682
685
680
681
681
682
679
684
686
685
682
685
678
683
690
683
686
687
680
686
684
687
680
679
683
684
687
686
683
686
682
688
685
677
681
687
679
683
684
684
687
681
688
685
678
681
681
683
688
679
687
678
689
687
681
682
683
687
679
675
673
682
676
682
677
682
677
676
677
683
681
677
682
687
677
684
679
679
678
683
685
678
677
676
675
678
680
687
675
681
672
676
678
674
674
675
683
677
677
677
682
678
677
678
683
680
682
682
