680
672
673
673
674
674
671
670
678
682
681
682
676
676
681
678
686
689
691
686
688
684
684
683
689
681
683
682
678
674
680
679
690
682
689
696
692
685
685
688
684
684
681
687
686
691
691
688
677
684
686
680
680
682
684
685
681
680
683
683
680
679
679
680
684
688
685
688
682
688
686
679
683
686
681
686
684
687
688
692
686
689
688
686
683
683
679
682
678
684
675
681
682
682
684
681
683
686
682
692
688
688
686
686
685
684
684
688
689
688
681
687
685
687
686
688
688
683
688
686
684
686
682
685
682
689
690
685
691
688
690
683
684
689
684
689
683
686
691
691
686
686
678
680
682
685
681
684
683
686
680
680
688
688
692
681
684
680
679
677
680
684
684
678
678
685
686
681
688
690
686
691
685
687
684
686
687
684
681
685
684
679
686
684
686
683
688
681
687
687
690
683
684
684
690
688
687
689
689
688
688
691
686
690
691
687
683
684
683
680
686
682
682
683
685
680
679
682
682
681
676
683
687
681
