672
675
684
677
680
675
677
674
675
678
673
672
682
687
689
685
676
676
678
676
681
678
682
677
679
685
677
683
683
678
681
675
681
686
684
676
678
671
673
677
675
675
672
678
675
676
674
674
682
680
682
680
676
675
676
677
682
676
679
677
678
682
684
689
681
679
683
689
683
685
682
689
685
687
683
682
678
683
682
681
685
684
684
686
684
678
678
673
675
677
688
678
677
681
675
682
676
679
680
683
669
675
675
673
689
678
679
683
679
681
674
674
678
682
677
681
682
677
676
680
675
674
674
674
686
682
683
681
678
676
677
679
676
675
673
678
674
672
675
679
679
686
680
677
685
684
682
682
683
679
680
682
682
684
681
680
683
686
676
685
684
689
690
686
683
678
683
678
677
679
678
678
680
674
672
678
678
685
686
682
680
684
688
685
679
678
685
677
683
687
686
687
682
682
677
685
679
680
677
689
682
691
680
688
682
686
681
683
691
676
681
681
680
677
682
679
681
687
686
685
684
682
688
687
686
676
685
685
681
682
682
682
687
678
