670
678
675
683
680
679
680
678
678
684
671
672
679
667
677
677
676
671
669
676
668
674
678
675
680
678
685
677
680
683
674
680
673
674
673
678
683
685
687
678
681
681
673
680
681
678
678
678
683
674
681
682
680
679
680
684
680
683
677
683
681
678
681
680
682
684
678
681
680
677
676
682
680
674
684
676
686
684
676
682
685
682
686
674
680
684
690
685
685
687
684
689
686
690
685
682
682
684
679
680
683
678
682
689
688
688
684
688
691
689
685
686
682
683
685
686
689
682
684
685
691
692
686
685
685
689
684
681
687
689
684
686
682
684
684
682
685
686
679
681
680
684
687
687
684
687
685
681
681
682
680
684
680
687
673
683
680
679
678
680
674
680
678
681
680
680
684
678
686
681
683
677
684
681
679
678
680
682
685
690
679
683
690
681
684
687
692
688
686
683
681
679
679
680
686
678
676
678
681
677
679
678
675
680
683
688
679
679
683
680
674
680
678
668
677
680
679
684
683
676
684
682
681
682
673
677
674
679
677
684
680
685
688
683
686
686
681
681
681
686
677
679
677
673
669
