670
684
680
679
679
682
688
692
680
678
675
687
679
684
686
687
690
684
681
684
688
681
680
681
676
685
683
685
674
686
688
689
687
681
681
680
679
684
677
684
682
683
683
676
672
678
682
682
680
681
679
675
678
681
680
680
682
688
686
685
681
679
685
684
681
688
679
685
683
683
686
683
686
693
683
685
683
683
687
685
694
687
690
691
690
692
689
690
692
689
686
683
684
689
688
686
683
689
682
683
684
682
683
680
684
689
684
685
680
686
688
687
684
683
684
684
692
681
684
688
687
685
687
690
685
693
686
682
688
692
690
678
677
678
679
681
674
680
680
684
685
685
692
681
678
683
685
683
685
681
683
680
686
679
685
684
679
679
682
675
673
677
675
678
673
682
680
682
681
690
686
678
677
682
686
683
686
694
688
686
691
689
686
686
685
681
684
680
686
682
674
672
683
686
682
676
682
680
678
683
681
681
680
681
679
679
680
678
674
674
680
682
681
678
680
680
683
670
675
681
675
677
677
670
680
675
677
678
680
681
675
678
673
672
677
667
