508
508
508
506
510
512
510
510
510
510
507
510
511
506
510
508
509
509
506
506
505
509
509
511
504
506
508
510
512
511
508
510
508
503
506
504
507
510
507
508
508
507
507
505
505
504
505
505
507
509
505
509
508
508
506
508
506
507
509
507
508
508
510
502
506
502
506
506
505
507
504
507
500
501
502
505
507
505
504
505
503
504
506
505
500
503
506
506
504
508
507
506
501
507
503
508
506
504
506
506
505
506
504
508
507
505
503
501
505
507
506
503
509
506
508
505
503
505
505
505
504
505
506
504
501
507
503
502
503
504
503
501
500
506
505
507
504
505
504
508
502
508
501
505
503
507
504
506
507
507
508
506
501
506
505
504
503
507
503
507
503
507
511
506
507
500
506
505
505
507
505
509
510
506
505
505
504
503
506
505
506
504
507
504
499
508
506
512
509
508
509
503
507
507
510
511
513
514
506
508
510
509
508
507
506
507
509
502
500
506
508
505
509
505
508
508
512
511
506
507
507
510
506
513
511
507
509
509
504
511
507
509
513
512
511
509
506
511
506
510
510
510
509
510
510
510
507
509
514
512
512
511
511
