501
501
499
503
501
499
494
500
503
499
499
498
502
496
497
498
499
498
501
499
500
499
501
499
500
501
500
499
502
498
501
501
503
503
500
499
502
502
499
501
499
500
503
496
500
501
497
499
493
498
501
498
501
501
501
499
498
499
503
502
500
498
495
500
504
500
498
501
498
500
499
500
493
503
500
497
500
500
500
500
496
502
503
498
496
500
500
498
500
500
499
500
502
496
501
501
500
502
501
503
497
501
499
501
502
502
500
504
503
502
503
502
499
499
503
501
499
504
502
500
501
497
502
502
502
503
506
505
504
502
504
505
502
503
503
502
501
503
502
502
506
501
501
503
503
504
500
505
501
501
504
504
501
503
503
498
502
502
497
502
501
502
501
503
500
503
504
502
502
503
503
503
503
502
509
503
507
504
500
504
502
501
503
504
502
505
504
501
503
505
501
503
501
503
506
505
502
503
506
505
505
501
505
499
504
501
502
503
499
499
501
502
503
501
498
500
502
500
501
504
506
500
504
503
504
504
503
505
502
502
504
503
505
504
503
503
502
507
506
506
503
505
507
504
505
505
504
508
507
507
506
503
504
