501
498
499
503
501
502
504
501
497
498
502
501
500
504
502
502
503
499
498
500
499
502
501
500
502
499
500
503
502
503
501
502
503
500
503
503
504
500
500
503
503
504
501
501
502
501
501
501
503
502
500
501
500
496
497
500
500
498
500
502
501
500
501
500
504
499
501
496
504
502
497
499
503
503
499
500
498
500
500
500
501
501
498
498
501
499
497
501
503
501
501
499
502
501
500
497
500
503
499
501
503
497
502
501
502
501
498
496
496
502
497
498
502
498
503
500
498
502
502
501
499
499
500
501
499
500
499
501
501
502
501
502
503
502
502
502
502
502
500
500
499
497
500
502
501
501
502
499
500
503
501
496
501
503
498
502
501
499
500
497
498
503
504
500
501
497
497
500
501
500
496
502
502
502
501
503
501
498
498
499
500
502
501
497
498
500
500
498
504
503
501
499
502
500
497
500
498
502
502
499
504
500
503
501
501
501
497
501
502
501
502
499
503
498
498
502
499
501
499
500
504
496
501
501
502
502
500
499
501
502
497
497
501
500
500
498
501
500
499
500
502
503
501
503
503
500
502
501
500
497
500
501
497
