677
676
679
675
680
677
677
685
683
679
673
685
684
680
681
680
679
675
682
676
683
677
686
679
692
681
683
675
683
686
683
685
679
685
682
667
675
684
698
691
687
685
677
685
682
688
686
686
685
695
697
687
685
688
682
689
693
701
693
693
687
686
684
690
687
702
697
689
691
691
687
685
689
692
673
680
685
687
687
674
685
688
682
684
684
679
677
685
689
682
683
683
680
686
685
685
685
687
696
689
691
689
694
699
691
689
687
689
680
683
692
690
687
690
682
688
683
692
680
685
686
679
682
689
690
693
694
699
692
694
689
692
685
684
689
687
688
694
687
693
695
687
688
684
687
689
689
680
681
689
687
687
679
688
684
676
678
683
684
686
677
681
685
682
686
680
684
687
687
690
687
685
694
688
689
685
687
691
683
687
687
687
686
689
685
684
673
674
673
681
683
684
680
680
689
686
678
689
680
687
688
690
684
689
695
693
680
684
680
685
679
695
690
695
691
691
684
686
679
684
672
678
