668
664
676
672
669
681
678
684
680
677
689
683
688
686
693
701
693
700
691
697
698
696
697
703
702
706
704
705
697
704
698
704
702
709
706
700
701
695
699
700
697
701
694
701
694
691
687
692
689
693
687
685
695
693
693
681
682
684
686
681
682
683
681
681
686
687
685
689
690
694
689
690
697
700
695
691
687
687
684
686
684
694
692
682
685
686
682
693
690
679
688
695
683
687
689
692
689
679
685
688
691
690
691
689
684
683
689
691
685
682
683
686
690
685
684
684
688
688
688
686
691
690
690
687
687
681
682
689
682
684
680
684
687
687
686
689
693
676
692
689
689
687
682
688
686
689
686
681
684
688
687
682
690
693
693
688
690
688
684
688
689
687
686
685
689
686
678
693
695
692
691
694
694
695
690
694
689
685
681
679
683
683
679
686
690
694
685
692
701
694
698
696
691
693
692
705
702
700
697
692
688
691
695
696
686
683
697
704
694
691
694
683
685
695
696
696
697
703
695
698
687
687
693
