679
674
674
678
682
680
679
681
684
684
685
684
677
684
686
694
688
689
686
690
686
687
687
686
688
690
689
680
695
685
687
694
693
691
693
685
689
692
690
687
686
684
683
685
685
680
681
688
686
683
689
689
700
688
688
688
683
683
678
680
690
683
687
697
690
690
688
691
692
685
681
689
689
681
689
688
682
678
679
683
685
683
689
680
676
681
680
683
682
687
692
691
690
692
699
691
690
690
696
687
694
692
685
689
689
685
686
686
683
684
687
685
698
695
706
698
690
694
698
692
704
696
698
703
691
697
693
693
692
700
700
697
700
695
699
706
702
700
695
694
694
701
694
696
689
690
696
687
694
690
690
689
695
698
691
694
700
694
694
694
698
704
694
694
694
688
693
695
692
689
691
683
695
693
691
693
685
691
690
699
687
690
694
692
689
687
682
685
688
694
697
698
687
694
694
695
688
694
690
696
686
689
693
688
691
696
695
696
693
689
684
688
692
699
691
693
690
693
684
687
