675
676
676
677
680
678
681
675
684
687
682
683
685
685
673
683
674
672
677
677
672
672
675
678
672
683
679
673
685
675
678
679
676
680
677
680
683
685
691
681
682
679
685
690
692
691
679
681
679
679
685
684
681
680
688
690
693
686
688
683
685
687
691
692
687
685
686
689
689
686
686
683
686
691
697
692
689
702
700
693
702
686
691
683
688
689
689
691
681
685
683
680
692
684
687
686
684
686
678
692
686
691
684
676
677
680
683
680
681
677
677
675
677
678
680
678
675
680
683
684
683
687
681
686
678
681
678
679
683
680
673
676
677
674
679
680
688
682
678
680
686
682
685
681
681
691
685
690
695
689
687
682
686
689
685
693
686
686
680
687
683
682
686
689
690
689
689
691
687
688
687
689
696
694
694
691
693
692
690
692
696
691
694
690
691
691
693
690
698
687
691
691
692
692
691
693
691
690
692
697
691
684
698
689
701
695
698
694
689
692
687
693
688
684
696
683
683
688
683
684
687
690
682
683
688
686
691
691
