671
674
685
679
676
688
678
688
684
683
669
681
684
681
676
670
673
681
683
681
681
680
685
681
686
683
688
686
686
683
686
688
694
685
690
683
681
686
684
681
684
690
689
685
690
679
688
683
678
678
676
682
675
684
687
679
682
680
685
680
682
682
687
686
684
698
703
699
698
692
696
693
690
693
690
686
694
690
681
685
686
695
685
689
694
688
691
691
686
682
685
686
679
685
681
680
675
684
680
681
692
689
697
694
688
680
691
686
690
684
690
689
694
690
690
691
687
674
677
682
686
678
688
687
686
685
680
683
688
686
679
681
683
679
684
690
675
681
675
678
680
675
682
683
686
678
690
694
696
683
685
686
683
682
680
689
688
685
682
685
690
694
681
686
687
679
680
675
683
686
686
688
690
685
697
693
695
693
692
679
694
683
686
688
684
685
680
685
677
684
686
687
684
684
687
683
687
687
684
687
682
692
688
682
687
685
686
682
685
684
677
681
687
684
685
683
684
693
688
686
683
678
674
680
689
692
684
679
685
679
686
691
688
