667
678
675
680
678
680
675
673
670
676
678
679
679
686
676
677
677
675
678
681
676
671
678
673
678
670
672
677
678
677
682
681
682
679
688
687
687
684
687
686
681
687
684
686
683
683
687
679
687
685
686
684
686
684
682
683
682
677
675
680
676
679
685
681
684
688
686
689
685
687
684
689
688
684
691
687
686
685
681
686
677
679
682
678
679
681
685
688
686
687
685
686
684
684
687
689
686
687
684
684
693
690
680
685
683
687
686
682
682
678
685
686
686
690
685
694
694
690
691
683
685
685
680
689
687
680
677
685
684
685
683
686
682
679
678
684
684
689
682
690
689
689
681
681
673
691
686
680
681
687
681
690
692
691
686
689
689
687
689
691
685
689
684
686
686
685
680
685
691
682
687
684
686
686
682
685
680
675
682
685
691
681
684
689
680
684
682
683
685
689
691
686
690
682
682
681
681
678
684
678
684
685
686
680
682
692
686
689
686
687
681
690
676
685
684
692
686
685
690
680
679
682
689
689
689
688
684
685
685
688
687
686
688
685
681
686
682
680
684
683
687
682
680
689
681
672
