669
671
674
675
675
683
674
679
676
680
681
686
683
686
687
689
690
693
691
687
688
682
685
690
686
683
690
681
687
685
684
687
687
686
689
689
684
691
691
692
695
693
696
693
688
683
691
684
695
684
682
689
691
687
688
685
687
687
689
680
685
686
682
685
685
693
692
687
685
689
690
689
687
684
685
685
684
685
683
690
685
684
688
687
682
681
689
686
685
685
681
687
687
679
688
692
689
693
689
684
682
682
684
685
682
679
681
684
679
690
685
687
693
688
694
688
687
691
685
688
691
691
694
693
688
688
691
692
685
682
692
686
688
689
680
681
678
685
690
689
686
683
681
686
684
681
684
683
683
680
680
684
683
689
685
690
684
680
680
681
684
681
681
690
685
688
686
684
689
686
684
676
681
679
676
682
673
681
680
679
680
676
681
681
679
667
676
679
678
674
680
686
683
678
680
681
674
679
685
678
683
685
679
675
679
685
689
682
683
683
678
681
685
688
686
690
688
688
686
682
688
690
679
689
699
687
683
