676
674
673
681
670
684
679
676
680
680
684
682
685
684
692
686
685
676
681
681
679
686
686
683
683
685
685
684
675
689
686
686
680
684
689
688
681
678
683
681
669
679
680
674
677
679
669
673
681
683
685
678
675
684
685
686
684
694
681
681
684
687
688
684
682
681
680
677
677
687
680
692
694
685
694
691
694
693
689
681
688
681
686
684
686
685
687
685
688
687
684
680
684
680
691
691
689
686
688
688
687
690
691
683
679
684
680
681
682
684
693
688
685
682
683
685
694
689
689
683
686
684
683
689
691
689
693
684
683
681
684
694
686
687
685
679
687
684
675
679
677
680
682
681
693
684
681
689
688
688
686
689
688
689
691
690
687
694
689
689
686
687
694
695
692
695
688
693
693
694
691
693
689
694
689
686
691
690
690
695
690
693
687
694
687
691
685
690
689
685
688
687
687
685
690
693
691
686
686
684
687
685
683
687
689
687
680
686
686
687
690
689
688
696
684
683
690
686
691
693
690
695
696
695
683
682
688
691
691
690
696
690
694
682
685
688
688
693
686
690
686
