674
677
675
677
664
676
677
680
678
682
690
692
685
678
686
679
677
676
678
680
676
683
680
688
677
673
684
685
684
691
683
683
687
693
693
685
685
678
680
676
678
681
683
681
679
693
687
690
688
690
680
691
688
692
697
688
689
689
693
692
692
685
693
695
692
691
695
691
685
690
682
684
680
682
686
685
681
686
690
689
685
684
681
689
683
687
692
685
688
693
689
689
687
691
685
688
685
692
695
689
693
689
685
680
694
691
699
692
694
693
694
692
690
686
687
693
697
693
690
699
690
689
687
700
689
690
689
692
690
691
691
687
697
696
690
691
696
696
691
688
688
691
687
692
688
692
692
690
688
689
694
696
694
686
696
695
683
689
688
695
689
698
689
688
690
699
685
697
682
692
694
697
691
689
693
690
692
692
689
689
694
695
684
688
693
684
682
694
691
692
697
692
697
699
684
691
688
694
696
696
699
698
691
694
698
700
699
697
697
693
690
689
688
690
685
680
685
680
681
673
677
