678
671
678
685
688
689
673
678
677
680
675
682
675
672
674
673
681
675
676
675
676
689
673
675
676
686
688
681
683
689
685
679
686
683
686
684
690
691
681
693
680
682
684
684
685
684
689
682
688
692
682
685
685
678
686
683
682
685
694
682
687
683
683
692
682
690
687
687
692
687
685
687
681
678
679
685
691
685
687
680
687
687
686
686
685
685
685
687
690
681
685
689
684
681
674
683
681
679
675
687
686
685
685
684
689
681
683
682
686
685
689
687
682
687
689
676
680
679
692
688
681
685
691
681
687
684
682
677
681
677
680
682
679
682
679
679
682
684
679
682
684
685
682
686
682
685
684
676
682
688
684
688
686
678
693
686
687
688
688
692
687
686
686
691
683
692
686
688
693
686
684
683
688
692
685
687
686
684
684
693
691
683
689
682
689
688
689
684
681
686
684
682
683
682
680
685
683
685
686
686
690
692
695
695
692
690
691
686
693
689
680
679
690
688
699
684
684
694
687
691
692
686
692
696
688
688
694
697
698
687
690
684
