950
951
940
945
946
950
942
949
938
941
941
950
954
951
951
951
951
956
949
948
948
957
953
954
952
950
955
957
959
962
961
953
953
959
957
962
960
958
958
964
962
960
954
957
960
949
947
961
953
954
954
957
961
967
971
964
967
959
960
963
968
969
962
965
966
966
965
962
961
972
966
971
967
963
966
961
969
968
964
964
968
967
967
962
959
962
960
959
964
961
959
965
963
962
960
963
954
955
962
952
958
960
962
971
958
967
975
973
963
967
965
970
971
970
971
973
970
971
967
965
969
967
969
971
967
970
980
976
972
973
972
975
971
971
974
974
979
967
974
972
971
957
964
968
968
965
966
965
967
965
977
976
976
973
976
973
974
972
971
967
971
968
974
975
969
971
975
976
977
973
965
978
972
972
974
971
983
970
967
966
965
974
979
963
978
973
976
977
977
971
978
975
964
967
971
976
979
984
972
978
971
970
978
984
979
982
980
977
967
964
969
976
975
976
976
972
964
969
969
975
972
975
974
963
972
971
974
969
961
970
967
960
954
965
972
971
971
967
970
979
963
967
971
970
973
973
972
964
968
976
978
979
969
970
971
972
975
965
969
968
972
966
979
974
964
966
969
964
970
972
976
973
972
974
972
973
971
964
968
966
961
970
974
964
971
963
963
967
973
968
969
966
966
963
974
972
967
974
969
969
972
973
976
964
977
974
971
969
962
963
975
969
966
977
973
970
972
973
972
973
970
964
972
961
973
971
968
970
974
977
972
963
971
975
969
968
971
962
972
968
969
983
979
975
963
973
975
973
975
975
970
975
971
965
970
976
979
974
970
977
971
969
977
980
977
982
981
988
988
977
973
974
980
973
976
978
982
982
977
989
987
987
979
984
985
983
986
987
985
973
979
986
978
985
980
985
983
985
981
976
977
979
984
981
978
980
990
981
976
978
981
984
979
981
974
970
974
972
953
970
969
966
975
973
962
973
962
971
969
964
973
972
965
976
966
975
978
974
977
979
979
974
976
978
983
980
982
981
977
977
974
984
976
969
976
983
979
979
986
981
985
983
984
976
980
973
968
973
973
968
966
968
976
977
964
971
972
978
974
975
969
969
972
977
979
980
982
973
972
974
973
974
961
973
975
975
980
975
972
977
983
980
981
983
985
977
986
990
985
985
981
989
977
983
992
978
991
979
974
981
974
973
981
981
980
975
975
977
973
962
970
976
973
973
976
973
971
963
973
973
975
981
979
975
978
967
973
969
976
971
973
975
983
976
980
977
975
972
974
966
981
976
970
966
975
978
976
966
967
971
963
966
971
960
969
969
974
970
968
968
974
976
976
973
971
969
975
974
978
982
976
983
987
989
983
982
990
986
979
984
974
983
981
978
982
977
983
984
980
985
976
985
984
984
981
980
983
986
975
974
977
969
971
967
967
973
975
975
979
982
974
969
973
967
970
974
966
966
975
968
970
970
960
969
963
973
978
966
975
975
972
972
974
960
966
967
972
971
978
979
972
978
972
968
970
979
978
972
968
969
959
971
970
975
965
971
967
968
967
970
968
967
966
966
977
971
975
973
976
974
976
981
979
982
980
976
979
983
974
979
983
974
982
978
974
981
972
976
982
979
973
984
977
968
972
978
967
978
971
975
973
980
972
978
978
979
980
974
981
978
978
981
979
977
979
977
966
969
970
975
967
966
974
968
971
977
976
970
974
974
969
974
968
979
971
969
971
979
981
983
979
985
980
984
966
972
971
970
971
977
975
979
976
970
976
964
969
973
973
987
976
973
976
982
986
989
990
976
973
980
978
982
981
978
989
971
989
996
989
986
977
981
966
978
974
977
975
970
979
976
975
977
987
978
977
975
979
982
980
983
993
979
986
983
981
996
991
992
987
989
997
986
992
1001
991
987
982
988
988
986
980
985
979
978
983
985
981
986
980
980
979
982
982
978
978
985
992
977
987
990
987
990
988
980
991
985
986
990
987
984
992
991
992
988
986
983
991
983
979
994
986
984
989
978
984
985
984
985
985
983
988
992
985
987
987
990
993
981
992
979
987
987
983
981
988
982
983
996
991
984
989
985
988
995
983
986
980
988
978
985
984
990
983
980
985
986
989
993
990
994
994
988
995
986
995
985
985
992
988
991
998
983
988
986
987
993
989
986
993
987
988
986
994
997
996
997
991
992
980
987
983
984
997
988
992
979
991
989
984
980
986
987
988
997
998
993
992
998
994
994
980
996
980
993
986
993
993
989
991
990
993
989
982
990
984
985
985
986
996
999
995
997
998
993
999
999
994
987
985
984
995
989
987
977
984
991
994
994
994
999
998
993
997
988
994
998
993
992
996
994
987
994
996
995
999
994
999
992
989
998
993
991
991
986
993
991
989
984
991
990
993
996
995
994
998
995
996
999
990
993
989
988
987
990
985
992
989
989
993
993
995
992
990
985
992
983
990
985
991
986
987
982
986
992
983
996
990
987
985
994
985
979
988
978
982
983
988
986
996
988
975
991
983
989
987
986
985
988
973
986
985
994
996
991
992
988
992
993
992
990
979
989
993
991
993
990
994
992
996
1000
994
990
998
991
998
999
993
993
993
998
990
995
997
985
998
993
988
991
992
990
998
991
990
989
990
987
991
988
988
976
987
989
995
999
993
984
992
994
997
997
989
986
991
996
990
987
991
993
995
996
993
997
1001
998
999
1000
991
1001
1001
1001
1001
996
995
998
992
1004
1002
996
987
984
984
983
987
987
987
987
999
997
994
998
993
999
997
997
997
992
997
997
992
995
997
992
994
994
1001
1003
998
1003
1004
1005
995
999
1009
1002
1008
1000
999
999
1005
1009
1002
1009
1010
997
1008
998
1010
1006
1007
999
1005
1004
1004
1009
997
1003
1005
1007
1001
999
1006
1000
1010
1004
1008
1007
1006
1004
1014
1005
1003
1006
1009
1001
1003
1009
1007
1013
1004
1002
1004
1005
1001
1002
1001
1004
1000
999
1000
999
1011
1007
1003
1009
1000
1002
1005
1009
1006
1006
1006
1010
1010
1011
1010
1013
1005
1010
1008
1009
1003
1008
1010
1012
1003
1002
1000
997
1000
1015
1011
1004
998
1000
1011
1011
1005
1008
1008
1003
1005
1010
1007
1011
1003
1006
1007
1008
1000
1004
1001
1002
1001
1011
1005
1011
1007
1005
1006
1010
1007
1007
1014
1013
1011
1011
1015
1011
1016
1012
1017
1022
1014
1017
1016
1005
1000
1006
1008
1011
1017
1013
1002
1019
1011
1018
1024
1020
1019
1020
1016
1024
1014
1009
1011
1010
1010
1013
1014
1003
1009
1008
1001
1011
1001
1006
1004
1003
1012
1013
1005
1019
1021
1013
1009
1016
1014
1011
1010
1014
1011
1018
1016
1011
1010
1013
1004
1012
1017
1016
1014
1006
1015
1013
1011
1005
998
1009
1018
1017
1019
1018
1009
1012
1015
1017
1016
1018
1011
1010
1012
1006
1005
1011
1015
1006
1010
1004
1007
1012
1005
1007
1011
1011
1009
1001
1003
1003
1003
1005
1007
1004
1010
1013
1005
1010
1004
1001
1003
1001
1006
1000
1004
1005
993
993
996
1001
1001
1000
994
999
992
1003
1002
1003
1001
1000
996
998
999
1009
1001
1006
1011
1002
1002
1005
1000
1002
994
1000
1002
998
998
1003
998
1005
1006
1006
1002
1003
1004
1007
1004
1003
1011
1004
1008
1005
1007
1008
998
1005
1009
1002
1003
1003
1010
1011
998
999
991
1003
998
996
1009
1005
1001
997
992
987
995
996
1000
998
1002
1002
1004
1005
995
997
992
990
993
995
996
996
992
993
1006
999
1004
999
998
1005
1009
1014
1002
999
1004
1001
1001
993
998
1001
1000
1008
1003
993
997
1002
1016
1003
1004
1004
1001
1003
1010
1000
999
999
1011
1009
1006
1017
1010
1016
1025
1013
1012
1006
1009
1011
1011
1009
1011
1014
1015
1009
1020
1016
1013
1012
1016
1015
1014
1016
1009
1010
1009
1011
1010
1015
1017
1012
1020
1017
1024
1014
1013
1016
1015
1022
1018
1016
1008
1012
1015
1012
1013
1015
1011
1011
1018
1009
1014
1012
1011
1017
1018
1017
1015
1006
1018
1018
1017
1014
1014
1019
1014
1019
1015
1016
1015
1014
1022
1017
1019
1011
1011
1014
1014
1020
1018
1014
1019
1019
1021
1014
1016
1021
1012
1014
1012
1010
1009
1014
1009
1010
1024
1019
1019
1015
1016
1024
1013
1028
1019
1017
1022
1022
1018
1027
1020
1019
1025
1024
1023
1013
1018
1018
1024
1015
1017
1022
1011
1017
1018
1015
1019
1023
1018
1010
1005
1016
1017
1013
1021
1016
1018
1010
1010
1021
1010
1019
1017
1022
1017
1014
1025
1020
1015
1014
1017
1005
1023
1020
1019
1009
1016
1015
1022
1013
1013
1011
1017
1014
1017
1024
1021
1018
1015
1028
1022
1025
1027
1014
1023
1013
1019
1013
1011
1020
1022
1024
1020
1015
1013
1022
1021
1015
1009
1010
1005
1004
1012
1007
1017
1012
1011
1002
1013
1014
1010
1014
1014
1013
1022
1013
1023
1026
1024
1014
1027
1025
1028
1026
1020
1018
1017
1019
1015
1022
1018
1005
1020
1017
1020
1021
1024
1019
1027
1024
1022
1029
1021
1024
1017
1024
1017
1023
1018
1019
1019
1020
1017
1018
1022
1017
1029
1021
1022
1020
1021
1019
1014
1017
1012
1012
1013
1007
1014
1009
1003
1007
1011
1007
1012
1013
1014
1022
1022
1011
1014
1014
1020
1011
1008
1013
1007
1008
1014
1006
1007
1005
1008
1005
1008
1003
1008
1009
1007
1012
1011
1002
1008
1017
1015
1010
1013
1016
1011
1008
1016
1012
1007
1014
1011
1011
1001
1012
1009
1009
1008
1007
1019
1019
1013
1010
1009
998
1014
1014
1004
1010
1009
998
1008
1001
1006
1011
1010
1003
1010
1010
1002
1009
998
1004
1006
1006
1008
1001
997
1008
1006
1009
1010
1009
1015
1009
1009
1015
1013
1010
1013
1023
1015
1017
1018
1013
1017
1023
1020
1024
1021
1018
1023
1020
1018
1018
1007
1021
1021
1015
1013
1016
1020
1012
1009
1013
1016
1019
1016
1003
1006
1004
1002
1010
1015
1008
1003
1007
1008
1003
1012
1010
1005
1002
1011
1003
1003
997
999
997
1002
1005
993
990
1001
1000
996
997
1002
997
1000
999
1008
994
1000
1009
1003
1006
1010
1006
1002
1003
1006
1008
1009
1016
1009
1017
1008
1012
1015
1012
1014
1029
1021
1029
1027
1028
1026
1020
1027
1022
1022
1013
1017
1016
1024
1015
1013
1015
1012
1011
1018
1011
1013
1017
1022
1013
1015
1018
1028
1017
1007
1018
1029
1019
1022
1020
1030
1015
1030
1024
1022
1018
1019
1020
1021
1020
1018
1017
1013
1012
1010
1012
1010
1020
1018
1015
1011
1008
1002
1008
1015
1009
1017
1009
1008
1015
1008
1006
1012
1015
1009
1014
1015
1021
1017
1021
1013
1011
1012
1008
1014
1019
1012
1022
1020
1018
1020
1011
1011
1020
1025
1021
1023
1013
1019
1021
1013
1018
1024
1023
1021
1027
1021
1025
1026
1017
1014
1023
1029
1015
1022
1017
1021
1015
1023
1024
1022
1021
1024
1019
1012
1018
1025
1014
1012
1016
1017
1019
1019
1017
1014
1012
1015
1015
1020
1019
1014
1012
1010
1024
1026
1024
1022
1014
1018
1021
1024
1019
1011
1019
1018
1021
1018
1019
1016
1007
1018
1014
1021
1016
1014
1021
1016
1011
1023
1018
1020
1020
1023
1021
1025
1027
1012
1015
1025
1022
1017
1015
1018
1016
1027
1020
1010
1019
1017
1021
1015
1014
1020
1005
1012
1020
1011
1014
1023
1019
1014
1015
1021
1017
1014
1026
1022
1021
1027
1026
1017
1022
1024
1016
1016
1017
1028
1031
1019
1025
1023
1023
1022
1023
1019
1016
1029
1019
1026
1024
1032
1024
1017
1019
1023
1014
1025
1017
1018
1014
1024
1022
1018
1020
1017
1020
1015
1023
1027
1022
1028
1014
1025
1016
1019
1024
1013
1020
1014
1019
1022
1019
1032
1027
1029
1016
1022
1023
1023
1028
1029
1026
1027
1025
1022
1022
1025
1021
1022
1025
1031
1029
1031
1013
1026
1019
1018
1035
1016
1031
1027
1031
1024
1017
1006
1019
1012
1012
1016
1008
1011
1009
1010
1015
1007
1015
1013
1008
1012
1011
1016
1022
1022
1017
1019
1021
1018
1025
1016
1022
1017
1027
1021
1024
1023
1020
1021
1021
1021
1021
1023
1020
1021
1016
1017
1026
1013
1020
1019
1017
1015
1008
1018
1007
1020
1017
1022
1022
1016
1023
1025
1027
1026
1031
1025
1023
1025
1026
1030
1026
1030
1019
1019
1025
1022
1030
1023
1024
1024
1019
1025
1023
1028
1010
1026
1019
1021
1021
1024
1025
1013
1019
1026
1019
1023
1024
1029
1024
1020
1029
1030
1032
1022
1028
1017
1021
1017
1024
1026
1022
1016
1017
1020
1018
1018
1019
1019
1018
1019
1020
1027
1024
1020
1018
1017
1028
1019
1017
1018
1020
1023
1018
1029
1018
1023
1019
1017
1016
1023
1024
1029
1025
1019
1014
1015
1021
1005
1016
1016
1023
1017
1013
1004
1009
1017
1025
1014
1015
1012
1014
1022
1013
1011
1017
1009
1010
1016
1023
1012
1007
1010
1018
1003
1017
1021
1010
1014
1014
1021
1020
1024
1022
1023
1023
1020
1022
1020
1022
1019
1029
1021
1016
1024
1025
1024
1027
1021
1017
1014
1024
1023
1019
1021
1031
1022
1025
1023
1029
1021
1028
1024
1026
1013
1023
1026
1018
1018
1020
1023
1020
1020
1020
1020
1016
1020
1011
1010
1012
1018
1019
1014
1022
1022
1021
1018
1022
1026
1026
1021
1019
1021
1021
1022
1025
1027
1022
1028
1018
1023
1021
1026
1023
1020
1020
1022
1017
1028
1019
1031
1019
1021
1021
1022
1021
1020
1022
1026
1020
1008
1019
1016
1023
1021
1026
1020
1020
1029
1022
1019
1027
1027
1024
1020
1019
1022
1017
1022
1025
1015
1027
1023
1018
1027
1021
1018
1019
1025
1026
1027
1022
1021
1017
1019
1026
1012
1016
1013
1019
1015
1021
1026
1024
1021
1022
1025
1022
1014
1024
1020
1014
1019
1024
1022
1015
1015
1024
1025
1028
1031
1030
1024
1017
1025
1026
1023
1032
1023
1030
1033
1021
1017
1030
1023
1015
1016
1021
1017
1016
1019
1010
1017
1014
1016
1011
1017
1014
1010
1013
1012
1006
1021
1018
1022
1018
1015
1019
1021
1023
1027
1022
1026
1024
1026
1019
1024
1017
1025
1021
1020
1030
1013
1027
1022
1026
1023
1023
1017
1024
1016
1027
1017
1018
1021
1015
1019
1022
1022
1035
1023
1011
1024
1018
1016
1015
1016
1022
1021
1024
1027
1019
1027
1025
1024
1024
1024
1022
1029
1019
1021
1013
1016
1021
1020
1019
1027
1027
1028
1014
1026
1020
1008
1012
1024
1013
1022
1021
1015
1025
1027
1023
1018
1014
1011
1020
1019
1017
1015
1020
1007
1008
1003
1013
1017
1014
1011
1000
1008
1007
1011
1010
1009
1009
1009
1011
1017
1014
1019
1015
1012
1014
1016
1022
1011
1008
1010
1017
1014
1009
1007
1017
1014
1019
1020
1013
1010
1020
1023
1022
1019
1014
1017
1018
1022
1020
1024
1018
1012
1021
1017
1015
1022
1026
1027
1029
1034
1024
1023
1016
1026
1015
1020
1020
1019
1021
1016
1023
1022
1017
1023
1017
1020
1021
1020
1013
1021
1010
1013
1015
1009
1011
1017
1019
1019
1014
1015
1023
1015
1022
1024
1026
1029
1023
1023
1020
1020
1016
1026
1016
1016
1015
1017
1021
1023
1022
1021
1025
1024
1019
1023
1019
1022
1018
1015
1019
1022
1025
1009
1006
1007
1008
1017
1013
1015
1007
1013
1019
1006
1002
1013
1013
1002
1010
1005
1009
1013
1023
1018
1013
1010
1015
1006
1012
1010
1019
1014
1013
1023
1020
1016
1018
1014
1017
1017
1023
1016
1024
1026
1026
1022
1011
1018
1026
1016
1023
1015
1024
1025
1024
1029
1022
1029
1018
1020
1019
1023
1017
1013
1016
1026
1022
1023
1026
1020
1026
1028
1024
1019
1016
1011
1019
1024
1026
1022
1026
1020
1027
1032
1035
1024
1025
1019
1018
1028
1015
1023
1024
1029
1032
1014
1022
1023
1019
1013
1020
1023
1021
1021
1029
1030
1025
1027
1026
1029
1029
1020
1032
1018
1025
1025
1032
1034
1018
1033
1025
1033
1031
1040
1030
1027
1019
1035
1025
1025
1020
1026
1031
1028
1030
1030
1036
1027
1032
1032
1029
1035
1017
1023
1026
1030
1025
1026
1020
1024
1017
1024
1019
1025
1017
1028
1022
1024
1023
1020
1023
1027
1023
1027
1031
1030
1030
1027
1038
1030
1035
1030
1027
1029
1031
1033
1024
1033
1032
1028
1027
1017
1035
1032
1022
1025
1038
1028
1027
1026
1023
1032
1028
1036
1028
1029
1034
1037
1035
1034
1028
1029
1025
1022
1027
1018
1019
1024
1025
1033
1024
1019
1020
1031
1024
1015
1016
1003
1017
1022
1028
1025
1025
1026
1015
1017
1018
1025
1015
1014
1030
1017
1022
1025
1021
1027
1026
1015
1020
1024
1016
1020
1026
1023
1029
1019
1024
1020
1022
1021
1026
1021
1028
1016
1014
1022
1021
1029
1020
1016
1020
1024
1021
1027
1022
1018
1016
1022
1013
1016
1020
1018
1026
1015
1025
1022
1011
1015
1017
1017
1017
1014
1018
1017
1017
1021
1019
1026
1024
1013
1014
1014
1014
1013
1023
1018
1027
1025
1023
1013
1022
1017
1029
1014
1019
1018
1023
1027
1018
1020
1022
1020
1014
1023
1015
1020
1015
1020
1023
1012
1016
1012
1015
1018
1018
1014
