950
949
950
954
958
951
953
953
956
953
955
955
956
953
952
951
957
961
959
950
953
959
949
961
960
953
950
952
951
949
955
958
951
955
948
947
962
957
956
957
958
962
956
955
955
958
954
961
961
959
957
955
958
955
961
967
968
975
969
976
968
970
968
961
957
960
954
957
959
960
962
957
958
964
962
963
957
956
965
959
958
958
955
956
961
952
962
957
960
964
956
958
962
968
964
965
955
954
955
963
965
967
960
956
958
962
971
969
967
962
969
965
966
966
968
963
959
968
958
962
964
963
961
959
954
964
964
957
965
958
953
957
972
960
963
957
962
963
960
958
958
954
954
967
957
962
952
956
962
964
968
963
963
964
969
967
960
967
968
971
961
962
958
960
953
948
952
958
954
960
952
958
968
959
964
962
966
976
976
971
970
972
965
969
968
972
968
977
979
973
976
975
963
968
963
964
960
964
961
963
968
955
955
963
964
958
960
964
958
964
961
957
958
962
964
960
957
968
969
961
960
956
961
956
953
954
957
955
952
954
955
953
952
955
951
953
960
967
958
961
954
944
941
956
953
950
949
960
951
950
959
956
967
963
973
962
968
968
963
960
969
973
968
962
965
964
962
973
967
960
967
964
966
961
966
967
963
970
967
964
962
959
959
956
957
957
962
956
965
955
964
961
968
965
968
967
974
963
959
964
967
974
972
970
968
965
966
966
971
968
960
962
969
971
962
965
966
962
962
970
973
973
970
962
970
969
976
973
964
966
973
964
963
969
963
956
959
964
963
963
975
964
962
973
971
973
966
961
972
975
971
970
966
971
967
971
969
970
972
969
965
971
975
969
975
968
969
970
971
959
971
971
968
968
971
972
965
968
975
974
964
968
970
961
968
973
968
984
980
979
971
972
980
976
976
980
975
975
978
978
987
983
990
980
982
977
979
976
985
977
984
981
985
993
963
971
963
968
969
972
971
962
975
972
979
973
976
973
975
970
968
980
978
977
973
977
980
974
976
971
968
976
974
979
972
984
976
984
976
976
978
976
975
979
977
976
977
972
970
978
980
984
984
977
976
983
983
981
981
983
976
979
980
981
978
978
976
974
974
971
979
977
976
970
974
981
977
978
970
974
983
968
976
975
977
974
985
979
976
973
973
972
979
977
980
985
977
978
974
974
971
970
975
972
977
977
982
983
986
979
979
988
979
984
986
980
975
983
994
984
994
983
991
989
994
983
969
988
989
988
990
980
983
978
982
984
983
983
981
982
987
984
985
985
977
983
986
981
978
985
988
989
982
978
978
978
982
974
982
973
979
976
978
981
982
984
977
980
975
979
990
982
977
968
971
976
978
973
977
978
978
980
979
982
974
970
982
984
985
985
982
986
972
986
985
990
977
990
984
979
989
989
991
995
992
994
984
987
989
989
987
989
988
981
986
987
992
992
989
987
989
991
982
983
984
992
989
992
996
1004
1000
990
997
997
994
991
984
980
986
984
986
979
990
993
988
996
992
988
993
991
982
987
993
988
989
994
990
996
997
995
980
985
989
989
987
986
993
985
988
993
989
983
995
991
994
994
992
993
988
986
989
985
997
988
995
997
999
992
987
986
1000
993
997
995
1006
999
1002
1005
999
1005
1005
1003
1005
999
1006
1002
1002
1001
1006
1002
997
990
1000
992
994
998
996
990
996
991
1000
994
998
991
997
1001
1001
995
992
998
993
986
987
994
982
990
988
986
993
996
999
992
1000
995
995
987
998
1002
1000
987
1001
996
1003
1000
996
998
1006
1006
1006
997
1001
989
1003
1006
1004
999
1007
1007
998
1004
1002
998
993
999
1008
998
1001
999
1007
989
1002
991
994
1003
1000
997
1003
995
995
995
995
996
994
1000
992
988
992
997
992
998
995
995
992
993
992
995
989
996
994
995
992
991
997
997
991
994
994
1000
988
988
989
991
1001
990
1005
994
995
995
987
1003
1000
992
998
993
993
991
994
994
991
998
1008
993
995
992
994
997
986
987
983
983
992
985
990
996
987
986
981
988
986
987
986
995
990
994
990
986
995
990
989
986
984
987
992
983
985
989
988
976
980
978
991
986
979
986
994
995
993
994
994
984
995
987
985
991
989
989
993
995
1003
995
991
985
991
986
987
992
983
990
984
990
988
987
987
983
979
984
988
980
985
995
990
992
979
993
999
989
995
997
987
994
989
993
987
989
994
999
1000
991
996
999
999
1005
998
994
998
994
997
995
993
993
1001
1007
997
996
1002
997
996
997
1002
1003
992
994
1000
998
998
995
999
996
994
984
990
994
986
996
1002
991
994
992
986
983
986
986
988
986
986
987
997
991
997
995
990
986
989
991
986
993
997
1001
1001
1001
1000
1005
1002
996
1005
1008
1000
1011
1001
993
993
999
995
993
991
992
992
987
990
1000
990
995
1003
992
998
998
987
999
999
1003
1002
994
997
995
996
996
996
1000
989
1003
994
995
997
993
993
999
992
996
987
996
994
991
999
1005
998
1004
1002
1004
998
1002
1003
995
998
995
1001
999
995
1003
1003
1003
999
1006
1007
994
991
997
995
992
997
996
997
996
992
1001
998
1004
1002
1001
998
995
1014
1008
1007
1004
1005
1003
1012
1006
1008
1008
1004
1003
1007
1000
1008
1011
1008
994
1006
1003
1011
1001
993
1003
1008
1013
1015
1008
1004
1005
1013
1008
1011
1006
1002
1010
1008
1000
1004
1000
996
997
1002
1006
1006
1006
1008
1009
1008
1003
1012
1010
1015
1008
1013
1010
1012
1012
1018
1013
1013
1006
1017
1005
1001
1012
1008
1016
1019
1009
1015
1017
1010
1012
1007
1003
1005
1000
1000
1005
1004
1003
1009
1006
1005
1015
1008
1012
1023
1009
1019
1018
1012
1011
1003
1013
1011
1013
1007
1010
1008
1011
1011
1005
1002
1005
1009
1009
1010
1010
1019
1005
1003
1010
1013
1006
1013
1011
1009
1011
1010
1007
1016
1008
1010
1010
1018
1012
1022
1018
1016
1023
1015
1022
1015
1007
1015
1009
1016
1016
1006
1015
1014
1014
1008
1005
1011
1020
1016
1009
1011
1005
1003
1011
1014
1011
1013
1012
1015
1015
1014
1017
1016
1024
1019
1015
1016
1015
1012
1018
1019
1023
1020
1021
1011
1017
1021
1016
1008
1016
1016
1013
1010
1017
1020
1030
1010
1015
1000
1009
1011
1013
1015
1013
1016
1013
1006
1021
1007
995
1014
995
1010
1016
1021
1015
1024
1018
1019
1017
1012
1020
1014
1013
1014
1012
1020
1022
1011
1003
1008
1011
1005
1007
1003
1020
1021
1019
1015
1014
1014
1019
1017
1024
1027
1022
1032
1020
1019
1016
1028
1021
1020
1017
1015
1015
1016
1013
1015
1014
1016
1008
1009
1007
1016
1016
1007
1018
1017
1013
1013
1007
1009
1006
1012
1015
1017
1011
1011
1014
1014
1009
1013
1009
1010
996
1004
1009
1010
1009
1008
1010
1010
1012
1005
1009
1006
1004
1006
1003
1013
1010
1012
1014
1016
1022
1009
996
1005
1007
1006
1015
1004
1002
994
1010
1007
1006
1004
1012
998
995
1006
1002
1006
1006
1004
1005
1003
1005
1014
1007
1004
999
1011
1015
1011
1013
1013
1011
1009
1008
1010
1007
1005
1000
1002
1003
1000
1010
1005
1005
1003
1008
1002
1014
1015
1014
1023
1017
1012
1003
1007
1017
1008
1004
1007
1010
1011
1004
1008
1018
1010
1014
1019
1018
1012
1009
1004
1006
1017
1013
1004
1008
1006
1011
1004
1002
1002
1009
996
1002
1007
1003
1016
1007
1001
1009
1001
1003
1001
998
997
999
995
1006
1009
1001
1015
1005
1012
1015
1007
1012
996
1011
1007
1008
1004
995
999
995
1002
999
997
1003
996
1005
996
997
996
999
1008
1003
1006
1004
1007
1012
1000
1005
1014
1005
1008
1017
1009
1011
1013
1014
1011
1013
1011
1014
1009
1003
1005
1010
1006
1001
1016
1010
1011
1005
1011
1004
1008
1013
1010
1021
1017
1006
1017
1007
998
1004
1002
1005
1001
1007
1006
1008
1005
999
1007
1010
1014
1006
1009
1011
1013
1006
1006
1010
1006
1002
997
992
1005
1001
1005
1008
1006
993
1001
998
998
1004
996
994
1012
1012
1008
1008
1017
1020
1015
1016
1011
1004
1004
1005
1010
1009
1010
1015
1021
1009
1019
1021
1005
1007
1001
1013
1006
1007
1012
1005
1006
1010
1013
1008
1006
1009
1006
1009
1011
1008
998
1005
1000
1003
995
998
1005
1004
1000
1015
1015
1013
1019
1008
1014
1014
1006
1012
1013
1007
1016
1013
1013
1007
1003
1012
1009
1009
1007
1014
1010
1012
1015
1003
1014
1003
1009
1016
1014
1007
1018
1016
1009
1020
1015
1019
1020
1010
1013
1020
1013
1010
1019
1009
1018
1009
1022
1022
1011
1010
1005
1003
1008
1013
1008
1017
1012
1007
1017
1018
1004
1017
1017
1015
1018
1007
1024
1018
1021
1020
1018
1026
1022
1013
1014
1012
1006
1004
1000
1014
1021
1018
1019
1022
1018
1014
1018
1015
1021
1027
1019
1027
1020
1023
1023
1019
1015
1015
1019
1016
1013
1021
1016
1018
1019
1013
1017
1017
1018
1013
1011
1018
1009
1012
1015
1008
1010
1011
1011
1013
1012
1000
1009
1006
1009
1008
999
999
1003
1016
1007
1002
1007
1016
1014
1010
999
1012
1011
1017
1006
1008
1009
1013
1012
1006
1013
1012
1011
1003
1014
1004
1010
1004
1003
1005
998
1009
1000
1000
997
1004
1006
1002
1007
1004
1005
1003
1005
1006
1006
1010
1011
1006
1007
1005
997
999
996
1003
1007
1002
1005
1007
1006
1003
1008
1005
997
1007
1000
999
1005
1008
1011
1004
1012
1007
1005
1006
1006
1005
1001
1000
999
1002
997
1003
993
1002
1006
993
997
1003
1007
998
1012
1004
1005
1000
1008
1004
1009
1010
1008
1004
1001
1006
1005
999
1013
1012
1008
1003
1010
1008
1010
1005
1003
999
1001
1003
1007
1008
1004
1009
1012
996
1007
1003
1011
1004
1004
1002
1002
1002
1005
1014
1006
1009
1000
1001
1005
1000
997
1001
998
1006
1002
1002
985
1001
1000
1003
1004
1002
1001
1006
1005
1000
1000
997
998
999
998
1004
1000
994
998
998
1000
999
996
994
1006
993
996
1000
1007
1006
1011
1009
1004
1004
1000
1006
998
1000
1003
1003
1001
1003
1005
997
1006
1007
1004
1002
1007
999
1012
1010
996
995
996
997
1003
1012
1000
1002
999
997
996
995
999
999
992
995
998
995
991
991
998
997
998
1000
996
1002
990
997
1006
1006
1001
1004
1002
996
1003
986
996
1005
1004
999
1009
1003
1004
1004
1000
994
1001
1002
1007
999
1014
1007
1006
999
1005
994
1000
1006
1005
1007
1006
998
1004
1007
997
1011
996
1003
1003
1007
1002
996
996
1006
1002
1006
1005
1008
1005
997
1005
1002
1005
1006
1009
1013
1010
1012
1005
996
993
1001
995
995
1007
1000
998
999
996
1008
997
996
1004
1004
1008
1010
990
998
997
1005
1002
1002
1010
1002
998
998
999
1000
1000
1004
1000
998
993
990
998
1003
1006
1003
1003
1008
1010
1013
1008
1008
1006
1003
1015
1006
1003
1003
1003
1002
1001
1004
1007
1003
1003
1007
1002
1002
1006
998
1000
996
999
1000
1000
998
994
994
1001
1004
1002
1001
994
1004
1002
995
998
999
998
1004
1005
1007
1005
1000
999
1000
1003
1005
1014
1006
1001
1010
1008
1004
1011
1006
1011
1004
1018
1011
1006
1015
1001
1009
1005
1015
1004
1014
1018
1018
1014
1025
1017
1018
1025
1016
1035
1038
1032
1032
1029
1027
1030
1032
1018
1026
1024
1021
1027
1021
1023
1031
1027
1030
1029
1028
1022
1028
1028
1028
1028
1022
1031
1029
1030
1033
1031
1029
1040
1038
1039
1037
1038
1035
1032
1030
1034
1031
1030
1029
1037
1033
1034
1037
1040
1042
1035
1034
1037
1037
1033
1032
1032
1033
1042
1042
1044
1039
1037
1031
1032
1032
1031
1025
1025
1035
1032
1033
1042
1041
1039
1038
1036
1035
1031
1035
1032
1026
1034
1025
1031
1031
1037
1034
1033
1028
1035
1031
1025
1027
1026
1025
1032
1026
1029
1033
1032
1025
1023
1025
1032
1029
1026
1028
1034
1035
1034
1022
1031
1029
1023
1026
1033
1030
1025
1028
1030
1030
1021
1029
1022
1030
1020
1025
1028
1029
1027
1022
1030
1028
1028
1021
1020
1020
1017
1026
1016
1025
1016
1028
1020
1022
1031
1020
1017
1031
1023
1022
1021
1023
1018
1026
1025
1020
1022
1029
1027
1021
1017
1029
1021
1024
1020
1016
1022
1019
1017
1027
1024
1026
1027
1031
1027
1031
1030
1026
1029
1032
1025
1026
1027
1030
1027
1028
1029
1026
1017
1025
1020
1024
1021
1021
1026
1028
1023
1030
1025
1024
1026
1026
1032
1030
1026
1026
1028
1013
1014
1022
1021
1023
1029
1022
1016
1018
1026
1018
1018
1019
1018
1020
1021
1018
1023
1018
1019
1018
1014
1020
1019
1021
1014
1021
1018
1024
1019
1022
1020
1029
1023
1025
1022
1019
1022
1016
1022
1021
1022
1023
1024
1022
1020
1015
1011
1018
1014
1014
1019
1020
1011
1017
1023
1015
1011
1015
1021
1011
1020
1020
1021
1013
1021
1018
1013
1027
1016
1025
1024
1024
1021
1015
1013
1021
1012
1015
1016
1020
1020
1017
1015
1020
1013
1013
1013
1025
1029
1023
1028
1028
1022
1018
1024
1023
1015
1018
1017
1016
1016
1006
1011
1011
1013
1013
1012
1020
1019
1012
1018
1011
1014
1014
1019
1014
1019
1023
1020
1017
1022
1021
1020
1024
1027
1022
1019
1014
1023
1020
1024
1024
1027
1015
1027
1023
1014
1019
1022
1015
1018
1011
1028
1028
1032
1024
1025
1018
1015
1020
1020
1015
1018
1029
1018
1024
1031
1033
1021
1025
1029
1017
1017
1026
1021
1022
1019
1020
1031
1025
1033
1026
1026
1023
1032
1027
1025
1026
1025
1025
1023
1018
1029
1026
1022
1023
1021
1027
1034
1039
1030
1032
1028
1031
1028
1030
1024
1030
1033
1024
1034
1032
1030
1030
1028
1026
1025
1028
1032
1027
1027
1033
1032
1029
1027
1033
1022
1028
1022
1035
1022
1027
1025
1020
1029
1025
1024
1026
1032
1031
1039
1039
1037
1034
1038
1033
1026
1035
1028
1034
1034
1034
1040
1038
1038
1027
1033
1015
1017
1027
1025
1023
1030
1027
1017
1019
1026
1021
1025
1019
1020
1021
1020
1031
1031
1019
1030
1028
1020
1027
1021
1030
1031
1029
1031
1023
1020
1020
1024
1023
1022
1033
1026
1028
1025
1035
1029
1023
1031
1027
1025
1025
1022
1023
1022
1021
1018
1026
1020
1014
1012
1015
1014
1014
1012
1014
1017
1013
1022
1007
1013
1017
1026
1022
1022
1019
1018
1020
1016
1022
1018
1004
1019
1015
1028
1019
1023
1018
1022
1019
1018
1015
1023
1019
1020
1022
1025
1022
1023
1031
1033
1018
1020
1028
1025
1018
1015
1016
1030
1023
1018
1022
1022
1023
1019
1022
1027
1025
1023
1018
1025
1020
1025
1033
1025
1024
1024
1021
1020
1019
1031
1025
1018
1024
1023
1032
1028
1020
1024
1026
1032
1027
1022
1014
1023
1022
1024
1021
1020
1026
1016
1017
1017
1018
1016
1021
1026
1019
1021
1020
1021
1016
1022
1017
1017
1027
1020
1012
1021
1019
1024
1022
1012
1023
1015
1014
1020
1019
1010
1012
1009
1012
1007
1007
1010
1015
1009
1010
1006
1006
1008
1005
1015
1016
1010
1006
1003
1007
1009
1012
1011
1013
1014
1011
1012
1015
1016
1009
1010
1007
1017
1013
1011
1013
1012
1017
1016
1014
1015
1020
1015
1010
1013
1018
1021
1013
1018
1014
1018
1012
1014
1020
1023
1011
1021
1021
1018
1016
1015
1019
1019
1015
1017
1022
1016
1017
1022
1029
1026
1018
1022
1029
1028
1018
1014
1025
1014
1026
1025
1019
1018
1021
1023
1020
1024
1022
1023
1023
1016
1016
1015
1016
1014
1021
1022
1023
1020
1016
1018
1021
1025
1018
1028
1019
1025
1017
1022
1020
1026
1019
1019
1014
1023
1022
1024
1015
1021
1020
1026
1026
1016
1029
1034
1029
1016
1019
1024
1025
1021
1024
1023
1021
1026
1031
1028
1030
1020
1033
1030
1018
1025
1013
1028
1026
1020
1032
1029
1024
1032
1020
1029
1030
1025
1028
1031
1029
1027
1023
1028
1029
1030
1020
1024
1024
1017
1026
1027
1021
1030
1014
1017
1025
1022
1021
1022
1021
1029
1026
1023
1025
1019
1024
1023
1027
1026
1025
1027
1022
1027
1030
1023
1027
1026
1023
1024
1018
1022
1022
1007
1018
1016
1010
1016
1023
1014
1014
1010
1024
1011
1019
1016
1021
1016
1018
1021
1014
1018
1014
1014
1016
1007
1016
1017
1016
1020
1025
1026
1028
1021
1023
1022
1026
1019
1025
1032
1022
1023
1027
1030
1023
1037
1023
1032
1030
1032
1032
1027
1025
1020
1025
1024
1021
1025
1021
1020
1028
1029
1019
1022
1019
1023
1015
1019
1020
1030
1027
1032
1022
1032
1024
1033
1025
1018
1024
1023
1023
1023
1031
1033
1030
1030
1029
1024
1025
1020
1020
1028
1024
1025
1031
1026
1029
1027
1027
1032
1027
1025
1025
1029
1032
1029
1027
1028
1022
1025
1026
1020
1024
1023
1036
1028
1025
1024
1026
1022
1030
1031
1022
1020
1023
1022
1027
1032
1026
1021
1022
1016
1021
1023
1020
1014
1020
1021
1018
1023
1019
1020
1021
1021
1020
1015
1022
1022
1021
1014
1021
1025
1027
1021
1030
1034
1028
1035
1020
1025
1024
1021
1020
1022
1014
1019
1025
1026
1020
1023
1019
1020
1012
1025
1020
1023
1016
1019
1015
1016
1019
1012
1011
1017
1020
1017
1015
1018
1019
1010
1019
1015
1015
1021
1019
1017
1020
1015
1024
1018
1020
1019
1028
1021
1022
1026
1023
1025
1025
1028
1017
1027
1029
1034
1035
1028
1028
1034
1025
1025
1025
1022
1019
1017
1028
1016
1014
1022
1007
1019
1021
1020
1017
1013
1015
1018
1011
1023
1013
1019
1014
1012
1015
1008
1016
1014
1021
1011
1008
1012
1014
1023
1021
1026
1029
1027
1030
1034
1028
1029
1029
1018
1031
1029
1016
1018
1016
1021
1016
1012
1007
1011
1007
1016
1014
1012
1015
1018
1015
1012
1010
1014
1008
1014
1009
1021
1009
1011
1012
1010
1012
1014
1018
1016
1019
1018
1016
1011
1024
1011
1014
1015
1017
1019
1014
1020
1029
1023
1016
1019
1015
1030
1013
1020
1022
1026
1014
1021
1018
1021
1014
1007
1007
1018
1012
1025
1017
1019
1014
1019
1020
1027
1017
1024
1023
1019
1023
1024
1020
1027
1021
1015
1022
1025
1030
1016
1021
1020
1015
1017
1012
1016
1007
1013
1007
1010
1017
1008
1014
1016
1015
1013
1018
1012
1018
1015
1018
1012
1013
1009
1016
1017
1011
1014
1020
1011
1007
1010
1016
1016
1022
1016
1011
1015
1016
1008
1008
1007
1003
1001
1011
1010
1013
1011
1011
1020
1008
1013
1006
1011
1014
1007
1010
1006
1007
1007
1004
1005
1015
1012
1013
1008
1017
1015
1017
1013
1008
1015
1015
1011
1011
1003
1013
1012
1016
1017
1013
1015
1018
1009
1018
1011
1014
1022
1018
1012
1020
1012
1014
1008
1014
1012
1007
1006
1015
1012
1009
1015
1006
1013
1006
1021
1023
1025
1007
1017
1016
1016
1021
1013
1016
1019
1009
1021
1016
1019
1024
1009
1013
1010
1003
1013
1008
1013
1014
1013
1011
1017
1017
1017
1024
1011
1026
1029
1021
1025
1033
1028
1027
1022
1020
1033
1035
1036
1030
1022
1036
1035
1030
1024
1029
1031
1039
1023
1023
1022
1026
1028
1025
1022
1020
1029
1020
1029
1028
1031
1028
1028
1015
1015
1024
1015
1019
1016
1019
1016
1027
1020
1021
1025
1015
1022
1016
1017
1018
1018
1019
1024
1020
1019
1019
1020
1015
1021
1021
1019
1024
1020
1025
1007
1021
1025
1020
1014
1015
1015
1026
1026
1022
1021
1024
1015
1029
1021
1025
1012
1019
1020
1019
1018
1021
1016
1020
1024
1015
1021
1013
1023
1018
1023
1021
1019
1025
1020
1022
1015
1017
1010
1017
1015
1018
1020
1009
1015
1022
1018
1015
1002
1014
1001
1014
1012
1014
1009
1011
1015
1011
1016
1022
1017
1024
1019
1017
1019
1023
1017
1020
1022
1023
1027
1024
1026
1024
1029
1028
1028
1030
1029
1031
1030
1030
1025
1025
1029
1022
1028
1025
1038
1029
1029
1031
1026
1030
1021
1023
1024
1028
1031
1023
1030
1030
1035
1033
1033
1036
1024
1030
1035
1024
1025
1026
1021
1021
1027
1034
1030
1026
1032
1021
1025
1019
1017
1027
1018
1023
1028
1024
1028
1025
1018
1025
1023
1029
1018
1014
1020
1023
1023
1018
1027
1023
1022
1022
1027
1025
1027
1024
1024
1029
1025
1033
1028
1022
1023
