943
943
947
943
943
956
955
958
948
958
951
948
957
952
955
951
951
953
950
954
950
950
958
957
966
960
963
965
959
955
959
962
962
962
960
955
959
957
960
964
958
967
961
958
956
963
964
964
967
963
962
962
963
949
956
954
962
954
955
951
951
955
952
951
962
951
951
962
959
966
960
959
958
957
960
955
955
952
953
954
953
958
962
956
958
958
959
953
967
953
961
958
962
961
963
962
962
965
963
969
963
954
963
961
965
974
963
969
975
966
962
968
972
972
962
972
960
965
957
961
965
963
966
960
962
963
968
964
962
967
963
965
966
966
974
973
972
979
973
971
976
966
976
972
974
971
982
977
972
971
978
978
977
977
980
987
984
986
979
985
987
990
979
990
990
983
987
990
979
979
984
991
987
975
977
985
973
982
981
975
981
975
983
985
983
977
983
981
991
985
983
988
996
989
990
993
993
1000
1005
1005
997
997
996
999
1000
1000
1000
990
997
993
993
989
1001
984
987
994
995
995
993
992
995
995
986
994
990
990
992
1001
991
993
995
993
998
996
1000
990
1002
988
989
990
991
992
993
997
993
1001
983
997
998
997
990
993
990
998
1002
995
1003
994
1002
997
999
993
1001
999
998
993
992
1004
992
994
987
996
988
991
981
991
989
986
984
984
986
991
988
990
988
979
986
983
984
997
985
989
991
993
990
996
989
996
987
988
983
991
983
991
986
989
983
986
973
985
980
984
978
985
981
989
987
996
990
990
989
990
980
983
980
993
994
986
989
998
988
989
980
989
995
996
995
990
991
996
988
989
991
990
985
991
994
996
992
996
987
983
992
992
989
979
994
980
982
986
986
993
985
981
989
985
990
996
994
989
983
994
990
994
994
993
996
991
994
990
986
986
990
990
991
988
980
987
999
986
1003
996
990
996
1001
993
993
995
992
991
998
996
988
987
992
984
985
991
992
992
993
989
992
1001
995
999
999
994
988
994
990
990
988
987
990
991
996
994
1000
997
992
992
995
990
989
995
988
993
990
996
989
987
987
989
989
1001
997
991
995
995
987
981
987
989
989
984
991
987
989
986
983
985
984
992
988
984
993
993
994
994
989
987
988
993
996
1001
1003
1001
1000
989
994
999
996
1003
996
995
1002
991
996
992
994
990
986
992
996
998
998
999
995
999
999
998
1001
997
999
999
992
994
999
997
994
991
994
994
998
994
995
1009
993
1004
999
994
999
987
995
1002
1006
998
1005
1006
1001
998
1000
1002
994
1005
1001
991
998
995
993
995
991
999
997
1003
999
990
1000
1001
997
992
1000
993
982
990
991
979
990
980
990
989
995
999
983
985
991
984
985
988
987
997
992
994
996
998
987
993
992
989
997
991
988
998
1001
995
994
1002
996
988
993
987
987
995
987
987
986
987
986
994
1005
994
995
1000
996
992
995
995
1002
1005
1005
1002
1001
1000
1001
1003
999
1001
1004
999
1002
1010
1006
996
986
991
1000
1001
996
998
992
986
993
994
991
992
992
987
985
990
992
982
984
990
984
983
990
986
983
990
986
984
985
985
989
990
989
988
993
995
993
993
1007
1000
993
990
995
996
995
998
996
992
997
995
995
994
997
995
996
996
994
1003
996
995
997
1000
1002
996
994
986
999
1001
996
1002
995
995
984
988
998
991
999
990
997
991
984
995
991
981
995
996
995
995
992
988
996
988
998
991
993
995
992
989
984
988
983
985
984
981
987
988
990
992
978
984
989
989
982
984
981
991
976
976
982
986
997
994
991
988
989
996
989
1003
991
998
989
988
998
994
991
993
983
999
996
995
987
987
988
985
991
994
987
983
985
995
1003
997
999
990
994
999
1003
1000
1000
998
992
989
992
997
995
994
1001
997
1003
995
995
998
991
996
997
993
991
988
999
996
1001
998
992
993
1002
997
1005
989
996
994
1000
1001
995
993
1004
998
999
1001
993
1001
998
997
1003
1002
998
998
999
1007
1011
1006
993
1005
998
1001
991
996
1002
999
1003
994
1004
1004
999
993
997
1000
997
993
988
992
996
993
994
996
994
1002
998
1002
996
1008
1000
995
996
991
990
993
996
995
992
998
992
998
999
1002
992
994
1008
1002
998
997
999
995
999
994
987
994
996
991
997
999
997
987
990
991
987
994
989
995
995
996
989
993
993
999
989
999
1003
997
994
1001
1001
985
997
988
992
993
994
990
988
1008
999
996
987
997
994
999
996
1001
997
989
996
997
996
986
997
999
996
999
1004
995
998
1003
1007
1002
992
997
989
996
991
991
996
996
1001
996
994
1002
1005
1001
995
987
991
997
988
991
992
1002
998
998
992
993
996
1001
996
994
988
985
987
986
989
986
992
990
990
994
993
988
994
995
990
991
994
998
994
994
998
998
993
1001
1006
1004
992
1001
1003
1000
998
993
1003
999
1001
1000
996
995
989
990
993
984
996
993
998
992
993
996
1001
993
1006
998
998
1003
1003
1004
995
1007
1007
999
1000
1002
1000
1009
996
988
998
990
996
995
992
996
997
993
993
998
996
992
996
1000
998
996
992
1002
995
988
986
992
996
1002
993
992
995
1001
990
998
986
996
992
987
996
994
985
979
991
985
985
990
990
989
986
989
990
985
989
982
984
992
993
988
996
998
1002
994
999
995
995
992
1001
995
1008
1001
1000
996
1003
995
997
986
998
996
996
999
992
1001
1008
1000
991
996
1001
1005
1004
1007
1001
997
998
995
999
989
996
983
991
991
995
993
996
1004
993
1003
996
995
1000
1001
995
998
1000
994
1000
1002
998
999
997
994
995
997
1001
993
1001
998
996
999
1001
997
1000
1006
1005
1002
1000
1004
1003
999
1001
996
991
1007
998
996
999
998
998
1003
996
1007
1015
1007
1009
1008
1001
1012
1013
1008
1015
1013
1009
1007
1013
1002
1006
1013
1000
1008
1006
1001
999
1009
1010
1002
1006
1007
1006
1009
1012
1019
1015
1011
1014
1016
1010
1013
1012
1006
1005
1007
1005
1002
1013
1016
1008
1009
997
1009
1014
1011
1007
1006
998
1006
1004
1012
1012
1009
1017
1015
1014
1009
1011
1009
1008
1011
1018
1012
1009
1015
1012
1008
1007
1002
1005
1004
1016
1020
1007
1010
1010
1008
1007
1001
1004
1003
1003
1007
1002
1014
1012
1013
1000
1010
1015
1006
998
1011
1007
997
1011
1006
1005
1005
999
1013
1007
1007
1006
1001
1010
1013
1012
1012
1008
1010
1012
1007
1009
1008
1006
1005
1005
1009
1009
1009
1008
1011
1014
1004
998
1005
1014
1011
1003
1013
1010
1006
1008
1008
1006
1006
1011
1000
999
1003
997
1005
1007
1012
1002
1006
1006
1005
999
999
988
989
995
995
993
998
996
1000
987
1000
998
991
996
1006
999
1004
1004
1003
1001
1004
999
1004
1001
1001
1003
999
992
988
997
990
992
995
1002
1004
1001
999
996
994
1000
1005
1001
1004
992
997
1002
1004
1011
1005
1007
1012
1006
1009
1002
999
1008
1009
1002
1011
1013
1001
1014
1004
1009
1008
1005
1002
1002
1008
1001
1000
998
1011
1002
1009
1007
1004
1004
1005
1010
1009
998
1007
1008
995
1000
997
1002
1000
1002
1005
1001
993
994
999
997
999
997
1003
1000
1006
1000
996
999
1001
1002
1004
1000
1006
1001
1001
1001
999
1005
998
999
1005
1003
1001
1003
1004
998
1003
1001
1008
1007
1002
1000
1003
1003
1000
1005
999
1001
1001
994
1001
999
1001
997
993
996
999
1001
1006
996
996
1008
998
998
1005
1004
1000
1001
996
1005
1002
1004
1004
1000
1003
999
1008
1008
1001
1004
1001
1010
1012
1004
997
998
1012
1009
1004
1000
1011
1016
1009
1013
1011
1010
1016
1015
1007
1009
1007
1010
1012
1009
1002
1013
1016
1011
1003
1002
1004
1005
1005
1003
999
1001
1007
1006
1003
1011
1016
1005
1009
1008
1016
1010
1011
1015
1013
1020
1011
1024
1015
1017
1017
1020
1023
1016
1015
1019
1018
1020
1015
1019
1018
1014
1008
1019
1020
1012
1009
1013
1020
1011
1009
1011
1012
1004
1009
1013
1015
1010
1018
1014
1016
1017
1017
1012
1015
1019
1014
1016
1025
1012
1011
1017
1017
1018
1018
1018
1020
1018
1020
1018
1014
1012
1019
1006
1012
1009
1011
1004
1009
1011
1007
1011
1008
1004
1009
1012
1008
1018
1013
1004
1012
1018
1011
1021
1012
1012
1016
1009
1021
1013
1015
1003
1018
1003
1017
1012
1021
1018
1010
1011
1014
1007
1010
1009
1001
1011
1008
1010
1006
1004
1003
1006
1005
1006
1012
1007
1008
1005
1001
1005
1008
1011
1005
1008
1007
1008
1003
1002
1007
1001
1001
1001
1004
1006
1001
1001
1010
1005
1003
997
1002
1002
1006
1004
1001
998
1003
1003
998
1000
1005
1010
1013
1005
1011
1010
1001
1009
1009
1014
1017
1012
1008
1004
1011
1004
1004
1012
1008
1008
1002
1006
1002
1004
1004
1005
1004
1008
1015
1004
1009
1010
1009
1007
1008
1004
1009
1013
1011
1005
995
1008
1004
1002
1013
1009
1012
1002
1006
1008
1003
1015
1024
1014
1011
1008
1018
1019
1017
1012
1013
1013
1018
1011
1028
1020
1026
1014
1020
1023
1021
1014
1029
1017
1017
1025
1025
1019
1014
1014
1021
1023
1015
1009
1016
1013
1013
1012
1018
1018
1019
1013
1019
1019
1019
1014
1009
1002
1019
1010
1021
1014
1019
1036
1026
1024
1027
1030
1035
1022
1032
1035
1023
1032
1023
1016
1022
1016
1018
1013
1012
1015
1017
1022
1018
1024
1014
1020
1023
1017
1011
1018
1013
1021
1012
1021
1017
1025
1016
1014
1025
1026
1013
1021
1030
1021
1016
1020
1019
1017
1024
1016
1017
1007
1023
1027
1023
1020
1018
1013
1011
1009
1019
1019
1018
1015
1017
1017
1019
1019
1019
1019
1011
1016
1016
1012
1016
1013
1005
1010
1018
1014
1007
1015
1006
1015
1013
1017
1021
1017
1017
1009
1012
1008
1012
1014
1016
1007
1009
1020
1008
1009
1009
1017
1014
1013
1007
1014
1022
1018
1018
1016
1015
1027
1025
1017
1010
1018
1012
1008
1015
1017
1017
1022
1015
1018
1019
1013
1017
1014
1013
1023
1014
1023
1013
1017
1011
1007
1016
1013
1016
1017
1015
1023
1022
1019
1026
1013
1020
1019
1016
1022
1018
1021
1022
1009
1014
1026
1017
1019
1015
1026
1025
1017
1020
1020
1020
1023
1017
1023
1015
1023
1013
1022
1022
1017
1015
1018
1012
1021
1025
1014
1015
1019
1010
1018
1014
1011
1003
1010
1011
1008
1015
1010
1008
1015
1018
1021
1011
1015
1015
1005
1001
1007
1005
1000
997
997
1004
998
1007
1008
1010
1009
1009
1007
1008
1011
1014
1014
1004
1008
1009
1011
1012
1012
1017
1007
1002
1010
1006
1010
1012
1008
1014
1010
1013
1007
1013
1014
1010
1010
1004
1004
1002
1008
1004
1008
1001
1013
1003
1006
1001
1005
1009
1007
1000
1006
1012
1008
1002
1006
1006
1007
1000
1011
1004
1010
1012
1012
1013
1010
1005
1020
1006
1007
1012
1008
1006
1005
1010
1019
1004
1009
1008
1009
1005
1022
1016
1013
1013
1021
1018
1020
1023
1018
1024
1016
1024
1021
1017
1014
1019
1020
1019
1014
1017
1022
1014
1013
1008
1015
1005
1011
1009
1015
1021
1023
1013
1011
1013
1009
1021
1014
1006
1019
1023
1015
1022
1024
1028
1020
1023
1020
1021
1020
1016
1019
1020
1020
1018
1010
1011
1013
1015
1018
1011
1017
1010
1018
1020
1009
1013
1011
1004
1008
1016
1005
1010
1019
1006
1015
1011
1014
1009
1016
1018
1019
1022
1013
1017
1014
1015
1015
1020
1017
1019
1015
1019
1017
1021
1019
1011
1009
1012
1012
999
1012
1007
1005
1004
1006
1010
1011
1016
1013
1015
1017
1008
1017
1012
1015
1009
1011
1004
1012
1003
991
1010
1011
1014
1015
1006
1010
1008
1011
1003
1010
1005
1009
1001
1008
1011
1009
1018
1002
1005
1004
1010
1010
1010
1011
1002
1010
1013
1016
1018
1013
1008
1006
1009
1011
1005
1010
1003
1005
1016
1007
1018
1015
1012
1014
1002
995
1005
1007
1011
1011
1014
1007
1007
1009
1007
1011
1007
1011
1006
1019
1016
1007
1010
1009
1003
999
1015
1007
1007
1010
1013
1013
1019
1014
1018
1018
1007
1017
1025
1023
1021
1012
1021
1020
1022
1016
1015
1024
1011
1015
1011
1012
1014
1008
1010
1021
1019
1008
1016
1010
1003
1010
1017
1009
1014
1013
1016
1011
1008
1010
1014
1019
1015
1010
1016
1012
1011
1009
1016
1016
1001
1008
1000
1006
1007
1010
1005
1009
1009
1005
1004
1013
1008
1015
1004
1006
1012
1016
1011
1013
1016
1011
1011
1016
1004
1018
1013
1017
1014
1017
1021
1015
1009
1004
1020
1017
1017
1013
1017
1010
1021
1008
1013
1010
1008
1009
1016
1014
1013
1001
1008
1001
1006
1015
1013
1004
1017
1012
1010
1008
1017
1005
1003
1002
1007
1002
1009
999
1007
1013
1006
1009
1020
1018
1021
1020
1018
1013
1008
1004
1012
1008
1007
1009
1009
1005
1009
1013
1011
1018
1012
1014
1001
1007
1011
1010
1006
1009
1013
1011
1019
1011
1007
1010
1014
1016
1019
1013
1011
1019
1016
1015
1017
1015
1016
1002
1017
1013
1016
1015
1008
1018
1011
1014
1013
1011
1013
1014
1020
1024
1025
1014
1022
1010
1022
1010
1016
1011
1018
1019
1015
1014
1012
1019
1015
1018
1010
1013
1008
1010
1011
1011
1014
1015
1012
1010
1012
1015
1008
1014
1011
1020
1016
1014
1021
1015
1011
1012
1015
1010
1013
1018
1011
1006
1008
1017
1010
1012
1017
1016
1009
1003
1006
1008
1009
1010
1014
1009
1019
1018
1008
1022
1012
1012
1014
1004
1013
1014
1010
1011
1007
1011
1010
1009
1008
1014
1013
1018
1009
1011
1018
1014
1013
1012
1009
1011
1002
997
1002
1005
1003
1003
1006
1003
1002
1005
1015
1017
1007
1008
1012
1001
1010
1008
997
1003
1002
1002
997
1000
1008
999
999
1007
1003
1011
1009
1005
1011
1007
1008
1007
1008
1000
1008
1008
1007
1006
998
1007
1011
1008
1006
1016
1013
1013
1008
1009
1007
1001
1001
1004
1010
1001
998
1004
1009
1001
1006
1004
1007
1007
1008
997
1006
1009
995
1006
1007
1002
1004
1002
1012
999
1003
1003
1004
1002
1007
1009
1001
1011
1004
1005
1009
1006
1012
1017
1008
1011
1004
1009
1000
1003
1004
1013
1010
1017
1010
1011
1005
1003
1003
1004
1002
1004
1010
1003
1005
1004
1001
995
999
1002
1002
999
996
1000
1007
1009
1001
1006
1005
1003
1007
1003
1002
1006
1007
1009
999
995
998
1009
1014
1012
1012
1008
1013
1015
1022
1009
1014
1016
1012
1012
999
1012
1015
1008
1015
1010
1016
1013
1013
1011
1011
1010
1013
1009
1018
1015
1007
1009
1008
1012
1015
1020
1008
1010
1018
1011
1017
1021
1011
1012
1015
1005
1012
1015
1016
1016
1016
1004
1011
1010
1011
1010
1006
1002
1016
1014
1018
1013
1004
1012
1012
1013
1014
1016
1014
1015
1018
1006
1023
1018
1017
1018
1018
1019
1015
1012
1011
1019
1016
1008
1012
1011
1006
1015
1007
1008
1006
1011
1013
1015
1017
1014
1008
1008
1007
1008
1008
1015
1027
1007
999
1010
1013
1012
1014
1014
1015
1022
1013
1013
1025
1011
1009
1016
1006
1010
1021
1010
1011
1011
1009
1020
1020
1012
1015
1016
1013
1019
1022
1017
1013
1019
1015
1016
1017
1012
1020
1018
1016
1018
1020
1020
1024
1017
1023
1016
1019
1011
1008
1015
1021
1021
1012
1013
1014
1015
1006
1013
1017
1021
1010
1021
1019
1012
1022
1023
1016
1014
1020
1018
1017
1023
1020
1020
1015
1030
1020
1022
1023
1015
1022
1023
1020
1017
1018
1017
1016
1017
1017
1018
1020
1016
1026
1011
1014
1017
1024
1025
1015
1024
1021
1019
1017
1024
1019
1017
1019
1017
1020
1017
1012
1009
1011
1013
999
1008
1016
1009
1012
1014
1010
1003
1009
1018
1013
1005
1009
1014
1008
1010
1018
1012
1010
1012
1010
1012
1007
1017
1011
1010
1010
1001
1008
997
1010
1003
1010
1012
1009
999
1013
1010
1015
1012
1011
1009
1012
1008
1016
1008
1010
1006
996
1015
1011
1016
1022
1008
1011
1011
1019
1006
1015
1013
1016
1008
1015
1024
1012
1016
1018
1018
1029
1025
1029
1020
1021
1018
1014
1019
1013
1017
1005
1012
1006
1014
1008
1006
1003
1006
1006
1006
1008
1006
1004
999
1012
1020
1010
1014
1015
1007
1010
1014
1021
1014
1013
1020
1014
1016
1026
1012
1017
1027
1022
1026
1019
1022
1014
1022
1018
1023
1024
1018
1017
1023
1022
1017
1024
1020
1011
1027
1019
1022
1012
1020
1012
1021
1023
1017
1021
1018
1025
1018
1016
1014
1020
1011
1008
1016
1018
1013
1021
1017
1017
1015
1017
1012
1012
1012
1015
1015
1011
1011
1015
1015
1013
1019
1023
1018
1020
1017
1028
1021
1013
1022
1021
1025
1014
1009
1012
1011
1018
1022
1011
1017
1022
1028
1017
1014
1020
1026
1020
1024
1019
1016
1019
1025
1020
1023
1021
1025
1017
1016
1009
1013
1014
1024
1014
1001
1011
1014
1012
1022
1010
1014
1016
1011
1020
1010
1008
1021
1020
1006
1018
1011
1012
1014
1008
1008
1016
1017
1021
1014
1016
1014
1008
1014
1013
1014
1006
1017
1009
1016
1012
1011
1011
1007
1007
1012
1018
1009
1013
1006
1015
1014
1005
1009
1014
1009
1014
1013
1010
1006
998
1003
1009
1010
1010
1001
995
998
1008
1006
1000
1008
1009
1003
999
995
995
1008
1006
998
1002
999
1010
1007
1006
1007
1009
1004
1009
1009
1001
1001
996
