947
945
947
947
944
950
952
957
952
948
943
952
952
950
949
951
953
945
952
945
962
961
960
960
960
966
959
960
966
967
964
964
959
954
963
961
959
954
960
955
945
950
955
952
955
952
956
961
956
954
953
956
954
951
950
952
958
955
950
957
951
955
953
957
950
949
944
945
941
941
951
950
948
945
951
951
948
943
948
949
954
947
952
949
956
949
945
945
951
960
957
954
954
954
957
953
954
961
956
952
951
951
949
945
949
946
954
956
956
950
949
954
954
953
960
957
963
961
960
963
952
961
956
958
959
963
967
960
956
958
956
959
954
960
962
963
972
966
966
960
966
965
973
970
963
968
972
975
962
954
951
955
957
962
956
957
962
959
962
962
964
968
962
962
962
961
962
968
967
959
960
963
959
955
957
963
964
960
965
965
959
960
960
961
967
964
965
962
959
963
960
962
963
969
972
962
969
957
967
959
964
963
960
966
968
964
964
960
961
959
957
962
957
958
965
962
963
961
960
959
958
965
965
965
955
964
962
954
957
959
954
959
963
961
967
964
965
971
970
971
969
973
967
979
979
967
967
970
962
969
977
971
972
970
977
964
970
968
971
974
961
961
964
964
974
973
970
966
967
962
964
968
965
970
958
961
971
973
974
969
971
974
965
972
974
974
969
971
968
971
969
965
970
973
974
971
967
966
973
971
968
976
970
965
970
967
974
969
972
974
973
970
970
971
966
972
975
970
969
974
974
965
973
977
974
968
971
973
970
972
971
974
968
970
970
973
984
979
974
980
981
970
972
974
975
963
977
971
978
975
981
974
978
980
972
978
971
981
973
973
970
973
966
963
973
967
971
963
974
968
977
972
972
979
977
969
967
976
971
969
971
967
976
972
973
970
974
973
965
973
972
967
965
971
979
975
975
963
976
971
970
969
966
969
970
968
970
972
972
968
968
973
953
965
980
977
976
969
973
979
970
973
970
977
972
974
975
970
970
969
958
967
971
968
954
964
967
961
965
960
953
956
956
963
958
959
963
958
959
962
960
967
965
961
963
963
974
969
981
965
973
979
980
970
980
975
975
976
977
976
977
974
983
981
976
984
977
985
978
983
982
984
983
975
984
978
973
979
973
976
979
976
976
976
977
981
978
982
979
978
977
974
977
978
970
972
966
965
975
976
976
981
983
983
969
977
982
980
970
970
965
975
974
981
970
961
964
977
975
973
974
975
975
970
969
973
973
980
972
972
973
977
969
974
970
981
983
982
991
978
975
983
982
974
980
978
977
978
977
983
977
980
983
975
970
968
977
978
973
968
971
978
980
973
976
971
976
983
983
980
984
977
985
973
975
970
979
984
982
978
980
986
981
980
977
985
983
977
986
986
979
986
984
980
975
981
982
982
975
978
980
985
982
981
977
983
986
984
985
981
984
987
979
986
979
974
983
983
973
971
975
971
981
979
975
984
978
978
983
988
984
986
990
982
988
989
990
990
982
985
984
979
978
977
984
974
980
976
977
980
982
987
989
985
979
977
977
979
975
976
981
972
971
974
987
980
966
977
977
965
971
975
973
976
971
978
974
972
979
970
972
968
970
977
962
973
972
971
970
976
970
974
968
969
976
973
980
971
977
971
977
970
979
978
976
973
970
965
978
982
975
983
988
993
987
989
977
977
989
990
988
993
984
982
989
985
985
982
983
989
987
994
990
992
992
994
1004
997
1001
995
990
994
993
989
990
986
991
985
996
986
990
991
989
990
993
987
985
989
989
986
983
983
981
982
984
983
974
975
979
982
985
991
981
989
983
981
988
981
980
982
989
986
978
983
987
993
989
986
991
987
987
991
993
988
989
992
989
985
983
986
991
982
975
981
974
972
986
984
985
985
982
984
981
988
980
988
985
979
983
984
986
982
985
990
984
983
979
984
982
985
971
979
983
975
980
977
977
979
983
974
992
973
974
975
976
975
971
979
981
979
982
981
979
987
986
984
978
976
971
973
981
978
980
986
985
983
987
987
989
984
982
987
983
989
989
984
983
992
980
994
989
994
992
990
990
995
989
993
987
992
993
996
992
991
986
997
991
977
988
994
983
980
981
983
988
987
986
988
992
988
990
997
987
983
990
981
976
993
995
983
981
989
983
984
985
983
982
981
987
987
985
981
985
989
988
997
991
990
1000
991
985
997
992
983
984
984
991
989
994
986
990
983
992
990
993
993
992
991
984
982
979
988
986
986
984
994
990
986
975
978
984
986
986
980
988
979
983
974
974
978
975
976
972
985
975
975
979
980
981
977
981
988
986
984
984
988
985
996
978
974
985
981
975
980
979
979
982
992
979
980
982
985
989
982
992
988
985
984
985
986
984
986
996
994
993
999
988
995
994
986
993
988
992
1001
996
990
986
997
998
998
993
997
997
994
1003
990
1001
995
996
998
996
994
999
994
992
990
990
995
992
986
987
988
992
994
990
995
999
992
989
992
993
995
997
997
998
994
993
999
1000
997
1001
1004
1007
1006
1008
1006
999
1005
1012
997
1002
1008
994
1008
1002
998
998
1004
993
997
994
999
993
1007
1008
1008
1000
1002
1004
1005
1004
1004
994
998
995
990
994
992
992
997
1003
999
990
992
998
993
997
994
996
990
995
992
1000
996
1002
1003
1004
998
998
1004
999
999
995
1002
1007
1007
1002
1007
1001
1006
1010
1017
1006
1012
1011
1009
1009
1008
1007
993
1008
1003
1004
1000
1001
1001
1005
998
1008
1004
1005
1002
1008
999
1005
995
1001
1005
1005
996
999
1001
998
1005
1001
997
1008
1007
1007
999
1004
1007
1008
1001
1004
1001
1001
996
1000
1001
1003
999
999
995
997
989
997
994
992
988
994
997
994
999
997
991
999
999
997
1000
987
997
1002
999
1004
1001
1008
1005
1002
1005
1002
1002
1005
1011
997
1003
1005
997
1004
1007
1007
1005
1011
1006
1011
1010
1010
1005
1011
1010
1011
1008
1001
998
1001
1012
1005
999
1000
1004
1011
1001
1001
998
1006
998
999
999
998
994
1003
995
1002
993
999
993
1003
997
992
989
991
999
994
1003
990
987
993
991
990
989
993
988
982
995
988
990
988
981
992
999
991
995
981
998
993
996
997
1000
997
993
997
990
994
989
996
1003
990
995
995
998
998
1000
995
994
991
987
994
993
1001
994
994
995
1004
1004
998
993
1002
993
996
995
992
1003
995
998
1000
1002
993
997
999
998
1001
998
995
999
995
996
999
1001
995
994
993
988
994
997
997
995
995
1002
993
989
999
997
994
993
994
999
1002
998
1001
1003
994
992
994
990
984
991
983
982
984
992
993
986
1000
998
1003
1000
1003
994
992
995
986
991
989
988
985
988
989
993
983
985
984
983
991
992
995
993
991
994
988
992
992
977
990
989
992
992
985
989
997
987
995
993
990
992
988
984
984
989
987
994
998
995
996
993
988
991
1001
997
998
996
987
980
995
986
988
994
983
997
992
982
992
990
987
988
987
984
988
989
987
999
994
983
992
992
995
986
991
998
996
993
997
999
1006
992
996
993
989
999
997
1001
997
990
987
982
989
991
985
982
999
995
989
995
985
988
993
992
991
999
991
994
988
997
983
988
994
991
991
999
990
994
997
1001
1003
994
991
989
986
984
984
986
985
993
998
984
989
984
991
994
994
994
979
984
990
991
996
994
998
991
989
996
987
995
990
990
995
989
997
1001
999
991
997
997
993
990
992
992
1000
996
993
993
990
992
991
991
992
995
983
994
998
985
994
1000
989
987
992
998
995
1004
1003
1005
994
1002
993
997
1000
994
990
995
988
987
991
988
994
988
982
992
991
986
992
989
995
989
985
992
986
990
993
998
999
997
994
990
988
988
991
979
998
983
996
981
986
997
999
1003
992
995
983
991
994
989
994
988
986
988
988
989
983
991
989
989
989
989
993
981
979
983
986
980
977
982
975
979
984
987
985
985
981
982
987
976
985
981
988
987
983
984
983
983
985
978
988
985
977
984
988
983
979
975
973
978
979
975
973
978
979
983
974
973
974
982
981
984
990
982
985
980
979
986
981
987
996
995
989
990
993
990
995
988
993
984
983
992
987
994
999
998
985
989
987
989
985
987
988
990
995
983
991
997
996
995
1002
992
992
993
995
996
994
991
994
995
989
989
989
992
996
983
987
994
991
997
995
993
990
994
999
997
993
1001
1003
1000
1001
997
999
1005
993
993
982
985
994
998
996
998
996
994
989
993
1008
999
996
995
999
999
991
991
991
998
994
994
995
994
998
996
996
989
994
1002
1000
995
993
992
982
994
983
989
987
996
987
991
986
984
979
984
986
983
993
991
989
983
993
993
996
992
993
993
989
987
992
996
998
1001
995
990
995
990
991
987
1004
999
996
999
998
1003
1006
1002
997
992
1001
991
987
991
996
995
988
995
993
995
997
988
984
995
992
993
992
979
992
997
992
991
994
988
995
1003
1002
1005
1000
995
996
988
991
994
997
999
990
990
984
988
991
985
994
992
1004
995
996
998
1002
999
1005
996
998
996
998
993
994
998
1000
997
999
1001
1000
999
1000
995
998
994
995
1004
1000
996
996
999
999
999
999
1004
1006
1009
1007
1005
1006
1001
997
988
994
1002
999
989
993
995
997
1001
997
997
989
992
989
999
999
1000
996
1001
998
990
985
991
992
999
1004
1004
999
988
991
988
987
998
997
995
995
993
992
991
996
997
995
992
994
993
992
981
992
997
989
995
999
991
997
996
993
989
995
989
992
993
986
989
991
991
991
997
995
991
993
1001
999
998
989
993
993
990
990
991
995
996
995
996
996
994
992
994
1001
999
992
1000
994
995
998
999
987
993
992
989
996
999
996
995
991
993
998
995
995
993
995
996
1001
999
999
992
994
1000
992
993
994
990
994
993
998
1001
998
993
990
996
988
987
989
984
986
974
993
996
996
990
994
991
985
990
988
998
985
985
997
989
984
994
993
984
989
994
999
990
990
989
989
992
993
1005
1000
1001
1010
1000
1005
1005
1001
998
999
994
993
996
992
1000
986
1002
999
1000
1007
1004
997
1000
997
1001
995
999
993
993
997
990
997
997
995
989
996
1005
993
995
996
1003
997
1006
1002
1001
1005
1002
995
995
1001
996
1002
999
1001
1006
998
997
996
993
996
991
992
996
1000
1003
991
1001
988
993
1002
995
993
992
997
996
994
990
997
989
987
986
991
996
989
994
994
998
994
998
1002
1001
999
996
994
995
985
983
986
995
998
992
993
993
988
986
992
980
991
988
992
991
993
986
992
990
992
983
988
981
989
994
983
991
987
992
996
998
1002
1009
1008
1005
1002
1000
996
1004
1002
995
1002
1004
1000
997
990
998
999
1004
1001
997
991
1000
994
990
992
991
989
979
990
992
988
992
989
991
997
996
997
995
1001
1001
997
996
989
994
991
1002
993
1000
995
1001
994
995
999
1001
997
994
995
990
994
990
982
984
981
984
984
980
983
982
988
992
983
986
986
995
991
991
997
991
995
991
988
989
995
1001
999
995
993
990
991
994
994
986
984
994
999
992
996
987
988
987
995
1001
994
1001
989
999
993
993
994
990
993
987
989
1000
988
992
986
995
999
998
991
991
998
1000
994
995
998
996
997
995
998
994
997
1001
991
998
997
1000
997
993
996
1000
996
991
993
992
987
994
988
987
994
996
995
999
995
992
995
987
987
999
997
993
995
987
994
1000
994
997
993
993
997
985
986
989
984
994
994
993
995
989
991
991
989
996
992
994
997
992
1004
992
996
998
1002
997
997
999
987
990
991
992
996
996
992
993
991
996
998
992
991
995
997
998
994
995
993
994
982
984
988
993
989
990
989
989
988
987
999
990
985
988
984
984
988
991
997
999
1001
995
994
998
992
991
997
1001
997
999
989
999
1004
999
1000
1009
998
998
1007
1004
1005
1003
1002
1006
1012
1003
1002
994
997
991
993
992
1002
994
996
999
996
1005
1003
1003
1003
995
998
999
996
994
998
996
1003
1000
998
999
999
996
994
991
998
1005
1003
1005
1007
1003
999
1000
1006
997
1008
1002
1006
998
1000
1006
999
1002
1006
1013
1003
1000
1000
997
1009
1006
1009
1012
1002
1013
1015
1005
1008
1010
1014
1006
1012
1010
1006
1005
1001
1007
1004
1003
1003
1011
1002
1000
999
996
1000
998
1005
1007
1002
997
1004
1000
995
1008
1003
1007
1005
998
1003
1004
1006
1007
1002
1003
994
994
996
999
999
1003
1003
1007
1011
1004
1000
1009
993
995
1004
995
997
1004
998
1009
1003
1002
1001
1001
1004
1001
1004
1000
1005
1004
1005
996
1004
1007
1009
995
992
1005
1004
1005
1004
1002
1005
1003
998
1000
1000
1004
998
1003
1000
1001
997
997
1007
1004
1002
994
990
999
994
995
998
1005
996
1006
989
1001
1006
1006
997
1001
994
1000
998
993
997
998
991
993
1001
997
998
994
991
997
995
992
989
986
990
987
992
992
996
993
994
1000
1004
999
998
994
997
988
986
995
995
988
989
989
996
987
988
989
998
993
1003
993
998
992
998
995
995
990
1000
995
997
995
999
994
1002
996
1007
992
997
996
999
996
1000
1002
1006
1003
994
1006
997
1003
1002
987
995
996
1001
997
997
995
1005
1000
1005
1004
989
1001
997
1001
993
994
998
998
990
997
993
1003
992
1003
992
995
997
1000
1000
1005
1000
1009
1003
996
1000
1004
997
999
998
1003
1002
1003
1004
1005
1002
1008
998
1005
1005
997
998
1006
1000
1000
999
992
995
1007
995
995
992
1007
995
997
994
995
989
993
997
1000
992
998
998
989
994
991
991
993
987
1000
999
998
989
987
996
999
991
1002
993
991
990
994
987
992
994
997
1003
998
996
991
999
1006
1000
1003
999
1002
1005
994
994
995
990
992
986
991
994
994
987
986
996
994
994
988
990
995
994
993
1000
997
1002
1001
997
998
998
1002
1001
994
999
998
996
996
993
1003
996
995
996
992
999
997
994
991
996
998
989
990
993
985
984
995
990
999
984
997
992
997
997
991
992
996
994
997
997
993
1004
1003
999
999
995
999
994
1006
1001
994
1000
990
1003
1001
1009
1004
1004
1006
1007
1006
1002
1010
999
998
1002
991
999
1006
1000
992
1007
1002
1005
1000
1002
995
999
998
997
996
1007
1006
1005
1005
1004
1011
1006
1001
1006
1005
1011
1005
999
1006
998
989
992
998
996
992
998
1006
996
997
1001
999
999
1002
1002
1000
1003
1005
1007
1002
1008
1003
997
1002
995
999
993
995
994
996
996
993
990
993
999
990
999
998
997
999
995
999
995
991
987
993
988
995
992
1004
989
1004
992
998
1001
1001
999
997
1012
1016
1012
1008
1004
1008
1007
1008
1003
998
997
1005
1001
1002
1001
1010
1002
1004
1010
1000
1009
1006
1015
1006
1004
1009
1008
1008
1006
1013
1011
1013
1012
1007
1006
1009
1002
1000
1000
995
1001
1005
1008
1001
1003
1005
998
1005
1002
995
1004
995
1002
1002
1000
1005
995
994
998
995
992
982
990
994
996
992
1000
996
987
993
988
1002
999
997
1008
996
995
993
992
988
993
986
990
997
994
997
1002
993
1002
1003
997
994
996
996
998
1005
1000
997
998
996
1001
990
997
1000
1004
993
999
988
985
989
991
994
986
993
996
997
999
994
993
990
991
993
995
996
986
984
981
990
997
987
991
985
987
993
991
992
989
996
994
993
988
990
987
994
990
987
988
986
984
989
990
990
984
987
994
989
991
988
988
996
986
993
992
992
990
996
997
993
990
998
998
989
997
997
989
996
992
991
991
986
987
992
993
991
984
993
988
992
992
989
985
982
990
991
989
991
987
991
985
993
991
985
992
999
993
993
990
989
991
993
996
995
992
990
990
998
993
994
991
983
988
988
995
994
992
993
994
991
994
