951
953
953
954
946
941
949
955
954
947
955
953
953
952
942
942
954
958
952
956
954
957
953
947
954
952
955
956
960
958
957
954
953
954
940
953
952
956
956
959
955
958
957
951
953
954
955
959
957
956
953
954
946
949
957
949
945
943
954
951
956
958
947
956
957
957
953
955
958
950
958
961
958
948
950
957
954
961
958
954
955
945
950
946
946
949
942
952
948
944
937
945
954
950
949
949
955
951
947
956
958
950
954
953
955
961
959
956
955
956
958
967
960
961
961
960
964
952
963
968
969
972
962
965
964
970
962
969
971
972
971
973
976
976
976
982
980
975
967
977
982
977
978
979
991
986
980
986
980
982
983
983
983
983
982
980
975
979
980
981
978
985
976
983
974
988
981
982
984
994
990
988
984
977
977
978
987
989
981
981
978
986
980
988
981
985
978
975
992
989
980
981
982
981
980
984
986
985
991
985
989
993
992
992
987
991
995
992
991
988
993
992
986
991
991
999
1000
991
994
985
985
993
984
987
987
983
991
992
992
991
987
991
978
983
981
988
989
987
988
990
991
996
988
988
981
983
991
987
989
984
995
988
984
988
982
988
996
983
985
987
986
984
991
983
982
989
989
985
982
982
979
981
990
991
988
988
989
993
988
990
991
987
986
980
993
990
993
994
995
992
992
982
991
991
995
979
989
996
987
991
999
991
991
994
996
992
997
994
984
1000
997
996
990
992
995
992
993
1003
992
990
992
997
987
992
991
996
989
992
993
993
991
993
992
990
982
993
996
995
995
996
987
984
983
985
985
980
983
988
987
987
994
991
993
991
988
999
991
999
989
992
991
991
994
1004
1002
997
991
1004
1002
1000
999
1004
1005
1002
1006
1003
1003
1001
998
998
997
1003
1001
1000
1002
996
1002
995
993
999
1000
997
994
991
995
1003
1002
1001
989
983
987
989
984
984
986
990
985
988
987
987
990
989
991
994
996
993
993
1001
1000
994
984
994
993
991
999
985
991
981
990
984
982
979
989
991
992
988
1003
996
995
990
1001
1001
994
1002
999
994
1007
1005
1002
1002
1002
998
1002
1008
1001
1017
1014
1012
1003
1001
1003
1004
999
993
1000
1013
1012
1002
1018
1014
1012
1009
1009
1001
1006
1004
1000
1001
1005
994
999
994
993
994
996
1001
1000
997
993
1002
989
985
995
1000
995
997
995
989
991
993
996
1002
1003
991
996
996
995
994
1000
996
999
997
993
999
995
997
1000
1001
1004
1005
997
994
998
1001
1002
996
1001
1000
1003
1000
993
991
1000
1003
1001
1005
1005
1008
1002
1008
994
998
1011
1006
1001
991
1000
990
983
992
992
991
990
998
988
995
990
988
987
997
992
1001
997
979
988
993
992
997
989
993
998
991
998
994
986
996
993
987
995
995
995
992
994
994
990
1000
990
985
994
988
988
981
995
1005
1002
1003
997
993
995
1005
1004
1000
996
1002
997
1000
996
1008
996
1000
1007
1002
992
996
997
999
1008
1008
999
1014
1003
1007
1004
997
999
1013
1008
1007
1001
1007
1013
1011
1010
1015
1012
1002
995
999
1004
1007
1008
1003
1005
1012
1003
1003
998
999
992
992
1001
996
999
999
1002
997
1003
998
999
1006
1004
999
1001
997
1000
1001
999
994
996
997
1002
1007
1008
998
994
994
996
1005
997
989
993
1009
994
1002
1002
1002
996
998
1000
995
993
1005
996
1001
1008
1002
991
998
1001
997
1003
993
999
1006
1008
1007
1006
1002
1002
1005
999
1005
1012
1005
1016
1006
1008
1014
1006
1010
998
1006
1005
1004
1004
1010
1012
1011
1010
1013
1013
1011
1008
1007
1007
1011
1014
1009
1015
1006
1014
1013
1009
1013
1009
1004
1011
1001
1010
1012
1011
1005
1009
1006
1003
1004
1013
1015
1011
1013
1001
1015
1009
1006
1012
1016
1004
1008
1009
1007
1002
1001
1004
1005
1002
1012
1009
1017
1009
1005
1002
1010
1010
1007
1013
1005
1010
1016
1006
1010
1010
1009
1004
1002
1005
1005
1003
999
995
1006
993
1002
1005
996
1000
997
994
997
1003
1005
1011
1012
1015
1010
1008
1011
1011
1006
1015
1010
1011
1011
1013
1013
1013
1003
1011
1012
1018
1015
1014
1019
1017
1020
1017
1019
1005
1007
1012
1016
1013
1014
1023
1018
1018
1018
1015
1013
1013
1011
1021
1011
1017
1014
1013
1014
1017
1006
1011
1012
1013
1017
1014
1016
1017
1013
1024
1020
1021
1030
1029
1028
1036
1027
1033
1033
1039
1031
1035
1034
1036
1024
1034
1037
1027
1038
1029
1025
1026
1032
1038
1031
1035
1026
1031
1034
1039
1030
1038
1039
1041
1044
1040
1041
1036
1041
1035
1041
1039
1036
1042
1037
1024
1023
1020
1024
1027
1030
1020
1026
1022
1029
1032
1024
1029
1036
1042
1036
1043
1038
1046
1041
1034
1032
1038
1041
1035
1040
1031
1031
1033
1029
1029
1032
1036
1038
1039
1026
1036
1032
1024
1030
1028
1025
1023
1032
1026
1035
1034
1032
1032
1035
1024
1028
1030
1037
1025
1032
1024
1024
1025
1028
1027
1030
1030
1027
1030
1024
1026
1028
1024
1027
1028
1031
1034
1032
1031
1029
1029
1033
1039
1034
1033
1021
1027
1023
1024
1030
1026
1032
1024
1020
1019
1025
1024
1023
1028
1025
1021
1022
1018
1021
1029
1024
1028
1022
1022
1019
1026
1023
1022
1028
1018
1028
1032
1025
1020
1028
1027
1028
1039
1035
1028
1025
1027
1032
1036
1036
1033
1032
1037
1027
1030
1036
1028
1027
1031
1031
1034
1035
1036
1034
1038
1027
1032
1028
1032
1033
1031
1033
1033
1038
1035
1038
1028
1034
1036
1042
1031
1041
1037
1034
1026
1031
1031
1027
1031
1031
1036
1028
1033
1037
1024
1041
1028
1041
1027
1040
1041
1034
1031
1043
1038
1040
1045
1043
1039
1040
1042
1040
1036
1036
1041
1029
1034
1024
1026
1038
1023
1025
1038
1031
1032
1018
1024
1030
1028
1033
1030
1027
1035
1035
1038
1038
1031
1030
1035
1039
1034
1034
1042
1035
1035
1041
1035
1035
1037
1037
1038
1036
1042
1037
1027
1038
1033
1032
1026
1029
1033
1030
1027
1035
1028
1032
1031
1035
1030
1030
1028
1027
1025
1034
1030
1031
1023
1031
1034
1033
1027
1039
1046
1044
1029
1029
1040
1052
1048
1040
1043
1042
1036
1040
1043
1034
1040
1034
1028
1026
1023
1031
1035
1035
1034
1034
1033
1025
1031
1024
1025
1034
1030
1026
1035
1031
1025
1026
1031
1025
1033
1030
1034
1040
1038
1038
1042
1040
1036
1036
1046
1039
1040
1036
1035
1037
1034
1035
1036
1029
1034
1031
1041
1037
1036
1041
1037
1044
1044
1045
1040
1026
1027
1037
1042
1033
1038
1038
1035
1036
1028
1038
1044
1031
1027
1041
1039
1038
1038
1033
1042
1039
1039
1037
1039
1031
1033
1033
1044
1045
1035
1029
1036
1033
1038
1037
1040
1040
1042
1035
1039
1040
1039
1035
1044
1036
1038
1036
1036
1032
1031
1040
1032
1034
1023
1038
1038
1030
1039
1041
1047
1046
1041
1054
1048
1049
1041
1056
1048
1047
1046
1047
1052
1050
1042
1035
1038
1032
1033
1045
1037
1030
1038
1031
1034
1027
1035
1035
1032
1031
1032
1034
1030
1027
1028
1028
1031
1032
1034
1025
1033
1031
1039
1044
1036
1040
1041
1037
1032
1036
1040
1045
1035
1038
1037
1038
1038
1035
1031
1041
1039
1034
1039
1040
1039
1040
1040
1039
1045
1032
1040
1038
1049
1045
1043
1035
1042
1033
1038
1047
1050
1034
1047
1036
1046
1042
1042
1045
1036
1047
1037
1037
1039
1034
1034
1033
1034
1038
1038
1032
1034
1035
1032
1030
1034
1038
1035
1033
1035
1038
1035
1035
1036
1041
1033
1045
1030
1038
1036
1042
1040
1045
1031
1044
1046
1045
1044
1044
1038
1047
1042
1028
1036
1033
1041
1037
1037
1042
1030
1041
1036
1034
1041
1031
1045
1042
1043
1041
1044
1032
1041
1038
1040
1045
1039
1029
1038
1038
1036
1041
1039
1039
1038
1036
1035
1038
1039
1041
1039
1038
1043
1033
1035
1043
1035
1049
1040
1036
1036
1031
1039
1036
1033
1033
1041
1040
1041
1043
1044
1043
1040
1042
1047
1045
1040
1037
1044
1052
1048
1046
1046
1037
1043
1043
1053
1051
1053
1048
1055
1048
1055
1052
1055
1056
1043
1055
1059
1062
1058
1059
1066
1060
1061
1046
1043
1038
1038
1037
1038
1038
1038
1030
1035
1037
1036
1023
1031
1037
1032
1033
1033
1037
1039
1032
1039
1037
1041
1044
1030
1037
1039
1030
1043
1040
1031
1041
1037
1037
1039
1046
1038
1040
1049
1039
1053
1046
1035
1044
1034
1040
1036
1041
1033
1036
1027
1039
1047
1039
1033
1048
1025
1031
1037
1040
1040
1046
1037
1033
1031
1036
1039
1042
1042
1044
1051
1036
1044
1044
1041
1049
1046
1042
1040
1047
1048
1046
1045
1048
1043
1048
1048
1042
1048
1037
1050
1050
1042
1042
1047
1049
1053
1054
1049
1046
1052
1053
1044
1046
1051
1051
1046
1039
1044
1052
1042
1045
1050
1052
1051
1051
1044
1056
1050
1045
1049
1052
1054
1048
1052
1055
1045
1050
1054
1056
1049
1042
1045
1044
1050
1053
1055
1050
1056
1050
1048
1044
1044
1047
1053
1052
1060
1056
1053
1053
1056
1056
1048
1048
1044
1042
1045
1048
1043
1041
1043
1045
1036
1038
1027
1026
1036
1032
1032
1032
1026
1034
1033
1031
1038
1040
1024
1030
1031
1026
1034
1034
1028
1026
1032
1031
1038
1037
1039
1038
1034
1041
1033
1036
1043
1042
1044
1030
1035
1039
1040
1036
1045
1042
1037
1045
1044
1050
1044
1041
1044
1049
1042
1046
1053
1048
1045
1041
1042
1043
1044
1045
1043
1036
1038
1035
1032
1032
1039
1037
1045
1043
1036
1046
1040
1035
1034
1043
1034
1040
1046
1039
1042
1038
1029
1037
1040
1040
1036
1033
1035
1033
1025
1039
1041
1032
1036
1046
1041
1040
1056
1048
1046
1049
1038
1044
1044
1040
1046
1040
1049
1033
1041
1036
1033
1043
1040
1043
1038
1036
1043
1036
1036
1039
1032
1036
1043
1045
1031
1045
1039
1039
1036
1043
1029
1036
1039
1041
1032
1041
1030
1030
1036
1030
1037
1035
1041
1038
1034
1036
1033
1039
1031
1036
1032
1038
1040
1039
1038
1036
1037
1033
1029
1028
1031
1035
1047
1041
1042
1030
1032
1040
1036
1032
1040
1024
1035
1026
1023
1027
1030
1028
1039
1036
1032
1037
1034
1031
1032
1031
1034
1024
1027
1032
1035
1029
1033
1034
1035
1036
1039
1031
1027
1034
1037
1034
1035
1032
1035
1027
1036
1033
1028
1032
1030
1029
1029
1028
1032
1034
1031
1025
1025
1029
1029
1032
1034
1033
1030
1033
1027
1029
1023
1029
1019
1021
1020
1023
1030
1028
1028
1025
1029
1026
1021
1028
1030
1031
1035
1028
1036
1028
1028
1034
1037
1031
1045
1037
1031
1031
1033
1032
1028
1029
1042
1029
1045
1036
1046
1046
1045
1032
1035
1042
1036
1038
1044
1038
1039
1037
1034
1040
1024
1032
1040
1040
1032
1041
1033
1037
1034
1041
1035
1044
1033
1033
1035
1038
1028
1027
1035
1028
1026
1032
1030
1035
1037
1027
1028
1036
1035
1027
1025
1034
1035
1037
1037
1036
1037
1039
1032
1033
1030
1029
1025
1033
1032
1025
1024
1027
1038
1037
1029
1035
1025
1029
1035
1028
1034
1026
1030
1040
1034
1038
1035
1042
1037
1041
1040
1048
1041
1044
1033
1044
1033
1042
1037
1036
1030
1032
1036
1024
1038
1038
1035
1028
1036
1027
1028
1030
1037
1030
1036
1036
1028
1030
1021
1024
1030
1032
1033
1036
1036
1024
1035
1033
1025
1030
1031
1034
1028
1028
1040
1024
1022
1031
1031
1028
1024
1025
1030
1033
1028
1037
1034
1031
1029
1032
1033
1031
1034
1032
1032
1030
1034
1030
1025
1036
1033
1030
1029
1035
1032
1025
1031
1019
1023
1017
1032
1027
1032
1031
1025
1034
1030
1033
1027
1027
1024
1029
1025
1018
1025
1022
1022
1026
1024
1023
1024
1021
1018
1032
1026
1030
1025
1031
1033
1025
1028
1028
1037
1038
1035
1037
1030
1032
1033
1040
1040
1029
1038
1040
1042
1030
1030
1035
1038
1038
1036
1044
1040
1037
1029
1033
1027
1045
1041
1044
1038
1037
1040
1037
1034
1038
1031
1042
1038
1045
1037
1045
1048
1051
1038
1045
1039
1044
1040
1043
1038
1043
1044
1043
1045
1047
1059
1047
1041
1036
1044
1047
1045
1051
1045
1046
1050
1052
1045
1048
1041
1050
1050
1043
1048
1045
1050
1040
1048
1048
1045
1041
1049
1052
1049
1046
1043
1046
1044
1052
1042
1049
1046
1046
1044
1052
1052
1040
1039
1048
1041
1054
1041
1049
1050
1054
1043
1053
1055
1035
1032
1040
1037
1039
1037
1027
1036
1037
1044
1043
1045
1046
1050
1050
1048
1052
1052
1041
1047
1041
1040
1040
1034
1036
1040
1042
1045
1039
1037
1046
1045
1050
1045
1044
1040
1043
1048
1033
1040
1048
1045
1044
1041
1043
1040
1045
1048
1045
1047
1046
1037
1048
1055
1054
1047
1043
1043
1045
1046
1047
1044
1049
1050
1042
1055
1050
1050
1056
1060
1050
1038
1044
1055
1051
1043
1051
1044
1056
1046
1053
1052
1053
1056
1047
1055
1049
1053
1047
1047
1041
1052
1048
1047
1046
1037
1042
1043
1039
1049
1049
1052
1053
1054
1053
1050
1053
1053
1042
1052
1043
1058
1056
1049
1049
1045
1055
1050
1048
1050
1059
1057
1056
1052
1058
1047
1054
1057
1054
1054
1044
1049
1049
1043
1049
1055
1052
1049
1051
1054
1055
1048
1060
1046
1051
1050
1052
1051
1058
1042
1051
1049
1050
1046
1045
1039
1027
1040
1043
1043
1045
1048
1042
1050
1039
1041
1037
1045
1051
1041
1047
1055
1046
1043
1053
1054
1049
1056
1037
1041
1048
1051
1049
1046
1044
1051
1052
1051
1041
1050
1050
1038
1046
1045
1048
1051
1048
1044
1046
1050
1046
1042
1055
1047
1052
1051
1055
1048
1046
1048
1044
1036
1036
1045
1046
1050
1055
1048
1055
1050
1038
1056
1057
1053
1040
1053
1050
1038
1042
1052
1055
1048
1050
1052
1052
1052
1057
1048
1051
1051
1048
1044
1048
1059
1049
1045
1053
1052
1054
1054
1050
1054
1057
1054
1055
1059
1053
1057
1057
1046
1055
1054
1045
1051
1055
1051
1048
1053
1044
1052
1056
1047
1050
1056
1044
1059
1042
1051
1040
1045
1047
1049
1043
1049
1042
1044
1041
1040
1051
1050
1053
1051
1044
1047
1042
1044
1047
1048
1043
1056
1047
1039
1041
1047
1040
1046
1050
1048
1043
1045
1044
1045
1040
1051
1043
1036
1032
1044
1047
1046
1042
1049
1042
1053
1046
1049
1050
1050
1045
1052
1055
1042
1051
1049
1051
1049
1053
1051
1051
1058
1057
1051
1049
1053
1048
1056
1048
1052
1046
1046
1056
1046
1057
1052
1053
1054
1052
1053
1052
1048
1043
1050
1055
1044
1052
1049
1045
1055
1050
1051
1051
1048
1051
1056
1052
1055
1046
1054
1055
1052
1061
1047
1040
1053
1050
1048
1042
1048
1053
1059
1053
1050
1047
1048
1057
1049
1051
1049
1050
1054
1046
1057
1053
1059
1054
1054
1050
1055
1055
1056
1049
1036
1043
1046
1045
1041
1034
1037
1039
1036
1032
1040
1029
1034
1039
1041
1048
1041
1040
1034
1033
1031
1039
1042
1047
1047
1038
1042
1038
1038
1040
1037
1038
1039
1034
1042
1035
1038
1039
1036
1043
1039
1040
1034
1042
1037
1032
1039
1028
1033
1041
1033
1039
1035
1044
1041
1039
1043
1047
1046
1043
1042
1048
1047
1050
1055
1053
1053
1050
1047
1052
1052
1047
1049
1052
1050
1044
1042
1043
1044
1042
1051
1047
1046
1049
1047
1044
1048
1043
1043
1038
1035
1030
1035
1030
1039
1035
1035
1036
1032
1044
1037
1030
1033
1039
1038
1045
1043
1046
1035
1038
1044
1040
1035
1046
1043
1047
1040
1042
1047
1043
1040
1041
1045
1037
1043
1038
1037
1046
1037
1036
1049
1042
1048
1047
1043
1047
1050
1052
1044
1045
1043
1044
1039
1050
1047
1040
1051
1044
1049
1042
1044
1054
1051
1053
1054
1047
1046
1049
1048
1047
1045
1039
1035
1035
1036
1042
1034
1035
1036
1038
1037
1030
1038
1035
1034
1032
1033
1040
1040
1031
1038
1042
1037
1034
1039
1036
1037
1038
1040
1042
1050
1049
1048
1047
1035
1043
1042
1048
1040
1038
1039
1043
1039
1034
1043
1038
1034
1039
1032
1040
1043
1046
1034
1047
1032
1039
1039
1045
1041
1037
1038
1041
1041
1046
1046
1035
1036
1036
1041
1038
1037
1038
1032
1031
1041
1028
1034
1032
1038
1037
1038
1036
1036
1037
1036
1041
1046
1037
1037
1038
1028
1037
1033
1036
1046
1037
1037
1031
1032
1036
1031
1030
1036
1035
1034
1040
1032
1040
1041
1036
1039
1041
1035
1037
1040
1044
1038
1040
1031
1023
1031
1030
1037
1032
1027
1030
1032
1030
1032
1031
1031
1024
1029
1034
1029
1027
1030
1037
1035
1027
1030
1037
1033
1028
1030
1042
1031
1029
1022
1032
1034
1040
1028
1029
1028
1037
1033
1033
1026
1029
1028
1029
1033
1031
1030
1029
1030
1027
1028
1022
1022
1025
1032
1028
1018
1027
1033
1032
1037
1035
1033
1033
1031
1032
1026
1032
1024
1025
1034
1030
1033
1033
1042
1031
1035
1038
1041
1038
1035
1028
1032
1036
1030
1030
1032
1034
1036
1034
1043
1042
1032
1045
1037
1039
1033
1036
1026
1035
1034
1037
1028
1030
1028
1031
1035
1022
1031
1031
1038
1037
1039
1032
1036
1036
1036
1042
1039
1037
1036
1046
1040
1041
1028
1026
1035
1031
1036
1041
1041
1044
1041
1038
1036
1037
1039
1037
1039
1037
1039
1041
1036
1032
1043
1036
1025
1041
1039
1039
1042
1046
1042
1044
1046
1050
1031
1045
1048
1048
1049
1039
1035
1046
1044
1043
1039
1041
1042
1042
1048
1044
1051
1040
1047
1049
1053
1041
1046
1047
1052
1050
1045
1052
1047
1040
1041
1044
1042
1044
1043
1047
1049
1045
1048
1049
1048
1053
1051
1051
1043
1049
1050
1051
1043
1047
1033
1043
1041
1042
1050
1046
1042
1041
1051
1042
1053
1052
1044
1049
1054
1047
1044
1050
1033
1051
1050
1053
1041
1048
1050
1059
1052
1045
1047
1049
1045
1055
1047
1052
1053
1056
1049
1051
1045
1048
1053
1053
1056
1048
1055
