944
952
951
955
948
947
946
949
950
951
950
951
959
946
966
956
951
958
954
956
953
956
964
961
960
958
967
959
953
961
969
968
965
954
959
958
958
958
954
953
955
958
958
962
964
962
963
963
966
963
965
966
967
971
961
965
967
959
966
961
959
968
972
969
964
963
950
965
976
970
973
976
978
975
969
971
971
966
970
962
968
965
957
963
957
961
961
954
958
962
957
965
965
959
950
953
956
952
959
957
963
960
954
966
967
958
957
962
962
964
962
956
962
959
964
962
965
969
958
967
966
962
968
964
963
965
967
970
967
965
968
966
958
957
961
955
965
965
970
961
961
967
972
967
966
969
968
962
962
959
957
959
957
953
955
959
961
966
958
961
969
963
967
964
962
956
960
962
962
967
964
962
964
974
966
965
964
966
964
960
961
965
958
962
960
967
962
965
960
964
963
969
960
970
966
965
977
979
982
972
981
982
977
973
973
982
977
980
987
978
981
980
977
983
980
973
978
986
973
986
980
980
989
987
984
986
981
986
983
979
987
977
980
990
985
975
975
979
971
978
983
981
982
980
980
989
982
987
985
978
990
982
980
976
976
981
979
973
971
973
978
968
973
969
978
965
968
970
967
962
975
964
970
971
965
969
960
977
980
974
967
968
968
971
971
970
972
968
967
966
968
969
964
973
974
972
973
982
971
972
975
969
970
975
964
973
972
979
979
982
989
989
990
992
986
981
990
990
992
982
987
979
979
984
982
986
979
987
982
980
981
982
981
975
977
978
977
975
977
977
983
988
975
976
978
982
986
981
976
970
974
975
982
983
985
986
981
982
971
977
971
977
982
979
986
981
974
981
977
980
982
987
983
989
992
989
979
984
979
985
985
981
980
983
988
987
977
976
983
985
983
973
976
984
979
979
979
983
981
980
981
979
982
980
981
976
982
980
982
988
984
988
990
993
976
984
979
975
983
967
968
971
970
975
980
980
982
976
979
980
979
982
982
989
986
986
990
989
993
996
987
991
985
990
985
996
991
991
985
991
985
995
981
988
986
987
989
982
981
988
976
982
983
978
993
988
988
986
989
983
980
977
987
979
983
983
980
982
975
981
988
991
984
990
988
992
983
983
979
989
996
995
996
998
1000
998
1002
994
1001
995
990
993
1002
996
996
997
1005
1003
999
1001
1000
998
992
998
1001
995
1003
998
993
994
999
996
1002
1012
996
1004
1006
1008
1008
1006
1005
1007
993
1006
1002
1003
1005
1005
1001
1000
997
1005
1004
1006
994
996
998
998
991
1004
995
992
994
990
992
990
995
988
998
994
994
994
986
991
1000
994
992
997
997
994
991
992
1002
997
995
998
993
991
988
996
992
991
984
987
988
993
984
981
990
982
977
973
985
979
982
983
979
991
972
981
988
992
980
996
985
987
992
989
998
1003
1009
998
1000
1004
999
1004
1012
1005
1010
1011
1010
1016
1016
1004
1011
1007
1006
1009
1008
1009
1013
1024
1012
1012
1009
1011
1012
1006
1008
1005
1011
1005
1010
1008
1000
1005
1010
1006
1015
1001
1000
1004
1002
1000
1004
1002
1006
1005
998
996
1006
995
995
1008
1010
1005
1004
1001
1006
1006
1010
1003
1006
1011
1008
998
1006
997
994
989
1001
1004
1003
1008
1007
999
1001
998
1003
998
1009
1000
1001
1004
998
997
994
998
994
1000
1003
1006
1001
1009
998
1000
1004
996
1007
1005
1013
1012
1013
1002
1009
1009
1012
1011
1006
1005
1004
1011
1007
1008
1001
1005
1003
1002
1000
1009
1008
1009
1014
1013
1022
1013
1017
1016
1010
1006
1013
1007
1009
996
1009
1009
1013
1016
1014
999
1015
1016
1003
1008
1001
1012
1003
1016
1008
1002
1003
999
1003
1004
1000
998
998
997
1006
1000
1004
1001
1005
1009
1003
1004
1010
1010
1015
1011
1006
1010
1013
1012
1014
1013
1005
1012
1010
1011
1011
1004
1009
999
997
998
994
1001
1004
998
1001
1005
1004
999
1000
1001
1004
1002
1001
1003
1004
1004
1009
1003
997
1006
1001
997
996
995
990
1003
1006
1008
1005
1003
1008
1010
1001
1009
1010
1017
1000
1005
1012
1009
1004
1007
1005
1013
1009
1004
1011
998
1008
999
1003
1009
1012
1002
1006
1003
1005
1007
1006
1004
1011
1007
1008
1004
1007
1005
1009
1005
1012
1014
1013
1008
1010
1008
1008
1011
1015
1015
1007
1006
1006
1013
1008
1014
1002
1014
1014
1012
1010
1012
1010
1004
1006
1003
1014
1009
1007
1010
1008
1017
1016
1008
1013
1011
1010
1004
1007
1007
1010
1016
1015
1018
1019
1018
1025
1018
1014
1008
1016
1013
1015
1014
1009
1011
1008
1005
1003
1009
1015
1005
1008
1012
998
1005
1005
1012
1006
999
1000
1007
1014
1010
1006
1011
1000
1003
1000
1006
1008
1013
1015
1009
1013
1014
1017
1016
1014
1014
1020
1014
999
1010
1012
1011
1004
1004
1011
1007
1011
1008
1011
1017
1014
1007
1014
1000
1015
1014
1011
1010
1014
1014
1009
1015
1006
1007
1013
1017
1009
1012
1007
1011
1012
1014
1012
1002
1008
1010
1016
1010
1009
1004
1007
1013
1016
1020
1007
1012
1010
1016
1010
1007
1006
1011
1014
1011
1011
1009
1016
1012
1014
1008
1012
1000
1001
1005
999
1002
1009
1003
1009
1005
1002
1007
999
1001
1004
1010
1009
1006
1006
995
999
1005
1005
1009
1010
1015
1007
1016
1011
1006
1011
1007
1015
1014
1009
1012
1011
1009
1015
1010
998
1011
1007
1012
1011
1006
1014
1012
1015
1011
1015
1015
1010
1013
1011
1014
1007
1015
1017
1019
1019
1010
1017
1014
1013
1016
1010
1012
1010
1013
1016
1010
1018
1009
1013
1014
1008
1017
1006
1015
1010
1008
1013
1006
1016
1010
1014
1010
1011
1017
1018
1015
1021
1014
1014
1013
1013
1014
1015
1023
1027
1018
1016
1030
1021
1027
1022
1020
1015
1020
1025
1022
1026
1026
1028
1017
1019
1017
1022
1017
1020
1018
1017
1015
1017
1012
1010
1010
1009
1018
1019
1019
1016
1023
1021
1029
1022
1023
1024
1017
1017
1026
1025
1017
1022
1016
1019
1020
1020
1030
1015
1030
1029
1029
1030
1023
1019
1025
1022
1024
1030
1023
1022
1017
1024
1031
1036
1026
1027
1021
1033
1026
1026
1031
1029
1033
1027
1025
1028
1030
1030
1029
1018
1026
1031
1029
1027
1020
1019
1017
1026
1021
1023
1019
1022
1022
1033
1024
1022
1029
1033
1023
1016
1024
1027
1021
1028
1029
1023
1019
1026
1023
1025
1025
1031
1021
1036
1032
1027
1011
1017
1022
1023
1026
1036
1018
1020
1025
1017
1024
1027
1018
1016
1013
1013
1021
1017
1025
1025
1021
1011
1018
1020
1018
1011
1016
1022
1014
1020
1018
1022
1029
1024
1022
1023
1030
1029
1031
1027
1033
1027
1015
1028
1020
1019
1024
1019
1016
1030
1028
1032
1030
1027
1022
1019
1017
1024
1025
1025
1026
1029
1020
1028
1022
1020
1028
1027
1025
1025
1019
1022
1012
1013
1020
1012
1004
1007
1009
1017
1016
1024
1009
1010
1008
1003
1009
1011
1006
1005
1013
1011
1008
1012
1016
1019
1017
1011
1005
1018
1013
1015
1007
1014
1009
1007
1011
1014
1014
1005
1001
1001
1007
1005
1010
1005
1006
1006
1007
1016
1009
1017
1016
1015
1021
1012
1012
1014
1018
1018
1010
1004
1016
1020
1021
1020
1016
1019
1019
1019
1025
1015
1016
1028
1023
1023
1013
1010
1025
1020
1022
1025
1023
1017
1014
1021
1018
1020
1025
1012
1026
1016
1019
1016
1011
1008
1005
1010
1010
1009
1013
1013
1013
1014
1007
1013
1009
1014
1015
1016
1022
1013
1020
1015
1020
1021
1013
1015
1010
1023
1013
1005
1015
1019
1009
1014
1007
1009
1019
1015
1015
1017
1014
1015
1028
1019
1019
1015
1013
1018
1022
1015
1019
1017
1013
1007
1019
1020
1018
1020
1021
1013
1002
1010
1022
1013
1012
1023
1016
1020
1011
1011
1012
1012
1016
1014
1014
1014
1019
1010
1011
1009
1000
1017
1011
1013
1009
1009
1014
1011
1014
1012
1010
1016
1014
1023
1013
1013
1013
1029
1022
1017
1019
1026
1014
1024
1020
1027
1028
1024
1027
1019
1024
1026
1026
1028
1035
1024
1025
1026
1028
1017
1019
1023
1022
1016
1017
1020
1023
1017
1019
1026
1020
1018
1018
1025
1021
1017
1019
1024
1021
1029
1022
1026
1014
1006
1018
1021
1020
1016
1007
1019
1021
1016
1018
1021
1008
1011
1024
1019
1020
1017
1017
1026
1020
1021
1021
1013
1018
1022
1014
1012
1007
1018
1010
1021
1013
1018
1020
1011
1017
1005
1013
1009
1018
1006
1018
1025
1017
1015
1025
1023
1025
1027
1030
1020
1029
1021
1035
1032
1027
1033
1027
1023
1038
1030
1037
1037
1035
1033
1032
1035
1025
1029
1033
1019
1023
1027
1025
1023
1019
1023
1027
1017
1022
1017
1017
1026
1023
1024
1028
1027
1028
1029
1022
1026
1025
1040
1027
1026
1022
1035
1025
1022
1025
1021
1028
1027
1025
1029
1025
1023
1015
1018
1011
1016
1019
1007
1015
1022
1014
1018
1012
1022
1013
1020
1010
1018
1021
1020
1018
1027
1019
1017
1017
1014
1012
1011
1016
1015
1015
1018
1022
1023
1026
1035
1028
1028
1028
1027
1031
1031
1028
1024
1026
1022
1032
1027
1031
1031
1021
1020
1030
1026
1020
1020
1023
1019
1026
1025
1023
1027
1031
1024
1028
1034
1021
1017
1027
1025
1022
1033
1028
1031
1018
1026
1023
1033
1032
1032
1021
1024
1021
1028
1025
1029
1024
1028
1022
1022
1033
1032
1023
1030
1028
1030
1025
1027
1026
1024
1020
1034
1027
1027
1025
1022
1024
1019
1025
1030
1028
1029
1034
1030
1035
1038
1037
1031
1035
1035
1038
1033
1037
1035
1035
1038
1037
1035
1037
1039
1032
1031
1030
1027
1034
1030
1030
1021
1028
1033
1031
1028
1031
1042
1038
1029
1032
1038
1031
1035
1036
1028
1036
1040
1036
1042
1036
1032
1027
1032
1024
1028
1028
1028
1037
1037
1032
1034
1030
1032
1030
1032
1026
1027
1022
1026
1020
1023
1014
1017
1027
1025
1021
1024
1024
1017
1019
1019
1014
1014
1010
1025
1015
1024
1019
1026
1026
1016
1019
1014
1018
1012
1018
1022
1026
1017
1014
1013
1015
1018
1020
1018
1022
1025
1019
1019
1017
1018
1024
1018
1026
1030
1026
1024
1026
1031
1036
1025
1029
1022
1029
1019
1022
1022
1016
1020
1022
1023
1025
1023
1030
1031
1032
1026
1025
1028
1023
1026
1024
1030
1028
1027
1029
1032
1032
1038
1027
1022
1022
1032
1030
1030
1024
1030
1031
1024
1031
1021
1028
1032
1024
1025
1023
1024
1038
1027
1030
1027
1026
1032
1024
1026
1024
1018
1017
1013
1016
1012
1015
1019
1013
1012
1013
1020
1022
1020
1020
1021
1023
1020
1018
1019
1024
1018
1023
1015
1023
1018
1009
1011
1020
1023
1021
1020
1021
1018
1025
1014
1025
1011
1012
1015
1014
1014
1017
1016
1017
1018
1020
1022
1011
1019
1014
1018
1017
1014
1018
1011
1021
1020
1015
1019
1018
1023
1016
1019
1017
1014
1007
1020
1016
1020
1013
1015
1026
1020
1018
1020
1017
1000
1012
1013
1023
1007
1015
1019
1013
1018
1028
1021
1026
1019
1021
1022
1024
1024
1027
1026
1023
1027
1023
1023
1021
1027
1024
1023
1021
1021
1030
1018
1024
1015
1014
1017
1021
1017
1012
1014
1017
1022
1026
1024
1026
1023
1025
1030
1028
1020
1026
1022
1019
1027
1030
1018
1026
1023
1027
1026
1019
1021
1018
1013
1015
1018
1016
1021
1020
1029
1024
1026
1027
1030
1034
1031
1021
1031
1029
1021
1024
1022
1016
1023
1020
1020
1021
1022
1025
1026
1022
1021
1028
1026
1020
1018
1016
1019
1015
1017
1020
1016
1022
1027
1014
1018
1015
1014
1017
1014
1018
1013
1015
1018
1024
1027
1019
1015
1015
1021
1012
1020
1023
1016
1011
1014
1011
1013
1021
1013
1021
1023
1019
1013
1015
1016
1013
1017
1017
1016
1017
1025
1017
1016
1008
1016
1006
1015
1020
1022
1012
1016
1012
1012
1011
1011
1012
1008
1011
1013
1025
1012
1014
1014
1007
1016
1011
1017
1023
1019
1022
1017
1023
1022
1016
1005
1020
1015
1008
1016
1016
1016
1017
1010
1014
1010
1010
1014
1015
1010
1010
1010
1014
1011
1014
1012
1009
1016
1008
1012
1013
1014
1016
1014
1014
1017
1016
1016
1019
1019
1020
1016
1020
1015
1011
1011
1013
1016
1017
1012
1011
1021
1017
1019
1017
1020
1024
1022
1021
1031
1020
1025
1027
1021
1021
1020
1023
1021
1018
1017
1009
1017
1020
1021
1018
1012
1018
1022
1015
1016
1014
1023
1020
1019
1022
1018
1016
1019
1006
1014
1010
1015
1011
1019
1013
1011
1014
1013
1006
1020
1022
1017
1008
1015
1015
1009
1018
1021
1022
1030
1022
1027
1019
1023
1016
1013
1018
1020
1021
1014
1027
1019
1022
1016
1018
1013
1016
1022
1024
1025
1022
1019
1024
1028
1028
1023
1014
1012
1022
1016
1018
1023
1028
1022
1020
1015
1014
1013
1008
1020
1013
1016
1020
1017
1009
1017
1014
1024
1017
1021
1020
1034
1021
1021
1028
1028
1020
1022
1016
1032
1026
1027
1020
1019
1013
1017
1021
1013
1020
1024
1024
1026
1017
1022
1025
1017
1010
1023
1021
1015
1020
1027
1021
1024
1020
1009
1020
1017
1014
1025
1023
1025
1020
1027
1019
1024
1021
1027
1020
1014
1014
1019
1025
1020
1031
1029
1034
1033
1030
1034
1029
1037
1025
1029
1030
1033
1033
1037
1032
1028
1025
1027
1038
1033
1039
1038
1023
1035
1033
1029
1028
1029
1019
1023
1015
1023
1029
1020
1030
1021
1029
1016
1028
1024
1017
1031
1031
1031
1019
1033
1024
1021
1029
1015
1021
1020
1029
1020
1023
1018
1027
1030
1015
1025
1023
1031
1024
1015
1029
1026
1036
1041
1038
1029
1032
1023
1023
1029
1027
1022
1022
1024
1020
1034
1025
1027
1028
1026
1028
1023
1025
1035
1036
1030
1037
1036
1027
1035
1032
1024
1032
1030
1037
1030
1034
1033
1041
1031
1028
1036
1025
1023
1028
1022
1023
1031
1020
1018
1021
1015
1018
1018
1022
1031
1019
1021
1017
1018
1014
1023
1017
1025
1021
1018
1018
1019
1025
1024
1019
1026
1019
1018
1026
1026
1026
1025
1033
1034
1024
1024
1033
1025
1030
1020
1020
1025
1027
1024
1023
1015
1025
1021
1022
1020
1016
1019
1022
1022
1035
1032
1038
1025
1022
1031
1031
1030
1032
1024
1023
1026
1023
1030
1028
1030
1028
1028
1024
1024
1024
1026
1024
1026
1031
1031
1023
1029
1026
1031
1034
1026
1027
1022
1020
1019
1026
1030
1029
1029
1021
1025
1027
1030
1021
1019
1028
1028
1031
1030
1025
1024
1036
1022
1034
1032
1038
1032
1032
1020
1027
1028
1035
1029
1035
1031
1031
1031
1021
1026
1025
1023
1020
1034
1027
1015
1026
1021
1020
1020
1021
1024
1029
1022
1019
1022
1009
1022
1011
1016
1020
1018
1021
1019
1038
1035
1033
1027
1033
1034
1035
1035
1034
1031
1032
1036
1030
1027
1030
1021
1036
1031
1020
1025
1035
1027
1035
1031
1024
1034
1031
1027
1026
1037
1036
1036
1035
1031
1037
1036
1034
1029
1030
1023
1024
1021
1024
1022
1024
1025
1022
1016
1021
1020
1008
1013
1019
1020
1018
1020
1023
1027
1015
1017
1017
1013
1018
1012
1018
1026
1021
1023
1019
1014
1014
1018
1018
1016
1020
1019
1019
1018
1020
1019
1013
1019
1014
1018
1015
1013
1015
1019
1024
1019
1022
1018
1019
1016
1020
1016
1023
1022
1011
1019
1016
1024
1020
1023
1023
1021
1028
1018
1017
1024
1023
1021
1023
1019
1018
1016
1021
1017
1018
1026
1021
1006
1019
1020
1018
1016
1011
1019
1015
1014
1023
1011
1010
1018
1012
1011
1012
1016
1016
1009
1012
1011
1016
1021
1018
1015
1011
1017
1019
1013
1016
1009
1022
1024
1023
1011
1024
1018
1017
1022
1012
1015
1012
1016
1013
1018
1020
1016
1015
1018
1019
1014
1016
1020
1026
1019
1017
1018
1027
1019
1021
1023
1022
1021
1018
1013
1018
1010
1011
1022
1015
1026
1024
1024
1022
1022
1012
1016
1006
1019
1016
1021
1020
1020
1014
1024
1021
1016
1022
1019
1023
1026
1024
1021
1029
1026
1027
1030
1026
1029
1027
1020
1018
1023
1016
1016
1019
1018
1017
1017
1017
1019
1020
1018
1017
1020
1023
1018
1024
1015
1014
1013
1019
1016
1011
1014
1015
1024
1013
1016
1010
1025
1019
1021
1025
1024
1025
1024
1014
1018
1018
1011
1020
1021
1020
1018
1022
1012
1011
1012
1004
1008
1018
1015
1018
1019
1012
1008
1011
1013
1015
1016
1016
1010
1015
1013
1008
1013
1010
1011
1012
1009
1004
1014
1011
1015
1009
1012
1006
1014
1005
1016
1010
1010
1009
1016
1006
1011
1012
1008
1005
1005
1006
1011
1011
1008
1005
1013
1019
1024
1012
1013
1011
1006
1009
1013
1010
1012
1011
1013
1013
1012
1017
1014
1017
1016
1020
1023
1026
1012
1016
1019
1011
1019
1021
1014
1015
1019
1023
1022
1023
1022
1020
1021
1022
1017
1016
1011
1011
1011
1013
1016
1014
1027
1015
1026
1027
1025
1026
1022
1015
1016
1025
1021
1018
1021
1023
1022
1024
1021
1019
1027
1022
1018
1013
1010
1016
1011
1014
1010
1017
1008
1013
1014
1014
1008
1012
1016
1015
1014
1009
1011
1017
1019
1020
1015
1016
1014
1020
1013
1024
1018
1026
1016
1019
1022
1024
1015
1014
1020
1022
1016
1012
1017
1021
1022
1029
1023
1019
1025
1023
1022
1015
1012
1023
1011
1006
1011
1015
1014
1009
1020
1017
1017
1007
1021
1020
1021
1025
1018
1023
1030
1022
1020
1018
1019
1020
1017
1020
1022
1024
1026
1023
1018
1024
1022
1022
1022
1012
1014
1022
1025
1024
1016
1028
1025
1022
1025
1029
1025
1021
1014
1015
1020
1023
1028
1014
1018
1016
1017
1020
1009
1022
1026
1021
1018
1025
1021
1012
1017
1015
1016
1020
1012
1020
1019
1016
1016
1016
1017
1024
1022
1020
1026
1032
1022
1023
1015
1028
1021
1017
1021
1014
1010
1018
1018
1017
1022
1019
1022
1026
1023
1018
1020
1021
1011
1023
1023
1020
1026
1024
1024
1015
1013
1024
1029
1028
1024
1013
1024
1018
1027
1027
1023
1024
1018
1027
1028
1027
1024
1023
1021
1025
1028
1031
1025
1031
1028
1023
1024
1019
1024
1021
1020
1024
1024
1023
1024
1020
1024
1023
1023
1027
1033
1016
1021
1019
1019
1022
1023
1020
1018
1019
1019
1023
1018
1029
1027
1030
1027
1026
1028
1033
1034
1028
1024
1024
1030
1020
1023
1024
1032
1035
1032
1019
1028
1021
1030
1025
1036
1020
1028
1027
1010
1025
1017
1026
1024
1016
1013
1018
1021
1023
1015
1011
1022
1012
1024
1014
1028
1022
1031
1021
1027
1022
1014
1014
1018
1021
1019
1024
1019
1013
1013
1021
1024
1023
1023
1024
1020
1020
1018
1013
1019
1011
1022
1016
1022
1022
1023
1014
1023
1025
1012
1022
1016
1026
1018
1029
1016
1020
1023
1024
1017
1018
1022
1022
1024
1023
1031
1019
1025
1026
1024
1027
1019
1030
1026
1028
1024
1030
1031
1023
1024
1028
1027
1031
1023
1033
1026
1025
1030
1026
1024
1029
1024
1028
1026
1030
1030
1022
1020
1034
1028
1030
1027
1029
1022
1025
1023
1027
1027
1032
1031
1027
1026
1032
1028
1028
1030
1032
1026
1026
1032
1031
1034
1025
1025
1022
1017
1021
1024
1031
1037
1027
1026
1030
1032
1032
1032
1027
1025
1024
1025
1020
1018
1017
1027
1021
1019
1019
1022
1017
1026
1018
1022
1026
1024
1029
1030
1020
1016
1019
1024
1019
1024
1019
1024
1026
1019
1017
1025
1020
1017
1021
1015
1022
1020
1020
1012
1016
1019
1017
1015
1015
1019
1018
1023
1021
1020
1024
1018
1015
1025
1015
1020
1025
1021
1024
1019
1021
1027
1025
1023
1022
1012
1020
1019
1026
1020
1030
1020
1025
1022
1023
1024
1022
1022
1026
1022
1025
1028
1020
1027
1028
1021
1022
1030
1023
1022
1021
1018
1022
1027
1038
1015
1028
1021
1021
1020
1024
1017
1014
1023
1029
1024
1019
1023
1017
1027
1026
1024
1024
1027
1032
1021
1029
1021
1028
1026
1021
1025
1025
1025
1018
1023
1021
1019
1014
1023
1022
1027
1036
1037
1035
1027
1026
1025
1025
1030
1036
1024
1028
1028
1031
1031
1028
1024
1034
1025
1027
1024
1030
1026
1028
1032
1028
1020
1020
1025
1022
1020
1016
1027
1022
1022
1010
1026
1024
1017
1024
1018
1024
1032
1023
1030
1024
1022
1019
1021
1019
1020
1020
1014
1019
1011
1021
1018
1021
1020
1014
1012
1015
1014
1014
1013
1008
1017
1022
1032
1023
1023
1026
1022
1019
1033
1026
1026
1025
1017
1021
1031
1021
1022
1024
1025
1028
1020
1016
1030
1030
1034
1019
1023
1016
1017
1014
1019
1024
1020
1016
1024
1016
1013
1019
1016
1015
1013
1017
1019
1010
1019
1019
1025
1021
1018
1025
1023
1016
1023
1020
1017
1022
1016
1014
1017
1011
1021
1021
1021
1018
1014
1010
1018
1015
1014
1015
1012
1016
1015
1012
1012
1030
1019
1021
1028
1026
1035
1031
1025
1028
1030
1035
1020
1022
1027
1017
1019
1014
1011
1020
1035
1023
1024
1018
1021
1030
1020
1030
1022
1026
1022
1027
1023
1023
1032
1026
1030
1036
1036
1023
1021
1023
1030
1030
1023
1027
1033
1025
1021
1022
1023
1020
1022
1023
1029
1024
1022
1020
1012
1022
1032
1021
1024
1027
1024
1033
1029
1023
1023
1021
1025
1025
1019
1021
1019
1015
1017
1020
1016
1012
1016
1015
1012
1014
1011
1016
1003
1009
1016
1018
