945
948
945
950
946
947
944
947
946
950
956
953
954
949
949
941
948
941
949
942
949
940
941
949
942
954
947
952
944
954
948
950
954
957
950
951
954
952
947
951
964
955
955
956
955
958
959
961
963
958
965
954
962
963
969
962
961
953
959
958
954
951
962
955
962
963
959
958
959
960
950
959
956
951
956
966
954
956
950
952
951
955
957
958
962
947
962
948
954
955
957
950
957
957
952
964
962
961
959
961
964
969
970
968
971
969
968
959
972
974
964
973
969
975
975
973
970
972
976
973
970
972
973
969
973
980
970
975
971
978
971
976
968
967
976
975
976
976
969
974
968
973
972
977
976
976
978
983
979
974
975
983
972
969
963
978
972
978
980
977
969
974
970
970
970
971
964
964
972
974
976
971
966
970
969
967
976
971
973
964
966
973
971
971
974
976
970
973
976
982
974
972
982
973
970
973
983
974
977
977
980
977
970
967
975
984
971
982
989
992
983
983
990
982
988
987
984
983
990
987
988
983
985
969
972
979
981
970
981
978
983
977
982
983
963
968
972
973
974
977
969
964
965
977
974
976
969
976
977
978
983
980
977
980
971
982
978
974
979
981
985
985
981
974
977
980
980
983
980
985
978
981
983
984
994
981
982
972
985
982
982
992
990
985
990
991
988
996
991
994
990
994
995
984
994
980
981
991
987
986
992
996
997
993
1000
994
1000
996
995
993
991
984
980
981
985
990
990
982
989
991
989
987
987
997
996
997
997
994
988
990
994
995
997
992
989
993
992
988
989
990
991
989
994
998
990
991
1003
1004
988
986
996
990
981
994
984
982
981
984
990
994
986
987
985
989
981
993
992
988
988
984
985
990
991
986
995
992
989
991
988
1001
990
980
977
983
992
976
986
983
987
988
979
990
983
985
972
983
978
983
994
986
981
982
991
986
980
988
979
984
983
978
978
989
996
998
1000
993
995
995
997
995
994
997
997
988
996
989
992
995
995
991
989
992
992
989
994
992
996
998
991
988
989
999
995
998
992
996
993
996
1000
998
991
1005
993
999
997
997
1003
1001
998
994
994
994
994
994
991
987
980
976
985
987
981
976
987
989
986
991
984
992
984
990
988
986
994
989
995
993
994
996
989
986
983
986
979
982
991
991
989
992
990
989
985
986
988
989
986
981
992
994
998
986
985
992
995
997
979
982
986
986
990
990
986
996
994
986
988
989
995
992
990
990
991
1001
989
999
986
995
997
1005
1009
1005
997
990
991
1002
1004
1001
997
990
986
991
979
991
984
989
987
995
990
995
998
994
997
990
994
997
996
993
995
1002
999
996
989
992
1001
1004
990
1000
994
1004
992
1002
1001
998
1009
1003
1001
993
993
997
989
987
999
991
994
1001
996
987
1005
997
1000
994
994
994
989
992
993
993
995
989
983
982
990
987
984
986
990
984
983
991
985
983
976
994
983
982
982
988
990
983
984
983
990
982
990
975
985
982
979
982
988
984
988
975
988
979
984
975
980
978
987
986
992
986
985
985
975
991
983
988
989
985
981
982
986
978
985
984
989
982
983
989
988
990
987
984
985
992
992
987
995
991
993
982
988
997
983
991
990
994
993
991
991
990
989
994
979
996
998
993
991
993
994
992
991
988
988
984
990
983
992
992
995
987
992
996
989
989
994
992
982
991
985
991
994
991
988
989
988
987
989
990
983
992
988
988
985
987
984
990
994
986
991
993
989
990
984
991
991
992
990
993
993
985
990
983
991
998
993
992
991
986
990
996
987
992
984
995
990
987
987
982
984
981
989
992
992
999
990
991
994
992
990
995
987
993
988
991
994
989
995
997
994
990
991
999
991
1003
993
999
995
991
996
994
984
994
993
987
993
988
986
996
986
988
994
988
988
979
978
979
977
991
984
981
975
985
985
988
983
979
994
989
990
982
980
978
981
991
976
984
984
991
979
979
975
971
979
980
980
977
972
975
973
974
977
982
981
972
980
985
996
990
988
976
982
977
986
980
974
975
984
991
986
983
978
983
978
978
984
983
982
987
984
983
977
981
982
984
975
977
988
976
987
980
986
980
986
986
988
988
988
987
991
985
983
985
990
986
992
987
992
991
989
988
990
994
989
997
1000
995
1000
1001
1002
1005
997
999
1006
1001
1000
997
999
989
1003
1001
999
1010
1008
999
1008
999
1005
1004
1006
1005
999
1003
1007
1004
1001
989
1004
1004
1002
1004
1005
995
997
1003
999
999
1003
998
994
999
995
995
995
999
996
1007
1003
1000
1006
1011
1003
1006
1005
1010
1003
1009
1015
1011
1007
1011
1011
1009
1016
1013
1011
1012
1014
1005
1011
1011
1012
1013
1016
1014
1006
1008
1012
1000
1012
1009
1008
1013
1010
1015
1012
1013
1007
1007
1006
999
1002
1008
1006
1009
1004
1010
1005
1014
1015
1019
1015
1014
1010
1009
1008
1011
1019
1019
1021
1016
1015
1019
1012
1018
1009
1007
1007
1009
1015
1012
1022
1023
1016
1019
1017
1013
1027
1017
1016
1022
1007
1020
1021
1018
1022
1014
1020
1025
1029
1017
1014
1020
1012
1018
1018
1014
1018
1020
1023
1020
1016
1017
1017
1021
1019
1020
1024
1014
1021
1013
1013
1019
1010
1020
1011
1012
1014
1011
1014
1015
1014
1017
1021
1012
1011
1006
1004
1008
1007
1003
1002
1007
1006
1008
1010
1008
1010
1010
1019
1014
1008
1010
1009
1011
1008
1013
1011
1008
1014
1009
1002
1015
1007
1016
1002
1008
1017
1011
1011
1011
1009
1004
1009
1010
1014
1012
1011
1012
1003
1006
1020
1016
1013
1012
1016
1016
1015
1017
1017
1018
1020
1013
1021
1014
1018
1020
1016
1012
1012
1015
1011
1012
1003
999
1009
999
1002
1007
1000
1008
1005
1005
1008
1002
1018
1014
1004
1005
1005
992
996
1003
1006
1004
1005
1000
1003
1000
1002
1000
1002
1006
1007
1005
999
1001
1004
999
1002
1012
1006
1013
1014
1008
1006
1011
1009
1010
1011
1009
1011
999
1010
1003
1020
1011
1016
1010
1002
1011
1006
1020
1016
1016
1008
1016
1013
1017
1017
1007
1017
1009
1019
1018
1017
1019
1027
1032
1028
1026
1027
1024
1018
1019
1015
1009
1016
1016
1016
1008
1005
1015
1017
1011
1011
1004
1010
1008
1016
1004
1007
1011
1014
1010
1015
1006
999
1012
1009
1006
1000
1002
1005
1011
1005
998
1006
1004
1004
1008
1002
1007
1002
993
1000
1004
1008
1001
996
1004
1015
1011
1014
1006
1013
1009
1008
1009
1010
1012
1008
1004
1012
1014
1014
1011
1018
1012
1015
1015
1026
1018
1016
1024
1023
1002
1009
1015
1013
1013
1012
1006
1012
1001
1008
1013
1004
1008
1017
1009
1020
1007
1010
1015
997
1012
1011
1002
1012
1006
1007
1006
1006
1004
1011
1013
1016
1007
1003
1007
1011
1014
1022
1009
1006
1016
1010
1018
1012
1015
1018
1012
1011
1013
1009
1014
1013
1016
1014
1019
1016
1012
1019
1016
1009
1011
1008
1007
1015
1005
1010
1013
1022
1013
1006
1013
1014
1013
1015
1013
1010
1014
1014
1011
1015
1013
1021
1020
1014
1019
1020
1024
1020
1009
1026
1022
1020
1017
1014
1013
1018
1019
1024
1021
1014
1012
1020
1022
1016
1022
1015
1016
1024
1024
1008
1017
1021
1016
1019
1004
1006
1010
1012
1011
1015
1013
1007
1003
1007
1010
1004
1004
999
1007
998
1004
1006
1011
1000
1005
1006
1003
1007
1009
1006
999
1003
1007
999
1009
1008
1005
1008
1010
999
998
999
1003
993
1003
1006
1009
1001
999
998
1007
991
1001
1001
1000
1008
1005
1003
1000
1002
1002
1004
1007
1007
1011
1002
1006
1002
1003
992
1001
999
1002
997
1004
1007
1003
1003
999
1006
1002
1005
1003
1003
1009
1004
1000
1003
1000
998
998
998
1006
997
1005
1002
1001
1006
1000
1014
1008
1000
1014
1012
1001
1001
1008
1009
1008
1015
1019
1019
1014
1018
1017
1012
1021
1014
1004
1013
1011
1014
1022
1018
1010
1013
1017
1023
1025
1027
1024
1019
1016
1005
1010
1012
1006
1016
1006
1015
1021
1010
1015
1017
1012
1003
1004
1014
1005
1010
1006
1005
1008
1007
997
1020
1013
1009
1002
1011
1013
1004
1009
1012
1007
1010
1011
1014
1012
1005
1009
1013
1004
1007
1017
1013
1007
1019
1010
1018
1017
1022
1022
1021
1019
1017
1011
1017
1020
1014
1017
1014
1025
1016
1021
1016
1017
1016
1024
1024
1028
1022
1023
1017
1022
1015
1020
1016
1026
1025
1021
1015
1012
1023
1021
1029
1030
1024
1024
1029
1026
1025
1024
1018
1023
1030
1025
1020
1011
1018
1019
1025
1022
1025
1024
1016
1024
1022
1011
1020
1019
1008
1024
1023
1016
1019
1015
1025
1023
1027
1028
1028
1026
1026
1024
1025
1033
1018
1027
1019
1029
1029
1030
1026
1025
1031
1026
1029
1033
1026
1030
1028
1022
1023
1023
1021
1023
1018
1020
1021
1015
1024
1026
1020
1024
1020
1020
1024
1024
1014
1019
1021
1011
1028
1025
1025
1022
1020
1012
1021
1020
1016
1022
1025
1027
1024
1023
1025
1013
1013
1016
1022
1023
1014
1019
1023
1019
1022
1023
1023
1013
1026
1028
1017
1017
1026
1021
1022
1022
1022
1018
1022
1027
1024
1028
1028
1022
1029
1021
1015
1026
1024
1024
1018
1020
1022
1018
1024
1017
1024
1020
1030
1027
1021
1024
1024
1027
1022
1028
1026
1018
1026
1016
1027
1030
1027
1023
1025
1025
1017
1023
1030
1021
1020
1023
1025
1018
1028
1026
1021
1021
1029
1020
1026
1015
1024
1015
1018
1019
1014
1023
1025
1021
1027
1026
1027
1021
1020
1018
1017
1015
1022
1019
1013
1019
1017
1018
1023
1025
1020
1016
1014
1016
1016
1023
1017
1021
1023
1027
1025
1019
1018
1023
1018
1021
1024
1020
1012
1022
1016
1027
1016
1020
1023
1017
1012
1030
1028
1024
1024
1016
1014
1020
1011
1010
1024
1020
1023
1020
1021
1011
1013
1016
1011
1007
1000
1007
1008
1002
1014
1012
1018
1010
1011
1018
1010
1024
1014
1021
1025
1023
1019
1021
1018
1025
1022
1021
1015
1017
1018
1021
1014
1018
1019
1019
1006
1018
1024
1022
1022
1019
1022
1025
1024
1029
1021
1028
1016
1022
1015
1015
1022
1012
1028
1024
1026
1028
1018
1024
1021
1022
1031
1024
1030
1024
1028
1027
1026
1027
1027
1028
1018
1023
1029
1027
1014
1023
1021
1023
1014
1013
1017
1019
1019
1019
1015
1017
1008
1011
1014
1014
1020
1014
1013
1009
1011
1015
1006
1012
1013
1017
1004
1009
1011
1015
1009
1005
1014
1013
1018
1018
1010
1016
1010
1009
1014
1015
1010
1009
1009
1008
1014
1016
1012
1011
1011
1003
1012
1013
1017
1009
1015
1015
1011
1011
1016
1019
1014
1018
1007
1008
1000
1010
1010
1013
1014
1012
1009
1010
1013
1008
1018
1013
1016
1014
1011
1015
1008
1011
1007
1014
1010
1015
1001
1023
1026
1017
1022
1024
1016
1010
1026
1022
1021
1026
1015
1024
1019
1023
1025
1022
1021
1018
1019
1018
1022
1015
1025
1021
1018
1016
1017
1024
1019
1023
1022
1018
1022
1020
1019
1024
1021
1010
1017
1011
1020
1014
1016
1008
1003
1003
1011
1008
1016
1012
1010
1016
1023
1012
1015
1016
1021
1014
1022
1018
1009
1016
1015
1014
1011
1008
1016
1023
1018
1017
1012
1014
1021
1020
1012
1012
1011
1018
1015
1009
1017
1015
1013
1010
1024
1016
1016
1018
1012
1014
1018
1015
1012
1014
1010
1018
1005
1017
1008
1010
1015
1015
1006
1005
1013
1016
1007
1022
1020
1016
1022
1018
1013
1018
1007
1011
1009
1008
1004
1008
1016
1015
1010
1006
1006
1011
1018
1012
1017
1015
1012
1016
1002
1016
1007
1003
1013
1006
1009
1020
1010
1010
1010
1014
1014
1020
1014
1013
1006
1014
1012
1006
1013
1010
1012
1011
1016
1013
1016
1013
1017
1019
1016
1019
1014
1020
1012
1029
1020
1022
1023
1021
1023
1021
1014
1009
1015
1002
1006
1012
1016
1013
1007
1012
1018
1016
1008
1013
1004
1010
1012
1018
1016
1011
1017
1013
1014
1017
1008
1023
1014
1012
1007
1011
1007
1008
1006
1011
1014
1014
1008
1015
1021
1016
1016
1008
1016
1019
1017
1015
1023
1011
1019
1022
1020
1020
1016
1018
1016
1018
1014
1015
1016
1009
1010
1015
1017
1014
1011
1015
1016
1006
1006
1015
1014
1010
1013
1002
1014
1012
1012
1008
1006
1005
1006
1003
999
1012
999
1010
1012
1008
1016
1024
1027
1014
1017
1012
1011
1014
1014
1015
1017
1020
1016
1008
1020
1008
1015
1009
1006
1002
1014
1007
1018
1018
1017
1016
1018
1011
1020
1014
1020
1020
1020
1028
1021
1012
1017
1015
1019
1013
1027
1023
1023
1026
1030
1024
1020
1030
1018
1013
1017
1017
1007
1018
1023
1013
1020
1021
1021
1009
1017
1016
1016
1010
1015
1015
1021
1019
1013
1011
1017
1013
1019
1018
1021
1014
1016
1016
1016
1019
1026
1017
1013
1010
1014
1015
1016
1014
1011
1014
1022
1023
1023
1014
1022
1011
1020
1024
1023
1024
1022
1023
1018
1021
1015
1020
1019
1010
1018
1020
1023
1015
1011
1023
1020
1018
1014
1016
1013
1017
1011
1015
1024
1027
1010
1022
1017
1023
1020
1022
1017
1021
1023
1016
1013
1017
1021
1025
1026
1015
1021
1021
1020
1024
1026
1012
1023
1031
1025
1027
1023
1022
1026
1021
1022
1019
1022
1024
1020
1019
1022
1019
1025
1025
1026
1022
1023
1021
1027
1028
1024
1017
1025
1026
1018
1027
1019
1027
1024
1019
1027
1031
1022
1024
1025
1022
1031
1029
1023
1023
1023
1027
1027
1033
1031
1032
1025
1027
1029
1031
1027
1026
1019
1028
1026
1018
1016
1017
1019
1022
1023
1018
1021
1019
1019
1025
1020
1026
1016
1024
1020
1018
1024
1016
1018
1012
1016
1023
1020
1019
1025
1011
1011
1022
1025
1019
1027
1013
1016
1009
1017
1017
1012
1014
1021
1019
1019
1009
1009
1019
1015
1016
1026
1017
1022
1023
1019
1020
1017
1016
1013
1006
1006
1012
1014
1009
1013
1018
1022
1017
1016
1021
1018
1009
1010
1009
1014
1005
1015
1011
1011
1015
1016
1017
1017
1011
1021
1017
1017
1014
1019
1024
1022
1021
1019
1022
1018
1016
1031
1025
1019
1019
1017
1024
1023
1017
1015
1014
1018
1017
1020
1020
1021
1007
1007
1003
1009
1012
1020
1021
1019
1015
1011
1014
1017
1015
1014
1025
1024
1025
1022
1027
1022
1015
1022
1014
1012
1017
1016
1018
1017
