952
942
950
947
956
947
947
953
954
959
956
956
959
963
954
958
951
956
956
955
949
950
958
952
960
952
956
944
954
947
946
954
954
952
954
957
944
951
955
953
951
955
959
952
961
946
959
960
957
955
960
951
956
956
962
954
959
955
963
968
969
959
968
960
955
958
956
963
961
961
963
949
958
956
952
956
956
955
958
955
958
949
948
944
943
949
959
961
963
957
966
957
961
966
959
964
969
967
964
969
961
964
959
959
961
963
961
955
962
946
950
950
949
944
940
943
949
954
948
961
949
962
960
957
961
954
963
961
961
961
957
959
962
956
956
958
962
954
961
958
956
966
971
962
960
958
957
955
961
960
954
954
964
956
956
963
960
951
959
962
958
951
961
958
957
962
959
955
949
955
948
951
953
946
948
950
950
956
952
960
953
952
945
962
957
958
954
957
954
960
954
952
955
955
955
956
950
958
953
954
961
959
957
958
955
963
961
961
965
966
960
962
959
955
965
958
958
962
968
962
973
971
967
970
970
968
961
962
961
967
961
963
970
971
973
966
971
969
964
961
956
966
965
965
965
961
959
965
972
961
965
968
970
965
971
967
963
970
965
956
969
959
960
966
964
961
968
966
968
972
973
970
968
966
966
960
965
967
971
967
962
972
973
967
957
963
968
959
955
961
957
951
953
957
954
950
951
954
952
947
951
959
952
959
954
952
954
949
950
953
956
955
955
958
960
963
965
966
960
958
962
961
962
962
968
965
964
969
975
968
971
969
970
978
974
977
971
974
975
974
976
970
968
972
966
974
968
973
966
972
966
972
973
974
970
975
971
965
967
961
959
970
968
974
971
971
969
977
977
971
973
971
964
971
975
966
969
967
970
966
962
956
961
957
961
968
964
963
963
975
969
967
975
967
961
964
971
967
965
965
969
969
968
964
967
962
959
958
963
962
970
964
981
974
968
970
976
978
976
975
973
971
967
974
973
972
978
981
974
972
976
970
972
961
970
969
970
973
972
978
977
979
976
982
974
975
973
973
979
976
974
970
973
973
975
964
968
975
974
975
972
976
963
972
976
972
975
968
972
974
973
973
980
980
975
984
977
977
977
974
972
971
969
970
975
979
977
978
982
981
975
980
968
971
971
967
969
971
972
966
966
966
967
969
971
962
965
967
968
972
974
966
973
977
975
979
977
976
975
970
973
978
987
973
975
979
983
986
980
985
982
985
983
986
989
977
980
978
980
974
982
983
972
988
977
972
973
979
980
974
976
982
982
979
971
975
982
979
971
983
980
977
970
979
980
980
986
978
977
980
987
992
989
989
987
991
996
999
998
991
986
999
992
1000
995
996
993
997
988
998
992
994
989
984
994
991
989
981
988
980
986
990
988
990
997
998
993
989
985
988
994
983
991
991
990
987
985
989
990
991
996
990
991
989
991
993
996
995
991
999
994
997
993
999
981
984
992
984
985
986
991
986
985
985
988
991
987
987
988
989
981
980
979
986
982
981
982
985
985
988
993
988
994
998
993
987
988
993
990
994
994
999
991
994
991
987
987
999
995
989
994
996
990
999
993
1008
991
1003
994
997
991
987
998
1003
995
999
994
990
996
991
981
993
982
986
988
990
987
989
992
996
993
983
981
984
984
984
992
991
987
987
992
993
991
990
999
993
989
996
985
985
988
989
995
995
998
1003
998
1001
1002
996
998
999
992
999
994
990
999
996
994
997
989
992
995
993
995
996
991
1004
1004
1001
1002
1001
1008
998
1002
1003
1004
998
1004
1009
999
1005
1004
1002
998
998
1002
1002
1005
997
992
990
1000
1000
1007
1001
1003
1009
1014
1010
1009
1006
1008
1008
995
996
1010
1004
1009
1006
1007
1010
999
998
998
1005
1005
1009
999
997
1006
998
1006
1008
1009
1013
1000
1010
1012
1010
1012
1013
1004
1011
1017
1013
1006
1004
1008
1007
1005
1004
1005
1000
1004
998
998
1004
1009
1006
1000
997
996
1006
1008
1011
1005
1002
1008
1014
1005
999
1007
1007
1007
1002
1005
1009
1008
1001
1007
1012
1004
998
1004
1000
1002
995
1004
1002
1002
1003
1003
996
1002
1006
1003
1013
1001
1009
1007
1014
1009
1010
1012
1008
1005
1006
1016
1010
1007
1013
1019
1011
1014
1010
1016
1014
1013
1013
1010
1005
998
994
1008
989
999
1004
1004
1007
1001
1000
1007
1005
1000
1010
1007
1002
999
997
996
996
996
995
1004
1001
996
1005
1011
1001
1003
1013
1009
1010
1007
1012
1011
1003
1012
1013
999
1005
998
992
1001
998
1004
1013
1015
1005
1008
1009
1014
1004
1011
1008
1003
1013
1011
1017
1013
1005
1010
1008
1003
1013
1007
1006
1016
1007
1007
1004
1008
1001
1009
1011
1004
1004
1005
1006
1007
1005
1004
1009
1003
1007
1012
1011
1009
1016
1008
1003
1013
1023
1017
1016
1012
1019
1011
1012
1016
1010
1011
1018
1022
1017
1006
1015
1009
1005
1009
1010
1024
1016
1018
1008
1016
1019
1020
1018
1019
1016
1011
1015
1016
1023
1020
1013
1014
1020
1023
1016
1014
1008
1013
1015
1013
1009
1014
1003
1009
1017
1002
1010
1012
1018
1011
1012
1014
1016
1019
1016
1015
1007
1022
1009
1011
1008
1007
1021
1017
1015
1018
1010
1008
1010
1009
1014
998
1011
1018
1018
1006
1014
1002
1011
1011
1010
1006
1012
1012
1005
1010
1011
1017
1015
1004
1002
1011
1014
1012
1006
1010
1012
1006
1012
1014
1013
1017
1015
1010
1011
1003
1003
1009
1010
1008
1015
1014
1012
1014
1017
1011
1015
1011
1008
1009
1013
1012
1021
1024
1024
1022
1027
1022
1025
1018
1027
1027
1019
1015
1019
1012
1018
1025
1020
1019
1015
1023
1013
1010
1016
1014
1018
1015
1016
1027
1024
1018
1018
1015
1022
1014
1018
1016
1012
1015
1024
1014
1024
1017
1014
1011
1023
1022
1018
1007
1016
1014
1009
1015
1021
1020
1017
1010
1007
1009
1004
1006
1005
1012
1013
1005
1008
1016
1009
1021
1013
1021
1020
1022
1023
1027
1020
1016
1013
1007
1012
1009
1012
1018
1011
1008
1011
1018
1011
1018
1010
1020
1011
1020
1006
1019
1018
1014
1020
1020
1018
1020
1028
1030
1023
1017
1032
1025
1019
1024
1028
1028
1021
1023
1020
1017
1020
1015
1025
1029
1015
1011
1017
1019
1021
1013
1010
1013
1023
1022
1026
1019
1027
1025
1015
1016
1019
1018
1005
1012
1017
1015
1021
1017
1011
1015
1016
1016
1022
1016
1018
1020
1020
1017
1023
1021
1023
1027
1021
1022
1023
1032
1031
1024
1022
1025
1023
1019
1027
1029
1029
1032
1030
1021
1021
1021
1010
1020
1023
1020
1024
1026
1027
1028
1028
1020
1024
1024
1028
1020
1015
1021
1013
1016
1011
1010
1013
1019
1019
1020
1023
1023
1020
1023
1019
1016
1023
1012
1015
1021
1019
1021
1020
1017
1022
1015
1010
1008
1018
1011
1022
1019
1021
1022
1015
1019
1022
1013
1028
1030
1025
1021
1014
1020
1018
1024
1017
1012
1010
1013
1013
1011
1013
1012
1014
1019
1011
1015
1018
1012
1013
1013
1009
1016
1018
1017
1019
1016
1020
1021
1017
1022
1022
1017
1017
1018
1015
1015
1012
1017
1022
1012
1019
1018
1026
1011
1016
1019
1015
1019
1021
1016
1010
1016
1018
1011
1008
1018
1007
1017
1010
1017
1014
1011
1014
1013
1014
1011
1015
1008
1013
1010
1008
1015
1020
1019
1014
1018
1013
1008
1008
1010
1011
1019
1016
1008
1011
1003
998
1010
1000
1013
1019
1013
1015
1019
1015
1015
1015
1008
1001
1013
1007
1018
1012
1017
1018
1020
1020
1028
1026
1022
1017
1024
1029
1032
1022
1031
1025
1024
1024
1031
1023
1014
1025
1023
1023
1022
1026
1026
1019
1019
1022
1025
1019
1029
1031
1029
1023
1020
1022
1029
1024
1026
1014
1029
1022
1023
1028
1025
1023
1022
1022
1019
1028
1014
1016
1025
1029
1029
1024
1033
1028
1022
1025
1019
1021
1022
1025
1025
1024
1027
1021
1020
1027
1017
1015
1014
1010
1016
1006
1011
1014
1004
1002
1013
1000
1003
1000
1007
999
996
995
1008
1013
1003
1014
1009
1011
1009
1003
1007
1014
1018
1013
1016
1011
1013
1013
1016
1015
1015
1018
1009
1016
1009
1004
1009
1016
1009
1007
1018
1013
1016
1016
1014
1013
1020
1017
1010
1007
1020
1017
1021
1021
1023
1015
1017
1017
1011
1016
1015
1026
1016
1023
1015
1026
1028
1020
1021
1021
1022
1022
1022
1019
1023
1020
1025
1016
1020
1021
1024
1015
1017
1019
1016
1016
1011
1015
1018
1020
1014
1009
1021
1019
1003
1018
1001
1009
1020
1019
1015
1016
1015
1012
1014
1017
1022
1016
1016
1021
1018
1016
1008
1016
1015
1010
1016
1025
1023
1013
1025
1019
1015
1022
1011
1017
1012
1018
1012
1016
1017
1014
1015
1022
1023
1014
1014
1016
1019
1021
1016
1020
1026
1026
1024
1026
1020
1026
1023
1021
1021
1023
1015
1014
1020
1018
1030
1017
1019
1015
1009
1016
1014
1007
1014
1014
1011
1015
1019
1015
1020
1010
1010
1017
1017
1012
1015
1012
1019
1014
1014
1013
1013
1018
1009
1016
1011
1025
1019
1017
1018
1018
1012
1012
1014
1013
1012
1011
1009
1010
1009
1015
1020
1021
1016
1023
1023
1016
1018
1025
1024
1037
1028
1028
1021
1014
1020
1022
1025
1024
1018
1019
1023
1027
1024
1024
1027
1030
1030
1028
1029
1025
1023
1025
1023
1023
1025
1031
1026
1023
1028
1024
1015
1018
1016
1022
1016
1024
1018
1020
1021
1026
1019
1024
1019
1018
1007
1008
1016
1017
1021
1015
1016
1021
1021
1025
1024
1020
1015
1014
1019
1019
1016
1010
1000
1008
1007
1011
1011
1005
1008
1011
1018
1007
1014
1008
1014
1015
1019
1019
1020
1023
1020
1016
1013
1010
1013
1012
1023
1016
1010
1012
1013
1016
1011
1013
1011
1016
1014
1011
1019
1017
1019
1013
1014
1021
1018
1017
1027
1018
1018
1016
1025
1021
1016
1021
1020
1019
1015
1016
1023
1022
1019
1017
1014
1019
1015
1010
1015
1021
1019
1009
1012
1008
1010
1005
1016
1012
1021
1020
1022
1016
1014
1022
1016
1014
1022
1021
1016
1025
1011
1013
1015
1017
1013
1015
1019
1017
1022
1010
1020
1018
1012
1020
1019
1015
1023
1018
1012
1021
1019
1018
1027
1011
1009
1012
1014
1009
1015
1019
1020
1018
1020
1028
1017
1020
1017
1015
1021
1022
1016
1014
1020
1017
1018
1021
1017
1019
1013
1013
1017
1025
1023
1024
1018
1021
1030
1021
1022
1019
1017
1014
1027
1020
1017
1013
1013
1012
1007
1002
1012
1009
1013
1016
1015
1014
1015
1013
1013
1008
1009
1011
1012
1008
1018
1007
1001
1006
1015
1018
1007
1014
1008
1015
1012
1014
1005
1007
1010
1010
1017
1010
1014
1009
1009
1014
1010
1019
1012
1016
1009
1013
1011
1010
1021
1018
1015
1023
1022
1016
1018
1024
1023
1018
1017
1022
1012
1016
1018
1023
1016
1018
1019
1019
1016
1013
1018
1012
1014
1021
1017
1022
1023
1023
1023
1020
1018
1017
1027
1021
1022
1022
1031
1023
1019
1023
1019
1025
1018
1024
1010
1018
1020
1017
1019
1019
1016
1011
1019
1014
1019
1014
1019
1015
1014
1013
1015
1014
1017
1021
1016
1021
1015
1021
1017
1008
1016
1014
1022
1011
1010
1008
1013
1016
1014
1016
1020
1019
1012
1014
1016
1020
1013
1014
1022
1025
1018
1019
1020
1017
1020
1024
1022
1025
1027
1031
1025
1017
1028
1020
1025
1023
1023
1015
1019
1022
1032
1025
1020
1024
1034
1026
1026
1025
1017
1016
1028
1023
1021
1027
1016
1016
1019
1021
1018
1015
1018
1019
1018
1027
1020
1016
1016
1022
1017
1023
1017
1016
1024
1026
1018
1027
1027
1022
1020
1020
1026
1022
1023
1023
1028
1024
1019
1014
1022
1018
1015
1022
1021
1023
1011
1021
1015
1020
1023
1023
1024
1028
1018
1020
1018
1029
1024
1028
1030
1027
1027
1021
1024
1017
1016
1013
1019
1016
1020
1018
1026
1024
1028
1027
1031
1026
1030
1033
1024
1024
1026
1023
1022
1021
1019
1018
1015
1020
1025
1016
1028
1025
1028
1024
1024
1020
1022
1025
1027
1022
1022
1019
1032
1029
1021
1026
1025
1026
1023
1021
1023
1023
1022
1013
1022
1024
1024
1023
1016
1026
1032
1024
1012
1026
1011
1020
1017
1020
1028
1026
1018
1020
1020
1019
1017
1023
1033
1026
1028
1031
1035
1027
1014
1016
1023
1025
1017
1022
1021
1023
1021
1022
1033
1028
1018
1025
1024
1020
1026
1025
1019
1023
1031
1015
1021
1017
1018
1023
1010
1015
1018
1016
1016
1017
1025
1022
1019
1014
1018
1014
1025
1017
1025
1030
1023
1024
1023
1024
1014
1014
1015
1022
1029
1019
1018
1026
1020
1019
1027
1017
1017
1017
1024
1021
1018
1013
1015
1020
1016
1019
1019
1025
1014
1019
1029
1025
1013
1016
1025
1017
1016
1026
1016
1009
1019
1022
1018
1024
1022
1023
1030
1021
1023
1020
1023
1018
1019
1020
1032
1021
1025
1026
1023
1025
1026
1020
1031
1019
1016
1037
1034
1025
1025
1025
1024
1021
1017
1016
1016
1031
1022
1020
1023
1021
1024
1023
1021
1027
1029
1016
1021
1021
1027
1025
1026
1019
1018
1024
1019
1015
1024
1013
1019
1031
1021
1023
1022
1028
1017
1026
1020
1016
1016
1010
1017
1018
1018
1014
1017
1023
1027
1019
1014
1013
1022
1021
1026
1013
1017
1011
1023
1019
1022
1025
1017
1021
1023
1009
1012
1007
1015
1006
1013
1017
1017
1026
1014
1012
1010
1015
1014
1014
1007
1019
1018
1025
1023
1014
1021
1014
1015
1022
1011
1020
1018
1013
1015
1016
1022
1015
1021
1013
1019
1015
1019
1009
1006
1008
1008
1008
1002
1017
1007
1013
1009
1015
1025
1014
1011
1009
1011
1007
1014
1013
1011
1018
1009
1024
1014
1019
1016
1025
1023
1018
1021
1023
1017
1025
1017
1022
1020
1027
1015
1022
1027
1016
1014
1019
1013
1016
1012
1020
1020
1023
1021
1024
1014
1025
1006
1017
1018
1018
1015
1013
1014
1006
1005
1011
1009
1012
1011
1011
1007
1016
1010
1015
1028
1023
1027
1021
1020
1026
1020
1023
1020
1023
1012
1020
1026
1022
1024
1017
1019
1033
1023
1028
1024
1030
1027
1031
1020
1033
1027
1019
1014
1022
1019
1027
1026
1025
1024
1025
1026
1023
1022
1034
1027
1028
1024
1023
1026
1022
1023
1022
1031
1030
1027
1019
1020
1025
1028
1023
1022
1024
1014
1021
1019
1022
1022
1016
1020
1022
1021
1016
1019
1019
1029
1017
1023
1020
1019
1018
1025
1028
1019
1019
1024
1011
1029
1023
1029
1021
1029
1022
1026
1033
1023
1022
1027
1030
1025
1026
1026
1029
1031
1032
1024
1028
1027
1028
1023
1031
1027
1030
1029
1038
1039
1026
1026
1030
1030
1038
1022
1012
1018
1019
1017
1019
1026
1014
1015
1012
1016
1026
1018
1025
1025
1015
1022
1014
1019
1023
1025
1026
1023
1019
1020
1013
1019
1014
1017
1016
1023
1016
1017
1017
1016
1021
1013
1022
1023
1016
1019
1009
1016
1007
1019
1020
1014
1019
1024
1026
1021
1023
1029
1025
1025
1023
1026
1020
1018
1020
1026
1017
1029
1015
1024
1019
1015
1028
1018
1023
1023
1026
1030
1033
1018
1022
1021
1031
1024
1015
1018
1022
1016
1022
1024
1017
1023
1013
1017
1015
1016
1022
1021
1024
1022
1016
1025
1022
1017
1021
1028
1022
1022
1015
1018
1019
1014
1015
1019
1013
1030
1025
1023
1022
1019
1018
1020
1020
1026
1022
1018
1009
1018
1010
1023
1014
1011
1015
1017
1020
1018
1014
1019
1017
1021
1021
1024
1021
1017
1018
1020
1021
1022
1020
1022
1022
1022
1024
1026
1020
1030
1024
1022
1015
1014
1009
1016
1014
1010
1014
1016
1009
1020
1015
1014
1021
1021
1019
1015
1015
1015
1019
1020
1008
1008
1011
1013
1013
1007
1004
1002
1011
1002
1004
1010
1013
1003
1000
1008
1005
1005
1002
991
1005
1009
1005
1005
998
1007
1002
999
995
1006
1006
1005
1007
1009
1005
1004
1004
1010
1010
1004
1011
1013
1010
1012
1007
1017
1011
1010
1005
1010
1010
1004
1003
1000
1010
1002
1012
1006
1010
1011
1011
1003
1012
1015
1018
1015
1011
1009
1000
1005
998
1009
1010
1004
1010
1004
1012
1004
1012
1006
1013
1008
1005
1002
1006
1008
1016
1010
1007
1012
1009
1004
1008
1021
1018
1011
1016
1020
1011
1018
1021
1019
1021
1023
1022
1014
1015
1019
1015
1007
1011
1005
1003
1008
1009
1013
1011
1005
1012
1013
1010
1014
1014
1015
1014
1016
1014
1020
1020
1019
1016
1005
1015
1014
1007
1010
1020
1017
1012
1011
1011
1012
1015
1019
1016
1020
1029
1023
1033
1034
1028
1029
1030
1032
1025
1025
1021
1031
1025
1018
1028
1025
1025
1029
1030
1024
1023
1028
1022
1024
1018
1012
1022
1009
1013
1017
1014
1014
1018
1016
1017
1013
1026
1018
1024
1027
1020
1021
1021
1021
1019
1026
1029
1023
1021
1025
1014
1018
1027
1015
1025
1022
1022
1019
1027
1027
1025
1026
1019
1026
1022
1022
1021
1022
1030
1022
1021
1031
1024
1029
1035
1024
1031
1023
1019
1019
1021
1021
1021
1018
1019
1021
1014
1016
1007
1026
1016
1014
1024
1016
1025
1026
1028
1035
1028
1026
1020
1019
1030
1028
1028
1022
1029
1023
1029
1022
1027
1025
1024
1028
1033
1027
1035
1024
1030
1030
1024
1033
1028
1028
1040
1029
1024
1031
1024
1026
1023
1009
1016
1021
1018
1014
1015
1022
1015
1016
1018
1012
1021
1018
1016
1016
1018
1014
1025
1029
1025
1022
1028
1026
1024
1031
1018
1026
1026
1023
1026
1025
1024
1019
1018
1024
1021
1014
1015
1017
1029
1027
1027
1020
1020
1021
1013
1016
1017
1022
1022
1016
1022
1017
1026
1023
1024
1016
1025
1016
1028
1024
1025
1030
1022
1023
1022
1019
1032
1028
1026
1028
1025
1028
1024
1026
1023
1020
1021
1015
1018
1022
1020
1026
1024
1016
1023
1007
1017
1022
1024
1022
1013
1023
1020
1019
1013
1019
1021
1019
1027
1020
1025
1025
1026
1013
1019
1024
1016
1019
1025
1024
1023
1018
1020
1021
1017
1023
1022
1020
1022
1026
1026
1027
1015
1011
1022
1021
1020
1021
1024
1021
1025
1024
1024
1012
1022
1026
1024
1014
1027
1025
1023
1024
1018
1024
1024
1023
1032
1020
1023
1020
1023
1018
1014
1020
1021
1018
1016
1019
1023
1026
1026
1025
1023
1022
1030
1023
1022
1023
1023
1015
1016
1011
1020
1015
1019
1012
1010
1008
1015
1016
1018
1016
1017
1013
1016
1023
1018
1016
1010
1012
1015
1019
1019
1011
1019
1017
1016
1022
1023
1016
1023
1021
1013
1020
1022
1018
1009
1019
1019
1019
1017
1016
1018
1013
1009
1019
1020
1019
1013
1021
1013
1009
1010
1004
1013
1018
1002
1010
1008
1008
1006
996
1008
1001
1013
1012
999
1009
1004
1018
1003
1012
1009
1011
1005
1009
1010
1004
1008
1014
1007
1001
1010
1014
1011
1019
1014
1016
1015
1010
1016
1018
1021
1016
1021
1024
1019
1022
1021
1020
1018
1014
1019
1015
1015
1016
1010
1014
1012
1015
1006
1015
1015
1012
1009
1009
1011
1010
1014
1008
1006
1014
1009
1012
1011
1008
1004
1018
1016
1014
1017
1014
1019
1017
1018
1021
1023
1028
1025
1025
1025
1023
1024
1032
1028
1033
1027
1025
1028
1022
1023
1023
1019
1024
1032
1027
1027
1027
1027
1031
1023
1026
1029
1020
1020
1022
1028
1018
1018
1020
1020
1027
1029
1020
1015
1017
1028
1023
1024
1023
1026
1023
1019
1022
1011
1007
1020
1014
1022
1014
1019
1022
1008
1017
1019
1019
1012
1025
1022
1025
1013
1015
1010
1023
1017
1020
1011
1022
1020
1025
1018
1014
1017
1019
1022
1027
1029
1017
1009
1008
1009
1006
1011
1015
1019
1012
1015
1017
1022
1015
1015
1014
1024
1013
1005
1010
1009
1006
1013
1011
1009
1021
1013
1012
1018
1006
1003
1008
1014
1018
1019
1019
1016
1014
1017
1017
1009
1019
1014
1011
1013
1015
1008
1011
1009
1011
1016
1021
1016
1016
1010
1020
1019
1026
1023
1021
1016
1007
1020
1019
1014
1021
1025
1029
1018
1023
1027
1025
1018
1020
1021
1014
1026
1020
1020
1021
1023
1028
1024
1030
1023
1027
1024
1023
1022
1032
1028
1031
1029
1027
1018
1033
1038
1027
1026
1035
1026
1028
1035
1032
1029
1032
1025
1019
1037
1037
1034
1027
1035
1036
1034
1022
1035
1032
1031
1036
1028
1034
1029
1030
1027
1031
1023
1028
1026
1028
1026
1023
1034
1029
1023
1027
1027
1021
1033
1024
1023
1027
1025
1026
1023
1031
1030
1034
1028
1028
1029
1021
1027
1030
1024
1026
1031
1034
1029
1027
1023
1030
1035
1023
1028
1032
1031
1032
1032
1025
1039
1038
1035
1032
1028
1030
1036
1039
1036
1036
1038
1036
1035
1039
1043
1033
1026
1030
1035
1031
1036
1029
1034
1037
1051
1033
1036
1043
1035
1021
1036
1034
1033
1022
1027
1016
1026
1028
1033
1030
1038
1031
1038
1037
1035
1027
1031
1036
1020
1036
1037
1042
1038
1032
1035
1036
1041
1039
1030
1026
1025
1032
1029
1032
1045
1031
1032
1031
1028
1028
1029
1033
1029
1035
1031
1037
1029
1028
1032
1031
1023
1028
1030
1019
1025
1027
1024
1029
1032
1025
1028
1031
1035
1023
1022
1023
1033
1030
1029
1039
