952
959
955
947
948
954
946
944
948
953
950
944
948
953
945
941
950
946
950
957
950
957
955
957
957
957
954
957
960
950
953
955
949
957
958
955
966
960
955
959
958
953
961
961
953
952
951
955
963
959
956
964
962
957
960
956
957
955
962
955
959
954
957
962
963
961
956
960
961
962
957
963
960
960
963
968
953
955
956
953
946
951
955
945
944
954
956
958
953
951
944
950
950
953
949
953
949
958
958
959
964
967
961
962
969
969
966
966
974
962
961
967
961
955
962
968
974
971
970
963
972
969
964
963
956
962
971
962
963
966
968
964
966
974
975
968
980
978
974
973
977
974
978
974
971
974
979
980
973
973
981
975
979
977
979
981
974
977
977
977
972
975
976
971
978
967
963
969
973
977
970
975
976
974
972
962
970
973
970
972
972
982
972
969
974
976
977
978
972
972
981
982
975
979
982
984
984
979
979
972
972
978
977
975
974
975
976
977
981
981
980
975
989
987
985
979
971
978
973
982
988
985
987
983
981
982
974
977
977
982
985
989
985
976
989
988
986
986
979
984
982
983
990
995
987
983
976
984
990
985
986
982
983
983
995
991
986
999
989
989
993
994
994
983
993
993
995
995
991
992
988
984
994
984
994
990
992
992
992
994
995
995
993
992
993
992
990
990
996
995
1001
991
992
994
987
1000
989
993
985
987
983
988
992
993
992
990
993
990
1000
1006
1003
994
991
993
1000
997
998
1005
995
989
992
1001
995
998
1001
990
997
992
995
1004
1005
995
999
995
991
999
986
990
996
990
997
990
995
994
986
995
991
1001
987
991
989
993
986
992
997
998
996
999
995
990
992
985
985
987
983
985
995
980
996
984
975
992
990
993
991
991
1000
994
990
997
994
999
989
996
991
996
997
997
996
999
998
998
1005
1002
1002
991
1006
1000
1006
1005
1002
1007
1003
1002
1013
1001
1001
988
988
995
995
997
999
989
995
987
1000
990
990
982
990
998
990
996
992
1001
996
993
996
1000
1001
991
995
997
991
1000
997
999
998
999
993
996
996
1008
1006
1006
998
1001
998
1008
997
994
995
995
993
993
988
991
999
994
988
1002
989
988
1000
993
996
993
997
1003
993
987
993
992
988
984
994
996
992
994
990
1000
994
997
992
994
999
994
995
991
993
996
998
1001
999
997
995
1001
1000
995
1000
1002
993
994
991
997
991
998
1001
998
998
1005
1001
1003
1004
1002
996
995
998
1003
1008
1004
1010
992
999
995
1000
995
1006
1004
1000
998
998
994
1001
1002
1000
1001
993
1001
1000
1001
1005
1005
995
1000
999
999
1001
998
1000
993
996
1001
991
994
996
992
994
1003
992
990
981
984
992
991
993
990
997
996
994
989
1002
1006
1005
998
993
1001
997
999
999
1002
998
992
992
996
992
987
991
994
999
1003
995
994
993
1001
998
997
995
996
999
994
992
994
986
989
987
983
987
1000
989
998
997
992
986
985
990
998
988
993
981
996
996
991
995
984
986
988
998
994
988
994
997
997
996
999
996
1000
997
999
989
993
993
990
987
997
990
997
991
991
996
998
989
988
990
985
998
984
992
993
995
997
1003
996
1000
998
998
992
992
996
997
998
999
995
999
1007
995
995
1004
1005
1002
993
993
989
1002
997
1001
1007
1004
1001
1004
1005
1006
1004
1012
1000
990
998
992
1002
994
990
994
994
992
988
999
993
998
1003
1002
1001
999
994
997
994
992
994
996
1003
995
994
1003
1004
1001
990
997
991
983
989
993
987
1000
992
988
994
990
986
996
1002
996
1007
1001
997
1002
996
1007
998
996
996
992
997
991
996
992
987
1002
1003
1003
998
1008
1001
1009
997
1002
997
991
991
989
993
987
992
1002
988
997
996
992
991
984
994
993
1001
994
998
993
995
994
1000
998
987
985
993
998
998
994
994
996
1002
996
993
999
1001
996
1000
990
987
990
987
992
991
997
995
1002
999
995
999
1007
1000
1003
989
990
996
993
986
990
1007
996
1010
1003
1002
996
1000
1003
1009
1007
1009
1009
1013
1008
1013
1002
1006
1008
1001
1001
999
997
1000
1003
1006
1007
1013
1006
1007
1004
1009
1008
1009
1003
1005
1009
1005
1004
1003
998
1010
995
998
1003
994
995
1001
999
1005
1003
998
999
1004
1006
998
1008
997
1003
1008
1008
1003
996
1009
1000
999
990
990
996
997
1001
997
1001
1005
1003
1000
999
997
1007
1008
1013
1010
1014
1012
1007
1013
1015
1013
1009
1012
1010
1014
1013
1017
1010
1010
1011
1012
1007
1011
1016
1021
1018
1021
1009
1023
1010
1003
1012
1002
1009
1009
1008
1019
1007
1020
1012
1013
1011
1010
1006
1011
1014
1018
1016
1011
1013
1018
1015
1014
1009
1013
1008
1013
1010
1016
1004
1008
1006
1007
1004
1011
1008
1015
1012
1014
1009
1016
1018
1021
1013
1011
1014
1016
1009
1008
1021
1011
1013
1015
1009
1008
1009
1014
1012
1013
1020
1019
1015
1019
1016
1016
1013
1025
1020
1023
1024
1025
1031
1020
1015
1008
1011
1024
1023
1021
1018
1011
1019
1019
1010
1014
1005
1005
1013
1001
1002
1004
1008
1008
1011
1001
996
1008
1006
1001
1012
1005
1001
1009
1000
998
999
1004
998
1001
1005
1008
1014
1011
1007
1008
1016
1013
1017
1002
1006
1010
1016
1016
1020
1023
1017
1022
1014
1007
1007
1005
1008
1008
1013
1009
1013
1005
1012
1000
1007
1007
1011
1014
1005
1010
1012
1019
1009
1014
1018
1014
1012
1015
1007
1014
1016
1016
1019
1006
1017
1007
1014
1003
1012
1012
1013
1010
1016
1010
1012
1016
1015
1015
1020
1022
1015
1016
1008
1011
1012
999
1008
1002
1017
1015
1009
1010
1019
1010
1019
1011
1013
1014
1025
1019
1009
1011
1018
1017
1018
1017
1013
1013
1015
1008
1014
1010
1011
1005
1019
1011
1006
1004
1017
1013
1014
1012
1018
1008
1020
1021
1017
1013
1012
1013
1016
1001
1011
1015
1013
1012
1019
1016
1022
1017
1016
1014
1009
1007
1021
1017
1029
1022
1025
1027
1023
1029
1029
1029
1017
1025
1023
1022
1024
1024
1018
1019
1021
1012
1023
1019
1018
1013
1014
1009
1011
1014
1010
1009
1010
1007
1011
1016
1005
1010
1007
1019
1015
1018
1007
1013
1011
1006
1012
1009
1009
1007
1009
1008
1008
1014
1014
1001
1012
1008
1008
1009
1011
1008
1013
1011
1016
1011
1014
1014
1017
1016
1010
1011
1014
1016
1008
1014
1012
1005
1001
1007
1007
1007
1001
1012
1016
1009
1018
1021
1012
1012
1018
1020
1015
1013
1014
1015
1019
1015
1015
1016
1011
1010
1007
1018
1020
1014
1014
1009
1015
1012
1000
1007
1013
1002
1011
1011
1009
1012
1013
1005
1016
1011
1005
1010
1012
1012
1016
1006
1004
1007
1008
1007
1006
1012
1010
997
997
997
1000
1004
1008
1009
1013
1007
1003
1009
1007
1007
1009
1008
1005
1004
1008
1013
1005
1004
1002
1000
996
1002
1004
1002
1004
1007
1009
1003
990
995
992
1000
998
1002
1007
1006
1008
1005
1016
1003
1003
1005
1005
1001
1006
1005
999
1008
1007
1008
1004
1012
1008
1006
1006
997
1003
995
996
996
994
997
1001
1000
1003
1004
1001
1007
1013
1003
1008
1000
1005
1001
1003
999
998
994
1001
1002
997
1001
1008
1008
999
989
1006
1009
1002
994
993
993
1000
1000
993
989
1000
1000
1003
1007
1010
1003
1002
998
992
999
1002
1002
993
1004
999
995
1002
1003
1009
1003
1003
1002
1010
1000
1009
1008
1006
1008
1000
999
1009
1007
1001
1000
1002
995
1003
997
991
994
998
995
995
991
997
998
996
993
990
996
994
995
998
1001
1000
1003
1004
999
1001
1002
1000
1001
998
1005
993
992
998
999
996
998
1002
1000
995
1005
996
997
998
1009
1004
1008
1010
1008
1008
1006
1003
1012
1003
1005
1011
1011
1000
1006
1007
1013
1013
1008
1009
1000
1013
1012
1005
993
1002
998
1001
1006
995
993
993
996
996
1002
995
998
999
991
1001
985
994
996
1000
997
991
995
995
998
991
1002
990
988
998
991
994
990
998
999
995
997
1001
996
1006
1001
1000
1001
999
988
996
995
988
996
995
996
993
986
989
993
988
991
991
989
1000
993
988
1002
1003
1001
1013
1017
1014
1014
1003
1004
1005
997
996
1003
1001
1004
1000
996
993
1007
1003
991
1004
1006
1008
999
1002
1003
1004
1006
1002
1003
1005
1002
1006
1000
1000
998
999
1002
994
988
997
1001
1000
1003
996
999
990
997
1001
1000
1009
1005
1005
1001
995
996
998
997
999
1002
994
994
996
995
994
998
994
993
1002
1001
1000
996
991
997
988
994
991
988
996
995
1004
1004
1004
1001
1007
1003
1005
996
996
998
995
996
994
1000
1003
1001
1004
1007
997
1001
1000
1007
1006
1003
1003
992
995
987
986
998
1000
995
1000
996
998
1000
1001
999
1001
997
1005
1003
992
993
995
1000
994
993
998
1003
1003
996
1000
997
979
1002
1001
1008
1003
996
998
1001
993
998
998
1007
994
1001
1002
1001
987
997
996
998
995
992
1002
998
995
989
988
989
995
991
992
980
988
995
989
991
987
983
992
979
986
984
993
991
984
993
987
989
995
986
985
990
984
981
992
988
982
988
998
991
996
998
988
991
990
1002
995
986
988
995
990
993
985
990
993
991
990
993
995
981
986
996
996
987
986
1005
1003
995
1007
1001
1006
1002
1000
988
991
997
992
990
990
992
994
995
995
997
993
1001
989
999
1003
1003
1000
998
1008
997
995
999
1006
1001
1007
1006
1003
996
995
993
998
990
993
993
988
987
995
999
992
993
997
1000
1006
1002
1002
1005
1001
1005
1005
998
996
996
998
994
997
999
990
997
991
989
999
993
999
996
1000
990
993
1001
998
996
1001
998
989
994
995
997
996
993
989
993
999
994
983
989
995
1001
999
1000
998
999
993
993
986
991
990
992
989
995
996
1006
998
1002
1007
1004
1010
1008
1007
1005
1008
1006
1009
994
997
999
1001
988
999
999
1000
1006
1007
1003
1004
1006
1006
1011
1002
1002
1002
1003
1012
1005
1007
1001
1006
1003
1001
1001
1000
1006
1006
1001
1011
1012
1011
1008
1009
1002
1012
1010
1008
1010
998
1004
1004
999
999
999
991
1003
1000
995
998
1002
1005
999
997
998
1006
1005
1000
1003
998
999
1000
990
996
995
997
1000
997
992
991
990
996
999
1000
998
995
997
994
999
998
997
993
993
997
998
992
1003
992
997
1003
1002
1002
1005
998
1012
1007
1000
1000
996
994
1004
998
1000
1002
1003
1003
1008
1008
1007
1009
1007
1012
1007
1003
1003
1007
1009
1002
998
996
1008
1000
1000
1005
1005
1006
1001
1006
1001
1001
1009
1005
1000
1007
1002
1005
1002
1006
1002
1000
999
1001
999
1000
999
1007
1003
1002
1004
1003
1003
1000
1000
1004
994
996
998
995
998
995
997
1003
1000
992
1002
1001
1002
1005
997
1002
1000
1007
1007
1000
996
1004
1006
998
1007
998
1007
1003
996
1003
1002
999
997
1004
1000
1008
1002
1009
1000
1010
999
1000
996
1007
1010
1007
1006
998
1001
999
1004
1002
1006
1007
1008
1002
1009
1006
1006
1003
998
999
1007
998
1004
1001
1007
1008
1010
1007
1013
1003
1003
1009
1009
1011
1004
1004
1004
1016
1022
1015
1017
1018
1009
1009
1009
1020
1007
1005
1007
1010
1007
1009
1013
1010
1014
1009
1010
1010
1008
1006
1006
1006
1007
1011
1006
1005
1010
1001
999
1003
1011
1010
1020
1008
1017
1009
1011
1015
1005
1011
1010
1013
1004
1011
1019
1017
1018
1007
1018
1013
1012
1018
1015
1013
1012
1015
1016
1019
1021
1021
1024
1021
1021
1027
1015
1026
1018
1021
1012
1018
1001
1011
1008
1002
1006
1008
1007
1004
1005
1009
1002
1011
1001
1004
1009
1007
1016
1004
1015
1006
1004
1011
1007
1014
1009
1006
1007
1016
1014
1007
1015
1004
1003
1010
1007
1014
1005
1004
989
1006
1012
1012
1007
997
1009
1008
1016
1014
1014
1002
1000
998
1008
1006
1000
1008
1006
1009
1002
1004
1003
1008
1011
1013
1003
1007
1006
997
996
1010
1009
1005
1012
1010
998
998
1003
1000
1006
999
1003
1006
1010
1006
1000
1003
1004
995
1000
1002
1009
1006
1010
1012
999
1001
1007
1002
1004
1006
1008
1006
1012
1016
1011
1011
1014
1000
1018
1007
1006
1011
1013
1012
1013
1013
1014
1011
1006
1001
1010
1003
1009
1014
1010
1003
1005
1012
1010
1015
1014
1009
1003
1007
1011
1009
1006
1011
1009
1014
1015
1024
1011
1015
1011
1013
1022
1015
1015
1007
1017
1016
1016
1012
1016
1012
1007
1010
1008
1011
1013
1004
1009
1010
1014
1018
1009
1015
1019
1013
1008
1010
1008
1010
1010
1011
1016
1021
1014
1012
1015
1016
1009
1004
1014
1019
1015
1013
1021
1022
1016
1009
1014
1008
1009
1020
1021
1019
1007
1014
1006
1017
1010
1012
1024
1016
1018
1024
1019
1020
1018
1018
1027
1018
1023
1018
1022
1017
1010
1017
1009
1010
1017
1020
1013
1017
1004
1013
1005
1003
1008
1004
1008
1011
1012
1012
1007
1003
1011
1010
1013
1010
1007
1013
1012
1009
1011
1003
1017
1009
1009
1003
1013
1004
1010
1017
1012
1004
1004
1010
1013
1005
1004
1008
1016
1021
1023
1014
1019
1027
1018
1013
1020
1015
1021
1023
1026
1028
1013
1021
1016
1013
1018
1018
1021
1023
1026
1020
1028
1022
1027
1022
1024
1021
1018
1020
1013
1018
1029
1031
1026
1020
1036
1031
1031
1033
1031
1033
1033
1034
1028
1031
1024
1035
1033
1024
1024
1031
1029
1022
1021
1029
1026
1024
1030
1027
1021
1013
1027
1029
1020
1027
1031
1028
1024
1034
1028
1030
1017
1022
1017
1019
1033
1022
1023
1027
1027
1006
1021
1016
1023
1025
1024
1015
1020
1029
1025
1017
1020
1023
1018
1024
1026
1013
1015
1015
1020
1013
1006
1021
1016
1018
1014
1015
1022
1022
1011
1008
1009
1015
1012
1014
1017
1010
1011
1014
1018
1022
1021
1013
1021
1014
1018
1016
1011
1015
1013
1007
1024
1025
1013
1018
1011
1017
1011
1020
1024
1016
1021
1021
1018
1026
1019
1020
1015
1022
1023
1029
1022
1019
1022
1022
1028
1025
1021
1027
1018
1021
1018
1020
1018
1020
1017
1021
1015
1031
1023
1024
1023
1020
1021
1016
1019
1020
1022
1022
1020
1022
1021
1014
1010
1022
1013
1013
1010
1026
1021
1012
1021
1022
1023
1019
1029
1025
1030
1029
1020
1024
1026
1019
1020
1020
1015
1022
1012
1022
1015
1019
1019
1024
1017
1022
1017
1016
1020
1016
1017
1019
1019
1020
1023
1016
1015
1016
1015
1021
1013
1015
1027
1020
1014
1014
1016
1007
1011
1008
1015
1012
1015
1011
1015
1021
1014
1017
1008
1016
1018
1014
1015
1011
1013
1012
1010
1019
1024
1014
1014
1020
1008
1011
1015
1019
1007
1010
1012
1009
1008
1016
1020
1008
1022
1024
1023
1024
1018
1021
1020
1019
1023
1016
1025
1021
1026
1026
1034
1029
1025
1023
1023
1018
1026
1015
1027
1020
1010
1018
1018
1014
1018
1014
1021
1019
1019
1023
1018
1021
1023
1023
1013
1034
1024
1025
1022
1017
1017
1021
1029
1023
1021
1023
1020
1017
1024
1019
1016
1020
1021
1014
1011
1015
1019
1019
1013
1024
1009
1014
1013
1016
1013
1005
1016
1014
1013
1010
1016
1005
1012
1006
1014
1016
1017
1016
1005
1010
1011
1004
1011
1010
1008
1004
1005
1010
1005
1003
1015
1015
1011
1006
1012
1021
1022
1021
1021
1024
1015
1022
1021
1020
1015
1011
1012
1012
1015
1015
1020
1012
1010
1009
1014
1011
999
1011
1008
1010
1009
1017
1013
1014
1013
1005
1010
1013
1006
1007
1014
1008
1012
1013
1016
1018
1019
1011
1016
1018
1021
1021
1018
1016
1012
1014
1008
1012
1008
1015
1000
1015
1007
1018
1015
1010
1019
1011
1019
1017
1018
1008
1006
1006
1009
1014
1011
1015
1017
1012
1017
1015
1016
1011
1017
1003
1007
1008
1011
1014
1014
1011
1016
1014
1021
1016
1026
1021
1018
1016
1019
1022
1021
1012
1017
1014
1013
1012
1018
1016
1021
1016
1021
1021
1022
1020
1016
1018
1017
1025
1026
1015
1016
1010
1016
1015
1015
1014
1013
1014
1004
1020
1014
1007
1015
1011
1012
1005
1010
1010
1013
1011
1011
1010
1011
1016
1018
1011
1006
1013
1017
1022
1013
1008
1014
1018
1009
1017
1015
1010
1014
1011
1005
1008
1006
1006
1003
1009
1004
1005
1005
1012
1006
1005
1011
1012
1005
1005
1013
1012
1000
1009
1009
1004
1012
1012
1014
1014
1015
1012
1005
1018
1019
1015
1015
1013
1015
1012
1010
1011
1015
1014
1017
1012
1008
1021
1021
1024
1021
1022
1021
1020
1027
1029
1023
1011
1015
1010
1011
1018
1016
1022
1014
1015
1014
1013
1020
1015
1019
1014
1022
1018
1016
1016
1012
1017
1007
1011
1009
1007
1005
1007
1006
1007
1016
1012
1015
1015
1014
1016
1011
1002
1012
1009
1015
1012
1019
1025
1019
1019
1011
1016
1015
1012
