945
950
940
941
940
938
945
949
942
938
936
939
939
944
943
934
940
941
940
948
947
946
950
950
947
942
948
950
947
949
947
953
948
950
945
953
956
955
962
961
946
945
949
942
951
947
958
954
956
949
961
957
959
950
954
963
955
955
954
951
960
957
959
948
957
957
951
953
956
954
948
950
954
959
960
965
955
958
964
959
961
959
969
976
974
974
978
976
975
978
979
977
970
969
977
981
981
971
975
980
976
978
980
969
979
975
976
983
980
981
974
975
969
971
964
976
975
962
975
977
969
971
964
970
956
964
972
971
969
975
967
963
965
965
971
973
967
964
962
976
975
967
974
974
976
971
970
969
967
961
968
967
968
969
973
966
968
966
972
965
977
970
965
963
967
964
962
963
965
964
977
968
954
960
967
959
970
968
969
963
960
960
966
960
957
960
960
965
971
969
963
967
968
975
963
968
963
953
967
973
969
967
972
970
968
976
970
967
974
961
974
974
976
967
973
969
970
969
972
972
963
972
971
976
980
971
974
983
970
971
970
976
968
973
976
966
974
978
972
982
969
972
972
971
972
976
971
971
981
972
972
979
974
966
968
977
983
969
959
958
974
973
958
963
961
973
973
977
973
968
970
959
965
963
968
971
969
972
967
970
966
973
976
971
973
961
969
968
967
975
979
975
980
978
979
975
980
982
986
975
975
970
977
973
969
987
979
989
976
981
971
977
983
982
975
983
981
978
981
977
972
984
978
982
976
979
984
979
989
993
984
991
995
993
987
994
992
989
986
976
985
986
985
994
992
995
994
986
992
987
985
994
988
998
992
986
989
982
983
981
988
985
989
986
986
992
998
999
988
985
989
994
988
993
989
986
992
986
991
995
988
989
987
990
989
993
989
991
980
988
990
991
988
986
983
990
993
985
989
993
989
993
989
984
991
990
991
995
995
1005
995
989
988
991
1000
983
1002
1001
1002
989
1003
1000
1003
1004
1008
999
999
1003
1007
1008
1004
1000
1006
1008
1008
1004
997
1010
1001
1007
1002
995
994
990
996
985
1001
995
997
999
1003
1007
1002
992
1001
1005
1011
1002
996
998
998
1003
997
1001
988
996
996
1000
998
1002
985
999
1002
1001
995
998
1003
1006
1000
1005
1004
1003
995
999
999
991
997
987
991
990
994
986
994
990
987
992
991
994
990
997
987
991
992
987
982
994
998
996
998
994
992
988
992
993
998
998
996
995
997
1000
992
994
999
997
1002
1003
990
998
1001
1000
1001
1007
1003
1000
997
1003
1003
998
993
1002
982
995
985
990
992
988
988
992
987
994
980
983
990
985
990
995
991
991
994
995
999
996
997
991
1000
986
997
995
994
990
994
997
988
989
991
989
990
988
985
994
990
995
1000
1000
991
985
996
990
995
998
998
995
996
993
990
996
988
995
982
982
997
997
995
1002
998
990
989
991
982
985
984
991
991
987
986
998
992
981
985
982
984
989
984
988
975
979
982
983
988
987
982
979
982
976
974
979
989
988
983
985
986
977
975
977
987
991
988
979
984
983
983
989
985
991
981
994
987
992
984
994
998
989
989
988
988
994
981
991
986
989
994
993
986
994
993
996
995
994
992
996
990
988
993
995
990
989
987
990
993
990
988
988
992
996
990
987
992
990
993
990
999
991
1001
996
995
997
1001
1000
999
988
993
993
986
992
988
980
986
990
999
996
997
990
995
993
994
1002
997
1000
1004
1009
1002
999
998
1003
1003
997
991
994
1003
997
1003
1001
1002
1006
1002
1009
1013
1004
1006
1002
998
1007
1010
1007
1008
1006
1006
1006
1005
1002
999
998
1002
1010
1009
1005
1009
1011
1015
1005
1000
1002
1010
999
1006
1008
1008
1001
1001
1007
1006
998
1007
997
999
1005
999
999
999
996
993
1006
1006
995
1002
1002
1006
1006
1005
1005
1008
1006
1006
1004
1012
1011
1006
1005
1004
1008
1000
999
998
1007
1003
1011
1012
1017
1013
1003
1005
1011
1004
1006
1007
1010
1007
1003
995
1004
998
991
999
1010
1004
1001
1006
1003
1001
996
1002
1001
1002
1001
1003
991
997
996
995
992
998
1007
1005
1004
992
988
993
993
998
991
1006
987
1000
1004
1004
992
1001
1011
999
992
1004
1006
1006
997
1002
1004
1008
993
1006
1003
992
1002
1002
1005
999
990
993
1000
993
1007
994
996
993
996
987
994
993
995
997
984
998
998
996
993
1003
987
999
990
994
990
986
983
987
995
996
998
1003
993
998
995
994
996
998
996
997
1002
1005
994
1001
1001
1000
998
997
992
996
998
989
996
994
993
1000
995
997
995
995
992
989
993
993
991
1001
1002
994
1004
990
999
999
989
999
991
998
995
999
995
999
996
992
996
995
997
1005
999
1006
1001
1000
993
1005
987
994
1004
993
995
998
990
989
989
1001
986
992
995
992
988
993
997
992
995
1001
990
996
1002
1000
1004
999
998
994
1005
1006
1001
994
1003
1000
995
998
1006
997
998
996
1004
999
1000
1000
1001
994
995
995
994
1007
1001
990
998
1001
992
996
990
996
999
1009
1006
1008
1005
1019
1017
1005
996
1007
997
1006
997
1000
1003
996
999
1003
1002
999
1002
1009
1008
1000
1015
1010
1011
1004
1005
1004
996
994
990
993
996
988
997
997
993
994
996
1006
999
1001
1001
1003
1006
1003
1003
1005
1004
1003
997
999
1000
1000
996
1005
1010
1005
999
1011
1009
998
995
993
996
994
1001
998
997
1007
994
994
997
1000
1001
1008
997
1003
1002
992
999
1008
1002
1006
1007
997
1003
1002
1005
998
1007
1017
1010
1015
1004
1009
1005
1004
1012
1011
1000
1006
1001
1005
1003
1004
1001
1008
1009
1007
1006
1015
1016
1015
1015
1024
1009
1017
1019
1023
1021
1014
1010
1004
1014
1006
1006
1012
1009
1012
1012
1011
1014
1009
1012
1013
1009
1009
1008
1011
1014
1016
1014
1013
1004
1015
1010
1010
1008
1016
1009
1011
1015
1010
1012
1013
1014
1009
1014
1012
1005
1014
1008
1012
1011
1003
1013
1007
1008
1001
1010
1006
1009
1011
1011
1016
1020
1013
1012
1014
1014
1008
1010
1023
1015
1021
1027
1010
1017
1014
1009
1018
1024
1013
1024
1009
1012
1008
1009
1016
1011
1013
1019
1016
1019
1018
1015
1013
1016
1017
1015
1015
1020
1025
1016
1017
1018
1015
1009
1014
1013
1007
1014
1016
1023
1019
1005
1009
1014
1014
1011
1016
1019
1022
1007
1004
1004
1014
1013
1011
1013
1015
1014
1017
1015
1014
1021
1010
1010
1017
1003
1011
1010
1013
1011
1018
1012
1014
1011
1012
1016
1012
1020
1020
1014
1012
1008
1002
1011
1014
1015
1016
998
1002
1016
1013
1007
1007
1002
1005
1005
1004
1001
1011
1003
1011
1007
1000
1008
1001
1010
1011
1011
1007
1005
1003
1012
1013
1017
1013
1011
1014
1020
1004
1008
1002
1002
1005
1012
1018
1006
1013
1005
1012
1009
1011
1009
1005
1009
1005
1007
1006
1013
1004
1013
1003
1007
998
1000
1005
1005
1008
1017
997
1000
1004
1007
1010
1012
1013
1005
1016
1017
1013
1013
1010
1015
1008
1008
1008
1005
1012
1008
1011
1012
1004
1000
1014
1015
1010
1012
1012
1015
1010
1009
1010
1006
1010
1013
1011
1019
1011
1010
1003
1017
1017
1018
1010
1025
1025
1016
1024
1014
1019
1014
1022
1022
1024
1023
1017
1014
1015
1020
1010
1014
1015
1017
1018
1012
1015
1013
1005
1004
1007
1007
1009
1008
1006
1007
1002
994
1002
1006
1008
1000
1006
1007
1009
1016
1004
1008
1011
1012
1013
1008
1007
1005
1003
1008
1004
1000
1004
1008
1008
1002
1004
1010
1005
998
996
1002
996
993
1000
1001
1004
1001
1007
1001
1006
1002
990
1002
1006
995
992
1001
996
992
992
995
1005
995
999
998
1000
1000
1008
997
1001
1001
1002
1000
995
1000
1007
1008
1005
1000
1008
1014
1020
1015
1013
1012
1015
1021
1022
1018
1008
1020
1019
1022
1019
1022
1014
1015
1017
1011
1016
1019
1017
1010
1016
1015
1016
1010
1019
1021
1011
1010
1008
1008
1001
1009
1007
1008
1019
1008
1011
1010
1003
1011
1022
1011
1003
1018
1016
1018
1020
1009
1016
1007
1008
1005
1011
1013
1006
1012
1019
1006
1011
1012
1013
1007
1012
1015
1014
1020
1013
1013
1017
1016
1015
1017
1019
1020
1011
1010
1007
1016
1014
1017
1017
1012
1017
1014
1012
1011
1010
1002
1007
1004
1015
1010
1015
1005
1013
1022
1015
1014
1017
1001
1009
1010
1011
1010
1006
1006
1008
1007
1013
1011
1011
1018
1014
1019
1021
1014
1016
1020
1012
1021
1013
1019
1018
1016
1019
1013
1018
1018
1019
1021
1011
1015
1009
999
1003
1011
1018
1011
1015
1017
1019
1022
1016
1016
1027
1024
1015
1018
1023
1024
1020
1009
1015
1018
1021
1016
1015
1012
1017
1014
1021
1009
1015
1017
1018
1019
1019
1023
1021
1018
1009
1018
1013
1016
1016
1014
1018
1013
1019
1012
1020
1025
1024
1015
1025
1023
1020
1023
1031
1021
1024
1016
1023
1023
1025
1020
1016
1025
1016
1016
1022
1009
1008
1010
1014
1010
1010
1010
1006
1011
1013
1002
1001
1006
1009
1003
1001
1002
1004
1007
991
1001
996
1001
999
1002
1000
996
1002
1000
993
994
997
988
999
993
1001
1005
997
997
993
997
991
998
1003
1001
1003
997
998
1002
1006
1003
1001
995
1000
1001
1007
1003
1002
998
1009
1008
1003
998
1000
997
999
998
1008
1003
1004
1001
991
1002
998
999
998
1004
1005
1006
1002
1005
1002
1012
1008
1010
1008
1008
1005
1002
1021
1011
1003
1008
1013
1006
1009
1014
1009
1005
1014
998
1010
1007
999
1011
1013
1017
1014
1015
1015
1019
1008
1017
1017
1012
1015
1008
1012
1014
1006
1017
1008
1009
1012
1009
1010
1001
1004
1007
999
1019
1009
1018
1017
1006
1007
1006
1008
1016
1011
1010
1007
1010
1005
1005
1001
1002
1012
1008
1011
1015
1006
1006
1010
1011
1008
1011
1010
1013
1016
1011
1008
999
1009
1004
1005
1016
1011
1014
1016
1014
1010
1012
1017
1015
1020
1011
1013
1011
1016
1017
1018
1007
1015
1016
1012
1011
1014
999
1007
1016
1005
1014
1015
1005
1002
1011
1009
1010
1004
1003
1006
1004
1005
1004
1008
1010
1014
1007
1006
1011
1013
1013
1016
1014
1008
1015
1012
1015
1008
1014
1011
1019
1012
1007
1016
1014
1010
1012
1012
1017
1016
1014
1005
1008
1014
1014
1019
1018
1015
1012
1014
1017
1020
1019
1014
1006
1013
1018
1013
1018
1021
1011
1010
1008
1006
1012
1010
1017
1014
1024
1017
1019
1025
1020
1026
1018
1028
1018
1017
1025
1023
1031
1022
1018
1014
1007
1016
1014
1010
1016
1011
1011
1014
1010
1019
1022
1016
1022
1021
1022
1019
1030
1018
1021
1019
1016
1020
1022
1023
1025
1024
1022
1014
1026
1026
1027
1018
1029
1021
1030
1018
1021
1006
1009
1013
1010
1012
1018
1015
1016
1021
1015
1008
1010
1009
999
1004
1012
1001
1006
1011
999
993
1004
1000
1008
1017
1017
1014
1015
1009
1018
1018
1015
1006
1013
1001
1010
1008
1010
1017
1003
1013
1019
1007
1006
1008
1004
1006
1008
1008
1015
1010
1008
1002
1017
1009
1009
1014
1013
1015
1009
1011
1006
1004
993
997
999
995
994
998
1003
1002
1002
1009
1013
1008
1007
1007
1001
1000
997
994
1007
1001
992
998
992
997
989
989
1002
986
990
1000
995
995
996
1005
1004
998
1002
999
1000
1001
1006
1000
1008
998
1003
1011
1008
1009
1004
1003
1003
1002
1012
1005
1000
1007
1007
1008
1010
1005
999
1009
1006
1005
1000
1004
1012
1008
1009
1007
1006
1010
1000
1003
1006
1008
1008
1010
1013
1013
1004
1010
1007
1006
1019
1015
1012
1019
1017
1011
1014
1014
1016
1013
1019
1014
1017
1007
1016
1016
1016
1019
1017
1020
1016
1021
1017
1020
1010
1008
1009
1010
1008
1010
1014
1016
1021
1013
1012
1024
1019
1017
1017
1021
1013
1013
1007
1010
1019
1016
1013
1009
1009
1012
1015
1016
1012
1008
1009
1015
1013
1011
1016
1021
1020
1020
1025
1021
1015
1016
1023
1019
1017
1017
1016
1023
1012
1012
1024
1018
1012
1009
1017
1013
1007
1015
1017
1006
1012
1009
1016
1018
1017
1012
1004
1013
1007
1008
1017
1020
1017
1019
1014
1020
1017
1016
1017
1018
1017
1017
1010
1004
1002
1013
1006
1011
1011
1007
1008
1005
1002
1012
1006
1007
1009
1006
1011
1009
1013
1002
1013
1010
1016
1019
1021
1010
1017
1012
1021
1014
1015
1012
1014
1013
1007
1013
1015
1018
1012
1013
1011
1014
1012
1020
1017
1016
1020
1015
1018
1021
1015
1009
1001
1021
1013
1015
1009
1015
1014
1013
1012
1006
1010
999
1001
1006
1000
1009
1004
1001
1003
1005
1004
1012
1006
1010
1011
1004
1010
1011
1010
1008
1004
1009
1010
1008
1003
1007
1004
1006
1009
1012
1010
1006
1019
1013
1004
1005
1000
1009
1006
1002
999
999
1008
1003
1001
998
998
1006
1000
1003
1013
1001
1005
1004
1001
996
1005
1002
1009
1008
1010
1009
1008
1011
1016
1010
1004
1010
1009
1013
1013
1008
1013
1006
1008
1012
1012
1015
1014
1026
1024
1013
1015
1005
1006
1012
1008
1012
1006
1013
1014
1010
1010
1013
1013
1008
1006
1012
1011
1017
1018
1018
1016
1010
1014
1019
1017
1009
1010
1021
1017
1018
1013
1009
1014
1016
1010
1018
1010
1011
1016
1012
1021
1018
1012
1005
1019
1018
1018
1017
1013
1017
1016
1016
1016
1015
1007
1013
1011
1006
1012
1017
1017
1006
1018
1014
1012
1008
1009
1007
1011
1004
1011
1010
1006
1010
1007
1008
1012
1013
1013
1009
1015
1012
1010
1010
1015
1018
1022
1019
1007
1013
1017
1016
1005
1003
1007
1009
1003
1001
1007
1010
1004
1006
997
1004
1002
1000
1012
999
1015
1006
1012
1008
1003
999
1005
1007
1011
1003
1015
1011
1011
1006
1019
1012
1010
1006
1005
1010
1009
1007
1006
1008
1003
1020
1015
1013
1012
1015
1021
1022
1018
1008
1020
1019
1022
1019
1022
1014
1015
1017
1011
1016
1019
1017
1010
1016
1015
1016
1010
1019
1021
1011
1010
1008
1008
1001
1009
1007
1008
1019
1008
1011
1010
1003
1011
1022
1011
1003
1018
1016
1018
1020
1009
1016
1007
1008
1005
1011
1013
1006
1012
1019
1006
1011
1012
1013
1007
1012
1015
1014
1020
1013
1013
1017
1016
1015
1017
1019
1020
1011
1010
1007
1016
1014
1017
1017
1012
1017
1014
1012
1011
1010
1002
1007
1004
1015
1010
1015
1005
1013
1022
1015
1014
1017
1001
1009
1010
1011
1010
1006
1006
1008
1007
1013
1011
1011
1018
1014
1019
1021
1014
1016
1020
1012
1021
1013
1019
1018
1016
1019
1013
1018
1018
1019
1021
1011
1015
1009
999
1003
1011
1018
1011
1015
1017
1019
1022
1016
1016
1027
1024
1015
1018
1023
1024
1020
1009
1015
1018
1021
1016
1015
1012
1017
1014
1021
1009
1015
1017
1018
1019
1019
1023
1021
1018
1009
1018
1013
1016
1016
1014
1018
1013
1019
1012
1020
1025
1024
1015
1025
1023
1020
1023
1031
1021
1024
1016
1023
1023
1025
1020
1016
1025
1016
1016
1022
1009
1008
1010
1014
1010
1010
1010
1006
1011
1013
1002
1001
1006
1009
1003
1001
1002
1004
1007
991
1001
996
1001
999
1002
1000
996
1002
1000
993
994
997
988
999
993
1001
1005
997
997
993
997
991
998
1003
1001
1003
997
998
1002
1006
1003
1001
995
1000
1001
1007
1003
1002
998
1009
1008
1003
998
1000
997
999
998
1008
1003
1004
1001
991
1002
998
999
998
1004
1005
1006
1002
1005
1002
1012
1008
1010
1008
1008
1005
1002
1021
1011
1003
1008
1013
1006
1009
1014
1009
1005
1014
998
1010
1007
999
1011
1013
1017
1014
1015
1015
1019
1008
1017
1017
1012
1015
1008
1012
1014
1006
1017
1008
1009
1012
1009
1010
1001
1004
1007
999
1019
1009
1018
1017
1006
1007
1006
1008
1016
1011
1010
1007
1010
1005
1005
1001
1002
1012
1008
1011
1015
1006
1006
1010
1011
1008
1011
1010
1013
1016
1011
1008
999
1009
1004
1005
1016
1011
1014
1016
1014
1010
1012
1017
1015
1020
1011
1013
1011
1016
1017
1018
1007
1015
1016
1012
1011
1014
999
1007
1016
1005
1014
1015
1005
1002
1011
1009
1010
1004
1003
1006
1004
1005
1004
1008
1010
1014
1007
1006
1011
1013
1013
1016
1014
1008
1015
1012
1015
1008
1014
1011
1019
1012
1007
1016
1014
1010
1012
1012
1017
1016
1014
1005
1008
1014
1014
1019
1018
1015
1012
1014
1017
1020
1019
1014
1006
1013
1018
1013
1018
1021
1011
1010
1008
1006
1012
1010
1017
1014
1024
1017
1019
1025
1020
1026
1018
1028
1018
1017
1025
1023
1031
1022
1018
1014
1007
1016
1014
1010
1016
1011
1011
1014
1010
1019
1022
1016
1022
1021
1022
1019
1030
1018
1021
1019
1016
1020
1022
1023
1025
1024
1022
1014
1026
1026
1027
1018
1029
1021
1030
1018
1021
1006
1009
1013
1010
1012
1018
1015
1016
1021
1015
1008
1010
1009
999
1004
1012
1001
1006
1011
999
993
1004
1000
1008
1017
1017
1014
1015
1009
1018
1018
1015
1006
1013
1001
1010
1008
1010
1017
1003
1013
1019
1007
1006
1008
1004
1006
1008
1008
1015
1010
1008
1002
1017
1009
1009
1014
1013
1015
1009
1011
1006
1004
993
997
999
995
994
998
1003
1002
1002
1009
1013
1008
1007
1007
1001
1000
997
994
1007
1001
992
998
992
997
989
989
1002
986
990
1000
995
995
996
1005
1004
998
1002
999
1000
1001
1006
1000
1008
998
1003
1011
1008
1009
1004
1003
1003
1002
1012
1005
1000
1007
1007
1008
1010
1005
999
1009
1006
1005
1000
1004
1012
1008
1009
1007
1006
1010
1000
1003
1006
1008
1008
1010
1013
1013
1004
1010
1007
1006
1019
1015
1012
1019
1017
1011
1014
1014
1016
1013
1019
1014
1017
1007
1016
1016
1016
1019
1017
1020
1016
1021
1017
1020
1010
1008
1009
1010
1008
1010
1014
1016
1021
1013
1012
1024
1019
1017
1017
1021
1013
1013
1007
1010
1019
1016
1013
1009
1009
1012
1015
1016
1012
1008
1009
1015
1013
1011
1016
1021
1020
1020
1025
1021
1015
1016
1023
1019
1017
1017
1016
1023
1012
1012
1024
1018
1012
1009
1017
1013
1007
1015
1017
1006
1012
1009
1016
1018
1017
1012
1004
1013
1007
1008
1017
1020
1017
1019
1014
1020
1017
1016
1017
1018
1017
1017
1010
1004
1002
1013
1006
1011
1011
1007
1008
1005
1002
1012
1006
1007
1009
1006
1011
1009
1013
1002
1013
1010
1016
1019
1021
1010
1017
1012
1021
1014
1015
1012
1014
1013
1007
1013
1015
1018
1012
1013
1011
1014
1012
1020
1017
1016
1020
1015
1018
1021
1015
1009
1001
1021
1013
1015
1009
1015
1014
1013
1012
1006
1010
999
1001
1006
1000
1009
1004
1001
1003
1005
1004
1012
1006
1010
1011
1004
1010
1011
1010
1008
1004
1009
1010
1008
1003
1007
1004
1006
1009
1012
1010
1006
1019
1013
1004
1005
1000
1009
1006
1002
999
999
1008
1003
1001
998
998
1006
1000
1003
1013
1001
1005
1004
1001
996
1005
1002
1009
1008
1010
1009
1008
1011
1016
1010
1004
1010
1009
1013
1013
1008
1013
1006
1008
1012
1012
1015
1014
1026
1024
1013
1015
1005
1006
1012
1008
1012
1006
1013
1014
1010
1010
1013
1013
1008
1006
1012
1011
1017
1018
1018
1016
1010
1014
1019
1017
1009
1010
1021
1017
1018
1013
1009
1014
1016
1010
1018
1010
1011
1016
1012
1021
1018
1012
1005
1019
1018
1018
1017
1013
1017
1016
1016
1016
1015
1007
1013
1011
1006
1012
1017
1017
1006
1018
1014
1012
1008
1009
1007
1011
1004
1011
1010
1006
1010
1007
1008
1012
1013
1013
1009
1015
1012
1010
1010
1015
1018
1022
1019
1007
1013
1017
1016
1005
1003
1007
1009
1003
1001
1007
1010
1004
1006
997
1004
1002
1011
1019
1021
1012
1007
1013
1012
1016
1013
1011
1009
1015
1015
1001
1013
1012
1013
1015
1014
1006
1011
1009
1008
1005
1003
1008
1001
1011
1013
1010
1012
1014
1016
1012
1005
1011
1018
1017
1007
1018
1011
1009
1011
1003
1012
1000
1010
1015
1005
1008
1004
1001
1008
1001
1013
1008
1006
1009
1008
1011
1007
1003
1009
1009
1011
1007
1008
1017
1010
1011
1019
1019
1018
1014
1011
1010
1010
1009
1011
1018
1017
1015
1014
1013
1014
1012
1008
1010
1007
1005
1014
1006
1003
1004
1008
1007
1019
1021
1016
1016
1013
1016
1017
1009
1012
1018
1019
1016
1013
1010
1011
1012
1015
1019
1020
1012
1016
1014
1015
1015
1013
1004
1010
1008
1012
1009
1019
1013
1008
1011
1006
1007
1012
1011
1013
1007
1012
1008
1011
1009
1009
1017
1020
1010
1019
1009
1008
1009
1012
1016
1008
1013
1013
1003
1012
1005
1005
1014
1021
1018
1001
1012
1015
1008
1014
1013
1012
1012
1006
1011
1017
1008
1017
1023
1015
1020
1014
1011
1010
1008
1007
1007
1017
1013
1013
1001
1002
1011
1007
1012
1000
992
1013
1009
996
1007
1009
1001
1010
1010
1017
1006
1009
1002
1007
1013
1004
1005
1008
1008
1001
1006
1001
1010
1009
1009
1006
1006
997
1006
1008
1003
1004
1005
1005
1006
1000
1005
993
1001
992
1002
999
997
995
1003
1006
1000
998
1000
1006
1012
1010
1006
1008
1003
1006
1007
1010
1005
1014
1014
1014
1006
1015
1016
1018
1019
1012
1015
1013
1023
1007
1015
1008
1018
1015
1019
1017
1014
1006
1010
1011
1016
1013
1018
1016
1011
1015
1019
1019
1010
1016
1018
1006
1009
1015
1006
1011
1017
1014
1019
1017
1018
1020
1018
1008
1017
1015
1015
1008
1010
1007
1010
1006
1005
1005
1008
1007
1013
1009
1013
1014
1006
1014
1006
1005
1009
1007
1004
1010
1009
1007
1004
1006
1013
1004
1007
1011
1005
1004
1007
1009
1009
1008
1003
1003
1008
1001
1007
1003
1004
1008
1004
1002
1008
1013
1010
1001
1004
1006
1002
1004
1000
1008
1004
1010
1001
1011
1000
1001
1006
1011
1002
1000
1012
1004
1012
1008
1005
1005
1009
1003
999
1007
1011
1012
1012
1018
1008
1001
1007
1008
1002
1008
1011
1005
1011
1008
1009
1004
1011
1003
1007
1006
1005
1008
1019
1012
1002
1007
1011
1008
1000
1015
1018
1007
1015
1017
1012
1007
1013
1019
1003
1008
1013
1009
1012
1011
1016
1015
1017
1012
1006
1010
1008
1018
1018
1015
1010
1008
1012
1007
1004
1007
1011
1008
1005
998
1012
1014
1012
1015
1006
1012
1004
1014
1007
998
1007
1011
1010
1012
1009
1011
1010
1003
1008
1010
1009
1016
1016
1011
1013
1012
1008
1009
1013
1010
1013
1012
1012
1015
1006
1015
1017
1013
1008
1026
1015
1020
1022
1020
1014
1019
1019
1018
1011
1025
1016
1014
1016
1024
1006
1022
1025
