952
944
950
940
948
950
941
947
948
942
946
941
950
952
947
950
952
948
953
945
953
950
954
955
946
950
959
955
956
952
954
956
958
949
954
949
945
953
950
948
939
948
948
953
946
947
953
953
951
946
949
949
942
949
952
953
943
949
951
957
952
949
959
954
953
959
961
955
955
962
951
964
966
968
963
962
963
970
964
972
966
961
968
965
961
950
967
966
964
961
960
952
965
963
966
964
962
964
956
959
965
956
965
958
960
961
976
960
962
967
966
966
963
965
963
958
961
959
953
951
960
960
966
954
967
963
960
959
961
967
962
969
970
965
960
965
961
965
959
957
966
963
962
959
963
972
966
956
957
970
964
969
976
966
972
970
966
970
971
970
968
972
972
966
967
962
971
970
971
955
959
971
962
970
966
969
969
978
975
974
971
979
963
975
978
968
973
976
959
964
964
973
968
971
962
966
965
961
963
963
966
970
969
969
975
974
979
967
975
973
962
965
960
963
961
962
969
965
966
963
971
964
965
966
970
971
964
972
966
966
970
965
964
964
964
966
965
958
962
954
966
967
972
966
975
972
967
965
960
958
964
963
961
956
960
964
965
970
969
965
960
963
967
971
967
968
968
972
972
970
966
963
965
971
968
966
971
965
963
966
966
954
961
959
976
971
968
958
958
958
967
971
968
972
967
964
974
967
970
970
969
969
975
963
971
973
974
975
986
981
977
976
978
982
979
978
983
976
983
983
971
969
973
973
970
975
977
972
969
962
967
971
963
962
966
967
960
971
964
966
973
972
972
982
980
981
984
971
968
984
977
983
983
979
975
974
974
981
976
977
976
976
965
973
975
977
974
977
977
969
970
972
963
968
967
963
964
959
966
971
968
974
969
974
979
970
964
974
964
960
967
958
963
960
966
961
966
957
965
967
965
967
974
971
964
966
964
966
967
966
967
967
963
972
971
965
975
966
963
970
978
972
971
968
967
973
985
969
972
975
974
973
977
977
978
976
971
958
978
966
973
978
976
970
977
978
977
976
976
967
975
974
970
965
975
965
972
968
977
973
968
963
965
965
969
967
968
966
963
965
964
972
965
967
965
970
958
950
961
965
959
963
964
974
960
965
968
963
968
967
970
963
964
970
973
978
966
967
960
971
976
974
967
968
970
977
978
982
978
976
981
976
977
977
976
964
973
970
968
973
970
971
968
977
968
972
963
973
975
974
981
972
975
974
972
976
972
969
972
975
974
980
979
973
975
968
973
972
973
969
968
972
970
971
972
978
971
970
974
973
965
975
976
968
964
963
968
971
974
972
976
967
971
973
971
964
966
967
979
972
969
967
974
960
963
962
964
964
964
970
963
964
956
965
966
969
971
967
969
965
967
964
966
966
971
974
971
966
972
966
975
972
974
972
968
974
977
971
975
973
975
966
980
969
973
980
967
974
978
972
975
973
977
984
974
979
976
982
977
982
972
969
972
969
976
980
981
981
983
976
978
985
988
976
980
988
978
987
979
979
975
973
986
984
982
982
977
985
986
983
980
986
981
982
978
988
981
982
980
977
980
976
976
981
975
979
978
982
979
982
985
987
978
979
983
980
978
983
982
984
978
983
975
980
980
977
979
983
986
987
978
981
981
986
985
985
986
982
981
982
987
986
988
987
998
993
992
989
989
982
993
994
993
995
990
1002
994
992
992
989
983
999
992
990
996
995
996
999
999
996
996
993
992
990
993
995
984
987
986
988
994
987
987
986
993
991
990
985
986
992
999
991
988
991
993
991
997
992
987
988
989
988
1000
986
988
992
990
996
993
997
985
989
992
991
985
984
992
993
1000
1002
1000
996
991
1001
993
999
995
995
1001
998
994
1005
999
1001
1006
997
992
1000
1000
1006
1002
1003
1004
995
997
996
990
1001
1002
997
1000
992
994
996
992
997
999
999
997
990
991
995
988
1001
995
996
994
1003
993
990
996
992
997
1000
995
999
1001
997
1005
1000
1007
1011
1002
997
1000
997
994
995
1002
996
990
993
995
990
993
990
995
988
991
989
994
994
995
985
990
992
980
987
989
982
976
995
984
991
985
991
996
983
990
991
989
985
988
985
985
984
985
978
988
991
992
996
997
993
984
985
990
986
987
989
998
991
994
998
992
992
987
979
981
985
987
990
987
991
976
989
988
991
982
986
979
980
970
980
987
980
983
978
978
985
980
982
988
989
989
986
979
982
980
982
989
998
989
989
988
985
981
984
987
982
988
984
977
983
985
987
983
982
982
982
984
976
989
981
975
979
977
976
977
976
977
981
987
977
981
977
977
979
976
981
982
992
984
981
979
974
981
986
981
988
987
984
982
983
977
982
982
975
985
969
974
991
984
972
981
987
978
981
974
985
983
975
972
962
975
972
976
976
974
971
963
969
962
971
973
968
974
967
977
977
968
974
981
983
977
970
977
975
982
977
972
977
979
970
979
976
975
973
981
976
978
977
977
980
975
973
971
979
970
977
974
977
977
981
966
974
983
978
978
973
972
977
981
984
978
981
983
978
989
985
990
984
987
986
995
993
999
998
993
995
999
992
999
1004
1003
993
1004
1006
999
997
995
1001
989
990
992
995
991
1007
1001
996
1001
993
993
1011
1005
1003
999
992
990
995
988
990
991
984
988
986
986
986
998
995
997
1001
996
992
993
996
998
989
981
998
986
995
985
989
987
981
985
987
991
992
988
994
994
985
991
996
986
972
988
992
993
992
986
986
982
991
994
988
995
981
982
992
986
979
984
986
983
980
989
990
991
994
992
990
996
984
980
985
978
991
994
984
991
993
984
988
992
998
998
996
1005
992
994
987
998
999
991
988
1003
997
998
993
988
987
990
986
992
999
995
993
999
1003
1009
1008
1000
1004
997
1004
1003
996
988
995
996
999
998
1004
1001
1006
999
996
997
994
1000
1002
1001
1005
1004
1012
1012
1007
1002
1001
1006
1006
1007
1006
1008
1009
1000
1006
1005
1005
1002
1002
998
1002
995
997
1003
1002
993
995
1001
1000
1005
996
998
1003
1008
1002
1003
1006
995
1000
1001
1004
995
998
1001
999
1000
993
994
1001
999
1000
991
993
1003
1001
995
997
999
998
1007
999
1003
994
993
1005
1003
1002
1004
1006
998
995
1000
994
997
992
993
995
989
995
986
993
1002
997
993
996
993
997
990
989
996
997
993
998
998
996
1003
998
994
994
1002
997
995
996
1002
996
993
998
1000
997
999
996
996
991
996
988
989
1001
995
993
996
996
995
1003
997
1000
990
993
992
991
1000
990
994
989
1001
1001
1000
1002
1001
991
1000
993
992
1002
1005
1001
1003
994
997
996
997
1001
1009
1002
1005
1007
1003
999
997
1004
996
999
995
1000
1002
996
993
990
988
992
997
990
1001
998
1002
1002
994
989
994
998
990
995
996
1001
1008
1008
999
998
1000
990
998
994
995
989
998
996
1002
996
1011
1004
999
999
996
992
992
994
999
1004
997
1010
1009
1004
1007
1001
1001
992
1005
999
998
1002
993
994
990
997
995
995
999
983
1000
997
986
991
994
994
996
992
1000
989
1000
997
1002
998
995
1005
1000
1002
1001
997
999
1002
1008
1013
1001
1003
988
994
992
993
995
1005
1002
1001
1003
998
998
999
1002
996
1009
1002
1012
1002
1004
1005
1001
1003
995
994
995
993
996
986
990
987
996
990
991
997
996
997
993
992
1001
988
1000
1002
997
1007
1003
1004
1000
1005
1001
999
1002
1000
996
998
999
1000
999
993
995
1008
1005
1003
1002
1005
1007
1016
1011
1006
1009
1011
1006
1003
1004
1010
1005
999
995
993
1002
1005
1003
1007
1008
1013
1004
1000
1011
1002
1005
1000
1002
1000
1003
1007
1001
1002
999
998
991
1000
999
995
997
1001
1001
993
1004
998
1006
1001
997
993
993
995
997
989
995
998
997
1000
1004
998
1000
991
987
990
994
995
992
995
995
1007
1002
989
998
998
1000
998
1000
1005
1005
1007
1005
1002
1002
1004
998
1002
1004
997
1005
1003
996
995
995
1000
995
1004
985
992
995
995
1000
997
996
995
994
1004
992
992
1005
997
1000
994
993
996
994
996
997
991
995
998
1001
1002
994
1001
999
1005
1007
1003
1013
995
1000
1007
1006
1006
1004
1003
1002
1003
1002
1010
1012
1010
1011
1015
1001
1004
1009
1004
1007
1010
1005
1010
1008
1010
1008
1008
1017
998
1006
1013
1010
1017
1006
1007
1008
1005
1003
993
1003
1004
1005
1007
998
995
998
995
989
995
993
994
990
999
992
1001
997
999
1003
1003
1005
1008
1001
1008
998
1000
991
993
1002
994
1002
998
1006
1000
1002
1004
1002
999
1010
1012
1010
1001
1004
1002
1002
996
1011
1003
998
1006
1006
1009
1006
1011
1015
1008
1005
1008
1007
1009
1009
1003
997
1004
997
998
999
1003
1015
1001
999
1008
1002
995
1001
995
998
1008
1004
994
1003
997
1004
1002
983
997
1004
994
1000
1003
999
1002
991
994
997
1004
991
995
986
994
999
1000
998
991
1000
1002
1004
1010
1000
1005
997
999
999
1008
1003
1004
998
997
995
993
999
999
1002
1000
1009
1008
1003
1004
1008
1004
997
996
1006
1003
1003
1001
998
1003
1001
1000
999
999
997
996
1003
1002
1007
1009
998
999
1006
1006
1005
998
996
999
1004
1003
1003
1001
1012
1009
1002
1003
1009
1010
1009
1011
1008
1014
1014
1015
1014
1017
1011
1009
1007
1010
1018
1018
1012
1009
1006
1006
1004
1015
1011
1008
1005
1007
998
1010
1002
1005
1005
1008
1010
1018
1006
1010
1011
1013
1013
1022
1019
1015
1008
1021
1011
1015
1017
1012
1016
1020
1007
1010
1008
1008
1005
1006
1011
1018
1015
1013
1013
1014
1011
1009
1007
1011
1011
1003
1014
1017
1007
1015
1017
1018
1015
1014
1011
1009
1017
1014
1009
1006
1002
1006
1009
1002
999
1004
1005
1007
1010
1017
1004
1009
1005
1011
1006
1010
1004
1011
1014
1013
1005
1004
1003
997
1000
1000
996
999
1009
1004
1005
999
1004
1002
1007
998
1004
1007
1009
999
1007
998
993
1003
991
1003
1001
1006
1002
1000
1006
997
1000
1004
1002
1010
1004
1005
1006
1006
998
997
998
1005
1008
994
997
999
995
992
997
1000
997
996
1000
997
1002
996
994
1002
1003
1002
1006
1004
1001
1005
1001
996
998
1010
1000
1003
1009
1003
1005
1009
1005
1008
1014
1014
1001
1008
1012
1008
1004
1007
999
997
996
996
993
999
997
996
997
1000
1002
1010
1012
1013
1013
1021
1026
1016
1014
1018
1008
999
1009
1012
1011
1006
1009
1006
1002
1003
1007
1009
1004
998
1006
1008
1008
1000
1014
1004
1001
1011
1003
1007
993
1000
1003
998
997
1006
996
996
999
1000
1004
999
1003
1003
1012
1006
1004
1008
1007
1005
1003
1009
1003
1014
1009
1004
1007
1005
1003
1001
1002
1000
1006
994
994
1000
998
995
995
1001
999
994
993
1002
999
997
989
997
993
996
994
1001
993
996
993
995
999
1004
1003
992
1001
994
988
993
997
1006
1001
1009
1005
994
1010
1008
1006
1013
1004
999
997
1010
999
1016
1011
1015
1009
1006
1023
1023
1020
1017
1019
1015
1015
1017
1009
1006
1015
1013
1015
1012
1013
1011
1013
1007
1009
1009
1014
1002
1004
1010
1007
1005
1005
1009
1019
1022
1014
1011
1017
1014
1020
1011
1006
1008
1012
1017
1019
1010
1005
1017
1007
1013
1011
1016
1010
1012
1015
1014
1023
1014
1013
1015
1010
1002
1002
1002
1009
1008
1006
1010
1012
1013
1017
1018
1007
1014
1021
1014
1005
1015
1029
1024
1021
1019
1010
1015
1008
1008
1014
1014
1017
1005
1012
1010
1010
1009
1009
1017
1016
1013
1001
1009
1014
1008
1006
1005
1004
1008
1009
1008
1016
1012
1005
1012
1010
1010
1011
1003
1010
1003
1009
1007
1002
1004
1010
1016
1020
1016
1009
1006
1010
1014
1013
1014
1012
1015
1011
1015
1017
1020
1009
1010
1009
1012
1009
1005
1007
1007
996
1011
1002
1002
1006
1009
1013
1012
1007
1010
1010
1010
1011
1013
1003
1008
1004
1010
1016
1012
1018
1016
1013
1012
1020
1011
1012
1015
1018
1004
1009
1009
1005
1007
1005
993
1002
1006
1009
998
1009
1005
1002
1001
1009
1001
1008
1002
996
1005
996
1002
996
1000
1000
993
1003
1009
1013
1015
1009
1010
1013
1017
1019
1017
1010
1008
1010
999
1006
1003
1012
1003
1009
1008
1008
1009
1003
1007
1006
1001
1002
1006
1002
1002
997
1012
1007
999
1000
1002
1001
1013
1010
1011
1006
1006
997
1001
1009
999
1009
1011
1011
1012
1004
1006
1015
1005
1012
995
1014
1007
1012
1021
1016
1009
1010
1016
1012
1012
1006
1010
1022
1015
1019
1016
1016
1019
1014
1012
1014
1008
1005
1006
1020
1010
1008
1013
1014
1006
1006
1002
1002
1008
1010
1005
1010
1002
1008
1003
1004
1001
999
991
1003
996
1000
999
1005
999
997
1012
1003
1008
997
1009
1007
998
1008
997
999
1003
999
1006
994
1000
1003
1000
997
995
999
1000
997
997
1002
1000
1001
1004
1001
999
1000
998
999
1003
1001
1003
1003
1011
1007
999
999
996
995
992
1001
1006
1007
1005
1004
989
998
1004
994
1001
994
1000
1003
1000
998
1005
1006
1003
1000
1001
1001
992
985
998
998
1005
1004
1003
997
1006
998
1003
1004
1004
1001
1003
1010
1002
1007
1005
996
1002
1003
1011
1009
1001
1008
1005
1004
1005
1010
1010
1009
1006
1007
1003
1010
1006
1010
1001
1006
1007
1008
1007
1000
1004
1012
1012
1001
1010
1000
1003
1005
998
1011
1002
1003
1010
1013
1004
1011
1013
1011
1011
999
1010
1002
1005
1002
1004
1014
1010
1004
1010
1012
1009
1000
1010
1007
1014
1004
1014
1011
1009
1007
1013
1018
1012
1013
1020
1019
1014
1016
1012
1010
1020
1007
1005
1015
1004
1014
1016
1007
1008
1014
1009
1009
1007
1011
999
1012
1009
1005
1016
1015
1014
1007
995
999
999
1003
1007
1002
1001
995
1009
1012
1010
1010
1008
1007
1015
1011
1019
1015
1015
1004
1011
995
1003
1003
1001
1007
1016
1011
1005
1006
1003
1012
1006
1010
1019
1009
1007
1014
1006
1011
1013
1011
1014
1004
1022
1008
1014
1015
1008
1016
1016
1014
1018
1013
1026
1010
1011
1020
1004
1013
1007
1012
1014
1013
1012
1002
1010
1016
1010
1008
1002
1004
1006
1009
1008
1008
1016
1012
1009
1013
1007
1018
1006
1014
1014
1010
1009
1011
1017
1014
1021
1012
1007
1011
1013
1010
1006
1018
1012
1004
1008
1017
1019
1017
1015
1020
1009
1013
1017
1017
1016
1011
1008
1016
1006
1012
1007
1007
1004
1006
1002
1001
999
1002
1005
1005
1003
1010
997
994
1005
1005
1009
1007
1010
1004
999
999
997
1007
997
1008
1015
1013
1010
1010
1004
1005
1011
1010
1012
1016
1008
1012
1006
1005
1005
1007
1004
997
1011
1010
1013
1016
1014
1008
1009
1007
1003
1002
1006
1004
1008
1016
1006
1009
999
998
1006
1012
1006
1008
1012
1002
1006
1006
1001
997
1006
999
1011
998
999
1007
1009
1014
1012
1010
1004
1007
1007
1008
1004
1003
1009
1001
1004
1000
1008
1004
1002
1003
1001
1002
1006
1001
999
1012
1005
1009
1013
999
1011
1001
1002
1007
1004
1001
1002
998
1004
1000
1004
996
1000
994
1006
1002
1002
996
1000
999
1001
997
998
995
1000
1005
999
1006
1009
1010
1000
1001
1002
1013
1005
999
1005
1011
1002
1006
999
1007
1013
1013
1002
1006
1014
1010
1013
1011
1013
1006
1016
1011
1019
1007
1006
1019
1008
1016
1005
1005
1015
1011
1009
1014
1006
1015
1022
1012
1012
1010
1010
1010
1008
1000
1012
1017
1008
1016
1006
1012
1003
993
1002
1001
1008
1002
1009
1003
999
1006
1005
1006
1001
1004
1001
1003
1003
1014
1004
1012
1001
1002
1004
1004
994
1000
1000
1003
996
1002
1013
1002
996
997
997
999
1007
997
1005
999
1002
1007
1006
1009
1007
1014
1014
1015
1005
1003
998
997
1009
1007
1010
1006
1001
997
1006
1004
996
998
1007
1005
997
1004
1005
1001
1008
998
1004
1003
1002
1002
1003
997
1002
1004
1013
1007
1008
1008
1002
1008
1001
1006
1009
1010
1007
1002
1005
1007
1008
1003
1006
1008
1002
999
998
998
1004
1011
1014
998
1001
1012
1011
1007
1008
1002
1016
1003
1006
1003
1008
1005
1015
1010
1006
1011
1011
1009
1009
1012
1009
1009
1007
1009
1013
1007
1001
1008
1006
1012
1007
1007
1005
1013
1009
1012
1007
1008
1003
1014
1008
1010
1016
1015
1013
1008
1017
1013
1014
1009
1017
1017
1017
1021
1019
1024
1026
1015
1014
1008
1010
1008
1011
1010
1021
1021
1017
1023
1019
1012
1016
1020
1011
1023
1010
1011
1017
1023
1013
1014
1007
1011
1010
1011
1005
1012
1010
1005
1009
1008
1010
1006
997
1015
1015
1011
1006
996
1005
1008
1014
1011
999
1003
1010
1006
1007
1014
1002
1005
1010
1004
1002
1014
1007
1005
1002
1005
1016
1016
1015
1017
1009
1013
1007
1012
1003
1007
1007
1013
1008
1007
1013
1010
1008
1008
1011
1011
1013
1008
1010
999
1009
1010
1002
1006
1010
1008
1013
1008
1003
1009
1003
1008
1017
1011
1012
1011
1010
1011
1011
1007
1015
1001
1009
1010
1013
1002
1004
1007
1007
1004
1009
1005
1007
1005
1009
1006
1003
1010
1006
1010
997
1002
1005
1002
1001
1006
1007
1012
1014
1013
1009
1007
1011
1001
1012
1008
1012
1012
1013
1016
1004
1007
1009
1010
1008
1013
1012
1014
1009
1005
1009
1014
1013
1011
1018
1014
1012
1008
1012
1006
1002
1006
1001
1008
1002
1000
998
1005
1007
993
998
999
1010
1003
1005
1007
1000
1004
994
1000
997
1008
1005
1002
1008
1010
1013
1008
1009
1007
1012
1006
1004
1015
1010
1011
1010
1008
1007
1007
1011
1013
1013
1011
1012
1025
1023
1021
1016
1013
1019
1016
1016
1012
1017
1014
1013
1019
1012
1007
1013
1010
1010
1002
1010
1012
1007
1011
1017
1011
1017
1020
1010
1016
1016
1015
1016
1020
1014
1012
1014
1017
1009
1008
1006
1011
1011
1009
1014
1014
1020
1017
1018
1008
1012
1018
1022
1014
1007
1009
1002
1015
1019
1015
1011
1004
1014
1011
1015
1010
1004
1007
1020
1011
1011
1009
1011
1010
1016
1020
1014
1011
1016
1012
1009
1022
1010
1012
1018
1017
1008
1007
1017
1020
1019
1020
1014
1011
1019
1014
1017
1019
1013
1019
1023
1022
1020
1024
1019
1020
1018
1020
1016
1023
1021
1025
1026
1023
1012
1021
1020
1019
1022
1023
1029
1029
1025
1024
1021
1023
1024
1015
1023
1024
1016
1026
1021
1022
1023
1024
1022
1026
1027
1017
1021
1019
1025
1026
1024
1023
1026
1029
1024
1028
1020
1027
1034
1033
1028
1023
1018
1025
1027
1031
1024
1037
1025
1021
1024
1030
1031
1025
1024
1025
1020
1020
1020
1019
1024
1030
1028
1034
1031
1026
1031
1029
1020
1022
1028
1024
1011
1016
1021
1016
1021
1009
1007
1013
1009
1004
1007
1011
1008
1009
1004
1015
1018
1009
1016
1015
1012
1014
1012
1014
1012
1022
1016
1016
1019
1008
1016
1008
1008
1024
1026
1022
1023
1027
1030
1020
1021
1029
1017
1019
1022
1023
1026
1025
1018
1020
1009
1014
1014
1014
1014
1017
1022
1018
1008
1021
1025
1015
1026
1029
1023
1023
1022
1018
1023
1027
1025
1030
1014
1013
1024
1029
1019
1019
1017
1021
1020
1019
1021
1023
1031
1021
1021
1028
1026
1024
1027
1026
1032
1026
1028
1020
1036
1029
1029
1034
1032
1030
1029
1032
1024
1025
1026
1032
1035
1020
1027
1018
1023
1022
1027
1030
1035
1024
1039
1030
1029
1027
1017
1022
1019
1027
1035
1029
1035
1029
1027
1025
1031
1032
1025
1027
1018
1026
1020
1018
1013
1018
1016
1022
1021
1022
1015
1016
1029
1029
1033
1022
1018
1029
1035
1024
1022
1027
1021
1037
1039
1037
1031
1029
1025
1024
1026
1025
1019
1024
1022
1017
1018
1021
1027
1022
1024
1017
1021
1021
1030
1023
1026
1022
1025
1030
1031
1022
1033
1027
1025
