946
945
949
943
939
942
941
947
948
947
944
946
943
945
947
942
944
949
944
950
949
947
956
952
962
954
963
951
957
960
958
963
967
959
958
961
955
960
961
960
957
963
956
958
962
958
961
957
961
950
952
950
952
946
947
953
956
950
962
962
962
950
948
945
948
949
949
947
950
947
948
955
948
953
957
954
954
962
952
948
950
953
952
954
959
961
950
955
954
961
953
959
953
950
947
950
951
951
948
950
950
955
955
961
955
955
965
959
953
954
968
960
963
963
963
959
954
961
962
954
954
955
959
953
957
958
960
951
962
970
965
964
965
959
956
957
962
962
967
959
957
963
961
964
962
970
970
960
966
972
968
971
979
977
974
966
971
977
972
978
972
978
976
974
968
971
972
973
977
969
966
969
965
963
963
969
970
976
975
975
967
965
978
978
971
978
968
971
977
967
969
970
971
967
971
973
970
978
968
972
969
970
977
977
974
976
977
976
978
971
973
975
984
971
972
975
980
975
981
979
974
986
980
986
980
980
975
980
971
974
976
979
977
976
971
983
980
977
982
973
976
985
979
979
981
974
975
976
984
978
988
981
980
980
979
980
979
976
981
978
975
977
973
972
980
970
965
973
969
965
967
977
976
977
976
972
983
976
969
978
975
973
979
976
971
983
977
984
981
982
986
982
977
979
976
979
979
974
982
979
974
976
977
976
978
972
981
972
972
970
977
966
976
978
971
974
970
969
970
978
966
961
970
968
971
962
966
965
966
969
967
970
971
974
973
982
980
973
971
976
968
978
986
978
983
981
979
981
980
975
980
987
980
965
975
973
979
980
971
979
975
973
977
970
971
972
970
972
977
982
971
978
971
977
976
985
977
976
983
980
984
983
976
981
980
978
986
986
981
979
975
985
985
980
979
984
985
980
978
978
975
987
984
978
981
988
981
981
988
979
985
985
983
979
976
977
981
979
968
977
978
972
978
980
984
979
976
978
973
977
976
979
973
975
976
971
978
975
977
977
977
977
982
974
979
987
976
975
976
984
989
981
978
981
986
989
982
982
982
987
987
989
988
989
987
987
984
989
981
981
984
979
988
988
988
980
989
978
984
972
982
976
975
980
971
983
979
986
985
981
981
985
987
982
980
981
976
989
981
987
978
987
985
984
985
977
987
982
978
988
986
978
984
977
986
991
982
992
981
979
989
985
985
982
985
988
993
992
988
990
989
995
992
985
992
982
992
985
993
994
993
993
984
991
996
992
993
992
996
996
991
986
990
983
986
979
985
987
986
983
983
991
989
991
989
984
984
982
985
989
984
991
980
984
986
990
992
985
996
997
994
991
994
1002
999
999
1000
991
997
989
990
989
987
991
993
992
995
994
995
992
994
997
997
994
1001
994
989
992
995
994
1000
994
998
996
998
1000
1009
999
1007
1007
1002
1007
1008
1011
1000
1011
1015
1005
1005
1004
1000
1004
990
998
996
995
1006
1003
1008
1002
1001
992
1000
999
1007
994
995
1002
995
997
999
998
996
997
996
1004
1005
999
1006
996
1007
1008
998
997
998
1001
1001
1004
1003
1004
1006
1003
999
998
998
1002
1002
999
1006
996
1002
998
1006
1006
1003
996
1001
1006
1016
1002
1012
1013
1015
1014
1010
1003
1006
1006
1006
1006
999
1001
1008
1005
1008
1014
1005
1008
1009
1006
1007
1000
1011
1008
1009
1008
1010
993
1007
1009
1010
1008
1016
1011
1005
1009
1003
1005
1000
1005
1010
997
1008
1005
1010
1002
1007
1005
1007
1002
1005
1003
994
1002
1000
1001
1004
1010
1005
1000
1004
1004
1007
995
1000
1005
1005
1002
995
999
994
1009
998
1004
1008
1002
1000
1008
1005
1003
1002
1014
1010
1009
1008
1006
1013
1008
1007
1004
998
1008
1016
1007
999
1007
1010
1009
1003
1006
1001
1011
1006
998
1000
1007
1008
1008
1009
1008
1006
1004
1006
1015
1012
1015
1005
1011
1011
1016
1013
1014
1013
1023
1015
1001
1009
1003
1015
1009
1002
1008
1004
1002
1009
1010
1010
1010
1007
1009
1003
1010
1019
1003
1012
1011
1009
1008
1003
1004
1009
1007
1010
1006
1005
1004
1000
1011
1005
1011
1003
1009
1013
1013
1015
1008
1016
1013
1005
1003
999
996
1000
1002
999
997
1006
1010
997
999
997
993
1001
997
993
988
990
989
994
978
993
993
998
994
995
992
993
993
997
1000
1005
1000
1002
1003
997
989
1002
1000
1000
993
998
996
1004
994
1010
1011
1004
1001
1002
1001
1002
1001
996
987
996
996
993
996
989
992
996
999
994
992
989
1003
992
997
996
995
1001
1002
995
993
992
998
1005
998
1000
997
1003
1007
999
1003
996
992
1002
999
1001
999
1000
997
990
990
1000
997
1002
990
1003
997
1000
991
995
1004
1000
1003
994
987
1000
992
999
994
999
991
998
997
994
997
994
1005
1000
999
1003
990
1001
990
1003
1002
998
1003
1005
1003
995
996
1004
1011
1006
993
996
999
1001
988
991
992
997
992
993
1009
1000
1000
1005
1003
1000
1003
1003
1008
1008
1001
1005
1012
999
1011
1003
1008
1004
1009
1003
1009
1009
1001
1005
1006
997
1010
1007
997
1005
996
1001
1004
995
996
997
997
1002
999
1008
1009
1006
1000
1008
1002
1005
1004
1011
1012
1008
1011
1005
1004
1009
1007
1006
1006
995
993
999
999
998
999
1004
1003
998
1004
1004
997
993
999
995
1000
997
995
997
998
998
996
999
1001
1004
1002
1001
1003
1001
998
1012
1009
1007
1005
1006
1015
996
1005
1010
1005
997
1003
1005
996
1004
1002
1001
1006
1006
1001
1001
1008
1007
1008
1018
1006
1010
996
1003
1005
999
1003
1000
1008
1004
1000
1008
997
998
1002
998
1010
1016
1010
1016
1018
1014
1008
1011
1009
1011
1007
1005
1009
1003
1005
1002
998
1005
1010
1004
1005
1005
1001
1006
1011
1008
1002
999
994
1000
995
1001
1003
997
1008
999
1000
1000
1003
1001
1005
1005
1013
1005
1008
1001
1011
1008
1005
1009
1009
1002
1007
1008
1003
1006
1000
1006
1000
1010
1005
1010
1010
1001
1009
1009
998
1001
1000
1007
1009
1005
1008
1005
1008
1001
1000
996
1007
1001
1003
1003
1001
996
994
989
1000
999
1000
998
992
998
997
999
1000
999
1002
1007
1003
1008
1008
1009
1010
1005
1013
1003
1004
1008
1007
1001
1002
1004
1011
1006
1005
1003
1006
1003
1007
1002
1001
997
998
1004
998
998
996
1001
997
997
1002
1001
995
996
993
995
992
1002
1009
1009
1011
1008
1001
1010
1010
999
997
1008
1004
1004
997
1005
1002
994
994
995
999
1002
1001
1002
1003
1008
1005
1010
1006
1011
1003
1009
1013
1007
1013
1011
1010
1001
1012
1006
1005
1003
1001
1005
1001
998
1004
1006
1011
1012
1006
1003
1001
1008
1004
1011
1009
999
1005
989
1003
1009
1008
1008
1010
1006
1007
998
1003
1003
1005
1007
1005
1009
997
1010
1014
1008
1009
1008
1014
1009
1013
1003
997
1006
1010
1009
1005
1010
1004
1008
1003
1008
1008
1005
1005
1006
1010
1005
1008
1010
1003
1006
1006
1004
1008
1004
1012
1006
1013
999
1000
1009
1000
1005
1002
1002
1002
993
1001
1005
999
1006
996
1017
1007
1003
1007
1004
996
1009
1003
1007
1004
999
1008
1007
1009
1007
1001
1011
1001
1006
1003
1004
994
1001
998
1007
1000
1004
1010
1013
1010
1016
1007
1001
1011
1010
1015
1011
1011
1012
1011
1015
1019
1014
1014
1015
1005
1011
1011
1013
1014
1007
1006
1007
1008
1012
1011
1008
1008
1011
1012
1007
1014
1011
1008
1009
1012
1003
1012
1010
1007
1004
1013
1012
1009
1013
1007
1009
1008
1016
1011
1014
1013
1009
1014
1009
1013
1015
1006
1007
1007
1004
1004
1006
1004
1010
1013
1000
1015
1010
1010
1007
1004
1011
1006
1011
1011
1009
1016
1008
1014
1009
1005
1008
1016
1010
1018
1018
1017
1017
1020
1013
1011
1006
1005
1005
1010
1010
1006
1016
1006
1006
1011
1010
1014
1007
1014
1016
1009
1008
1015
1019
1003
1015
1015
1012
1001
1011
1014
1016
1010
1009
1006
1012
1013
1008
1012
1003
1010
1012
1009
1001
998
1008
1003
1000
1003
1005
1008
1011
999
1008
1008
1004
1001
1005
1010
1010
1004
1008
1009
1012
1007
1008
1013
1010
1012
1007
1006
1006
1004
1003
993
1004
1011
1005
1008
1007
1005
999
1003
996
1001
1000
1003
1002
1004
1009
1010
1001
1004
1006
1003
998
1004
997
1013
1005
1002
998
1005
997
1001
1004
999
1002
1007
1002
1003
998
999
1003
1006
1004
1006
1007
1005
1005
1011
1017
1006
1007
1009
1011
1012
1015
1012
1009
1011
1006
1012
1004
999
984
1000
995
999
1002
997
1007
1005
1009
1007
1009
1008
1016
1010
1004
1019
1009
1010
1005
1002
1017
1009
1003
1005
1016
1015
1008
1017
1007
1008
1014
1010
1016
1006
1006
1003
1000
1003
1011
1009
1008
1012
1002
1009
1004
1001
1008
1011
1006
1008
1008
1010
1002
999
1002
1004
1006
1008
1012
1019
1013
1010
1008
1015
1015
1012
1004
1012
1018
1017
1005
1013
1012
1018
1001
1008
1004
1005
1007
1014
1011
1006
1010
1008
1006
1011
1007
1003
1010
1005
1003
1005
1010
1002
1009
1010
1009
1009
1001
1007
1014
1013
1013
1004
1007
1009
1008
1011
1015
1023
1023
1016
1005
1014
1004
1010
1012
1013
1011
1010
1011
1012
1010
1008
1021
1016
1017
1017
1013
1010
1019
1020
1026
1030
1022
1025
1029
1018
1021
1016
1027
1026
1027
1021
1014
1011
1014
1008
1016
1017
1025
1029
1031
1031
1029
1018
1021
1022
1019
1010
1013
1010
1016
1016
1014
1008
1012
1004
1004
1006
1012
1015
1017
1021
1013
1020
1018
1017
1025
1019
1019
1020
1019
1017
1018
1011
1014
1014
1016
1017
1011
1024
1017
1015
1007
1022
1016
1008
1016
1013
1007
1017
1004
1003
997
1000
1005
1004
999
1005
1002
1004
1013
1003
1007
1004
1009
1006
999
1005
1007
997
999
1001
1005
999
996
1002
1009
1004
996
999
996
1010
1007
1003
1005
1009
1008
1006
1015
1006
1009
1000
1005
1004
1007
1006
1006
1007
1005
1006
1005
1004
1012
1008
999
996
997
1007
1002
999
1008
1006
1001
994
1004
1004
1005
1011
997
1010
1008
1002
1002
996
997
998
1005
1002
998
1005
1000
1006
1005
1005
1008
1001
1008
1009
1008
1022
1012
1015
1009
1015
1011
1015
1025
1023
1026
1024
1023
1025
1029
1033
1033
1015
1030
1020
1021
1022
1022
1022
1020
1026
1026
1022
1025
1031
1026
1022
1030
1027
1029
1020
1026
1023
1023
1029
1026
1019
1023
1025
1026
1023
1019
1020
1020
1020
1022
1020
1018
1020
1020
1019
1021
1029
1021
1025
1021
1019
1016
1023
1022
1018
1024
1024
1020
1011
1016
1021
1025
1018
1017
1017
1025
1022
1024
1018
1022
1022
1021
1026
1025
1023
1022
1034
1026
1031
1025
1026
1035
1018
1021
1022
1023
1021
1027
1026
1024
1019
1022
1027
1031
1023
1023
1020
1020
1020
1026
1026
1027
1026
1029
1027
1023
1024
1025
1020
1022
1023
1019
1027
1022
1023
1023
1030
1023
1028
1034
1021
1033
1024
1026
1025
1017
1025
1011
1016
1022
1013
1016
1017
1011
1015
1018
1013
1014
1006
1014
1012
1015
1019
1020
1022
1013
1010
1011
1011
1022
1020
1015
1018
1007
1010
1019
1014
1023
1018
1027
1018
1014
1014
1015
1009
1009
1005
1012
1010
1013
1007
1010
1014
1010
1008
1018
1008
1017
1011
1019
1020
1010
1019
1016
1013
1009
1014
1016
1021
1012
1014
1010
1018
1018
1025
1017
1024
1021
1023
1020
1020
1026
1027
1027
1021
1021
1018
1020
1027
1021
1040
1033
1022
1019
1015
1019
1020
1019
1014
1014
1013
1009
1012
1014
1016
1016
1023
1015
1015
1018
1020
1028
1023
1016
1023
1015
1009
1012
1021
1023
1018
1014
1020
1020
1019
1021
1024
1019
1015
1010
1019
1019
1024
1021
1031
1030
1022
1034
1025
1031
1033
1029
1032
1039
1039
1035
1031
1030
1034
1028
1024
1030
1025
1025
1024
1025
1020
1023
1028
1020
1023
1027
1024
1026
1025
1018
1017
1018
1018
1013
1020
1020
1012
1011
1015
1015
1016
1014
1012
1015
1013
1007
1007
1014
1014
1018
1020
1024
1021
1026
1024
1019
1019
1014
1013
1019
1010
1007
1006
1014
1003
1011
1015
1017
1023
1012
1022
1016
1012
1010
1003
1002
1002
1009
1017
1011
1011
1003
1008
1021
1016
1016
1016
1013
1015
1018
1021
1023
1020
1028
1021
1016
1022
1028
1023
1029
1022
1021
1015
1025
1025
1025
1018
1016
1014
1011
1006
1020
1021
1011
1009
1015
1013
1014
1015
1018
1009
1012
1009
999
1016
1008
1007
1010
1011
1006
1012
1004
1006
1009
1005
1014
1017
1018
1023
1016
1024
1025
1024
1014
1014
1018
1014
1019
1029
1017
1015
1018
1023
1017
1020
1020
1018
1017
1019
1025
1021
1030
1027
1019
1026
1032
1018
1010
1022
1013
1016
1007
1015
1021
1021
1018
1008
1014
1020
1013
1020
1016
1019
1014
1023
1022
1011
1013
1010
1004
1011
1019
1009
1020
1017
1012
1017
1014
1016
1015
1008
1010
1012
1014
1008
1017
1018
1018
1029
1021
1012
1014
1005
1009
1016
1011
1016
1011
1005
1019
1007
1018
1012
1016
1005
1014
1017
1012
1005
1017
1000
1018
1018
1009
1021
1017
1010
1012
1012
1012
1016
1014
1013
1012
1007
1001
1001
1007
1012
1001
1005
1005
1010
1009
1012
1007
1003
1006
1003
1006
1002
1005
998
1010
1009
1011
1011
1023
1023
1015
1012
1012
1018
1009
1020
1018
1014
1018
1012
1015
1021
1021
1012
1009
1019
1014
1016
1018
1015
1011
1015
1013
1009
1015
999
1007
1010
1009
1020
1010
1012
1015
1011
1012
1011
1006
1003
1010
1015
1016
1020
1017
1014
1027
1008
1016
1014
1017
1013
1020
1020
1017
1015
1011
1021
1024
1025
1021
1016
1016
1018
1017
1021
1020
1014
1015
1016
1017
1025
1025
1022
1024
1014
1017
1014
1014
1022
1009
1019
1015
1013
1019
1010
1015
1014
1012
1018
1011
1016
1022
1020
1013
1009
1011
1012
1016
1010
1014
1007
1011
1011
1013
1019
1015
1013
1015
1010
1007
1016
1013
1015
1013
1018
1019
1019
1013
1015
1019
1024
1015
1010
1015
1022
1019
1013
1012
1010
1018
1018
1019
1019
1012
1013
1012
1027
1026
1027
1021
1032
1023
1024
1022
1023
1023
1022
1024
1026
1028
1021
1021
1024
1023
1024
1013
1020
1015
1016
1015
1015
1017
1019
1017
1017
1015
1019
1014
1014
1020
1013
1031
1026
1032
1022
1020
1020
1024
1022
1015
1010
1018
1015
1018
1024
1022
1022
1024
1021
1023
1024
1031
1026
1032
1033
1025
1023
1026
1022
1020
1016
1010
1016
1019
1015
1023
1019
1017
1024
1009
1011
1003
1006
1016
1011
1006
1016
1008
1009
1016
1010
1011
1015
1018
1017
1017
1021
1010
1019
1018
1010
1026
1017
1018
1013
1008
1013
1017
1019
1015
1025
1021
1018
1014
1015
1018
1019
1013
1016
1020
1023
1020
1020
1019
1010
1025
1019
1023
1015
1024
1017
1017
1011
1010
1014
1020
1019
1015
1015
1022
1015
1018
1023
1020
1023
1026
1018
1019
1020
1015
1025
1023
1022
1015
1026
1024
1028
1019
1019
1020
1015
1019
1018
1012
1017
1020
1015
1015
1017
1010
1020
1017
1020
1022
1027
1023
1026
1024
1031
1028
1022
1022
1017
1025
1015
1015
1021
1014
1026
1017
1009
1018
1012
1010
1015
1022
1018
1012
1011
1017
1021
1023
1016
1023
1013
1014
1022
1019
1020
1022
1025
1020
1024
1018
1022
1028
1028
1021
1027
1031
1029
1032
1025
1028
1028
1027
1024
1026
1024
1024
1020
1025
1023
1020
1027
1027
1027
1031
1026
1024
1021
1032
1018
1018
1023
1022
1030
1034
1026
1032
1033
1025
1020
1030
1026
1023
1023
1025
1027
1022
1029
1022
1022
1025
1029
1019
1023
1024
1025
1017
1019
1013
1021
1012
1016
1014
1018
1026
1019
1028
1022
1016
1025
1022
1021
1026
1011
1016
1013
1019
1026
1016
1022
1022
1030
1025
1021
1029
1022
1033
1025
1028
1024
1024
1019
1020
1027
1025
1028
1025
1030
1023
1020
1026
1024
1022
1021
1019
1021
1024
1025
1021
1032
1023
1021
1023
1019
1029
1019
1023
1014
1020
1024
1028
1029
1027
1031
1032
1036
1023
1031
1033
1025
1031
1030
1038
1038
1034
1033
1027
1035
1029
1028
1028
1032
1034
1025
1034
1020
1022
1027
1032
1028
1024
1029
1031
1027
1030
1025
1030
1025
1031
1022
1023
1028
1022
1030
1023
1030
1025
1031
1020
1027
1018
1019
1031
1029
1026
1027
1027
1024
1022
1030
1027
1031
1026
1032
1031
1033
1036
1035
1034
1041
1024
1030
1030
1029
1039
1025
1034
1029
1028
1027
1028
1036
1042
1035
1037
1029
1028
1030
1022
1033
1035
1031
1028
1026
1029
1034
1039
1036
1034
1035
1033
1035
1023
1038
1032
1032
1034
1033
1041
1034
1037
1038
1040
1036
1031
1030
1028
1033
1033
1038
1025
1026
1028
1032
1025
1029
1037
1033
1033
1033
1035
1039
1038
1043
1033
1043
1034
1043
1045
1040
1036
1041
1038
1044
1045
1042
1042
1036
1041
1043
1036
1042
1045
1029
1033
1041
1039
1043
1045
1047
1036
1049
1043
1044
1042
1028
1036
1024
1030
1030
1031
1029
1030
1033
1023
1024
1033
1033
1023
1031
1033
1029
1031
1033
1036
1033
1029
1026
1029
1024
1023
1017
1029
1034
1029
1032
1037
1039
1031
1034
1034
1021
1032
1032
1041
1036
1038
1031
1025
1035
1029
1027
1034
1028
1037
1032
1031
1038
1034
1034
1040
1024
1034
1031
1033
1039
1038
1030
1033
1036
1028
1024
1029
1020
1022
1029
1030
1031
1031
1037
1029
1034
1022
1036
1031
1033
1024
1032
1031
1025
1033
1026
1028
1030
1038
1035
1036
1029
1026
1029
1038
1029
1039
1025
1034
1026
1017
1036
1036
1039
1035
1041
1036
1043
1043
1044
1035
1040
1035
1037
1043
1037
1042
1032
1036
1034
1037
1036
1039
1029
1039
1041
1038
1041
1038
1042
1041
1034
1041
1038
1037
1034
1037
1034
1033
1033
1033
1035
1036
1038
1033
