951
954
957
957
954
957
944
951
948
946
940
944
944
947
938
941
955
953
952
952
951
948
950
946
949
948
944
946
946
947
956
944
951
960
964
956
952
954
958
949
964
955
955
949
949
957
957
958
955
962
958
954
964
953
956
959
957
962
960
960
959
964
963
960
963
959
961
967
959
963
962
961
963
966
965
963
961
966
974
975
976
966
969
966
967
966
974
971
965
970
967
972
971
970
976
974
981
971
982
972
985
980
981
979
979
980
975
975
973
972
976
980
975
983
977
979
980
981
985
979
985
980
980
987
979
980
987
992
986
973
988
981
975
977
976
983
989
978
987
986
982
978
988
978
988
987
987
982
983
979
983
970
974
974
970
974
976
983
980
980
969
975
971
968
974
975
971
962
965
970
970
962
969
969
974
983
978
974
980
970
975
969
973
976
976
981
978
971
969
975
976
973
964
970
968
975
968
981
982
980
978
974
976
973
982
980
983
973
979
980
977
982
975
983
980
975
976
975
982
980
976
986
983
988
976
979
983
981
979
985
983
976
978
983
989
984
981
979
982
981
981
987
981
983
981
990
983
986
983
981
985
984
981
994
990
989
982
974
983
986
982
988
992
992
991
996
981
992
988
990
990
986
984
994
988
983
986
986
975
989
984
988
986
994
995
990
986
994
982
992
988
988
986
991
987
989
982
989
985
986
984
986
980
986
982
985
981
981
985
984
988
992
986
986
987
987
986
984
992
984
982
977
982
981
975
979
979
985
982
987
986
993
994
999
1006
995
991
1002
992
994
990
985
997
997
988
990
989
992
998
996
988
990
988
998
1001
992
996
1001
998
1008
1005
1007
1002
998
1000
997
997
998
996
994
1004
1005
995
1001
996
997
1007
999
994
994
989
997
987
989
989
997
999
994
1003
999
995
995
993
997
999
995
994
998
997
996
1006
1008
999
1004
996
992
997
999
999
992
997
992
992
996
995
999
996
990
996
997
998
996
993
993
991
992
989
1002
998
1000
1001
1016
1006
1004
1008
1004
999
999
998
1008
1012
1017
1005
1007
1005
1011
1007
1010
1014
1016
1008
992
997
992
982
1004
996
996
997
997
1000
995
992
999
1001
987
994
994
987
988
987
985
991
983
998
992
998
1002
998
999
998
1000
1000
996
1005
998
998
1002
997
1002
1002
1001
995
1001
992
996
991
1001
1001
996
999
1001
1003
1003
1007
1005
999
999
1005
999
999
1002
1002
1003
1003
1000
1004
1003
996
997
993
994
998
1001
995
998
992
992
991
994
996
993
997
995
989
999
997
984
988
995
995
995
993
989
989
991
991
990
981
981
978
988
989
986
985
987
988
980
988
986
985
988
992
989
994
991
989
989
987
995
989
982
997
991
997
994
996
1003
1000
1005
1003
1003
993
1000
992
999
1001
999
993
993
994
995
997
993
1007
995
997
993
983
988
988
991
987
989
984
983
994
993
992
992
983
985
986
979
981
978
995
986
990
994
988
989
995
994
990
994
993
992
988
995
993
999
1000
988
994
992
984
984
991
996
994
998
1001
996
998
995
998
991
1002
1000
989
995
1006
985
993
992
993
997
990
996
990
997
1001
994
1002
997
1001
1001
1007
1001
1005
1009
1007
1010
1007
1008
1015
1009
1005
1007
1001
1005
1013
1000
1003
1011
1002
1005
1007
999
999
991
1000
997
998
995
1004
1001
999
997
1007
1004
1004
1002
999
1002
1002
1000
1002
1001
996
1000
1009
1004
998
1003
996
1004
1008
1001
1009
1001
1003
1003
1001
997
1005
996
1000
994
1000
1003
997
994
998
998
1005
996
1006
998
998
1002
992
994
1001
998
999
1002
997
1005
1003
997
1006
1001
1007
1008
1008
1018
1012
1020
1015
1013
1005
1009
1012
1006
1007
1007
1003
1014
1015
1011
1005
1008
1008
1009
1013
1006
1010
1015
1006
1011
1005
1003
996
997
998
1001
1004
1002
996
1001
999
1002
1007
1011
1010
1010
1012
1002
1003
1002
1000
1000
999
997
998
1000
999
997
1003
1003
1003
997
1007
1013
1000
1007
1002
1006
1001
995
994
1002
1004
1002
1003
1000
1009
1006
1006
1012
1011
1022
1011
1017
1010
1007
1009
1012
1013
1014
1011
1016
1016
1005
1006
1009
1013
1008
1001
1001
1005
1008
1013
1008
1008
1003
1009
1013
1015
1007
1006
1012
1007
1012
1011
1004
1011
1001
1005
1008
1010
1010
1004
1006
1002
1006
1001
1006
1008
1010
1010
1004
1009
1004
1005
1008
1011
1008
1005
1005
1005
1012
1002
1003
1001
1004
1004
1000
1003
1000
1010
1009
1009
1006
999
1009
1008
1013
1009
1002
1000
1006
1013
1009
1003
1006
1011
1011
996
1012
999
1004
992
1001
1010
1009
1007
1000
1008
1010
1009
1007
1004
1002
1003
1001
1005
1008
1010
1012
1011
1017
1015
1014
1020
1006
1014
1022
1016
1008
1010
1008
1007
1014
1015
1015
1017
1013
1024
1020
1019
1021
1016
1010
1020
1025
1020
1023
1016
1022
1025
1023
1009
1019
1012
1022
1009
1007
1006
1006
999
1005
1002
1008
1016
1018
1014
1015
1012
1004
1009
1009
1015
1019
1015
1011
1015
1007
1019
1014
1016
1014
1014
1016
997
1011
1009
1007
1016
1015
1014
1009
1012
1010
1014
1016
1002
1015
1012
1010
1001
1008
1006
1010
1000
1001
1011
1007
1003
1013
1005
1009
1005
1000
1005
1005
1004
1011
1006
1010
1009
1013
1003
1010
1013
1005
1003
1015
1010
1012
1010
1009
1015
1014
1009
1008
1008
1010
1012
1010
1014
1012
1015
1016
1015
1017
1007
1011
1008
1006
1006
1010
1003
1016
1007
999
1005
1005
1006
1001
1004
1003
998
1009
1014
1016
1018
1020
1017
1013
1011
1011
1020
1020
1017
1020
1014
1022
1020
1018
1018
1022
1019
1022
1015
1019
1005
1020
1013
1018
1026
1019
1021
1012
1017
1025
1017
1026
1026
1026
1034
1017
1017
1025
1022
1024
1020
1026
1023
1030
1022
1024
1023
1018
1015
1021
1007
1009
1014
1009
1011
1010
1019
1010
1016
1013
1015
1017
1016
1020
1015
1023
1017
1020
1014
1016
1016
1016
1015
1019
1021
1021
1026
1022
1017
1018
1021
1018
1017
1022
1023
1018
1016
1023
1027
1031
1022
1025
1019
1022
1017
1019
1022
1022
1026
1023
1031
1026
1022
1017
1021
1025
1018
1016
1015
1018
1018
1018
1014
1015
1016
1015
1009
1017
1018
1023
1010
1011
1017
1009
1014
1017
1009
1019
1015
1009
1019
1016
1007
1020
1009
1003
1004
1004
1009
1016
1007
1016
1007
1008
1022
1010
1015
1010
1010
1006
1007
1005
1012
1019
1007
1011
1013
1008
1008
1006
1009
1010
1011
1010
1011
1008
1013
1021
1018
1023
1011
1027
1010
1019
1022
1022
1022
1016
1013
1018
1023
1017
1020
1024
1025
1012
1016
1020
1029
1017
1015
1015
1016
1018
1012
1018
1019
1018
1016
1017
1020
1015
1020
1020
1017
1021
1014
1028
1024
1026
1021
1018
1031
1034
1026
1024
1028
1032
1026
1029
1033
1034
1033
1031
1032
1030
1025
1027
1027
1027
1031
1027
1025
1020
1029
1027
1033
1023
1028
1021
1025
1015
1020
1028
1026
1024
1030
1029
1030
1027
1033
1026
1025
1023
1024
1027
1028
1026
1022
1015
1022
1021
1024
1022
1021
1015
1026
1022
1027
1032
1024
1022
1026
1032
1029
1025
1023
1027
1031
1025
1032
1020
1026
1020
1026
1029
1029
1028
1027
1029
1032
1028
1036
1030
1033
1030
1038
1041
1036
1034
1031
1031
1033
1034
1034
1037
1030
1030
1039
1029
1034
1027
1030
1025
1029
1032
1026
1023
1028
1034
1023
1020
1025
1030
1030
1020
1023
1018
1023
1026
1027
1022
1022
1027
1032
1018
1017
1024
1027
1029
1024
1030
1026
1027
1030
1026
1024
1023
1027
1026
1032
1019
1017
1018
1023
1020
1030
1025
1033
1028
1032
1030
1021
1021
1025
1024
1027
1027
1025
1035
1029
1030
1027
1030
1027
1019
1032
1022
1023
1023
1028
1013
1028
1034
1031
1032
1031
1035
1030
1022
1025
1024
1031
1022
1029
1020
1022
1027
1029
1029
1028
1030
1015
1021
1019
1024
1023
1025
1024
1024
1024
1023
1021
1018
1029
1029
1031
1028
1028
1028
1031
1026
1021
1030
1031
1027
1030
1028
1024
1026
1021
1020
1023
1022
1023
1023
1018
1020
1017
1026
1021
1021
1019
1020
1021
1022
1017
1009
1015
1016
1020
1019
1019
1023
1015
1020
1019
1023
1017
1016
1018
1023
1024
1030
1020
1021
1031
1030
1027
1021
1030
1024
1027
1019
1022
1025
1026
1024
1021
1030
1023
1027
1018
1027
1027
1025
1030
1020
1027
1027
1032
1024
1021
1019
1020
1017
1022
1026
1029
1027
1029
1024
1020
1019
1024
1022
1024
1020
1017
1030
1023
1023
1024
1028
1028
1025
1024
1028
1028
1033
1034
1034
1036
1032
1024
1023
1023
1022
1025
1025
1026
1018
1030
1026
1029
1027
1020
1023
1023
1023
1020
1026
1025
1028
1029
1021
1033
1031
1028
1026
1035
1033
1030
1045
1035
1039
1036
1039
1033
1033
1033
1030
1028
1034
1027
1024
1036
1023
1030
1025
1024
1031
1027
1026
1028
1029
1017
1022
1025
1019
1021
1023
1024
1021
1020
1014
1011
1027
1015
1029
1021
1022
1017
1022
1024
1018
1017
1022
1021
1027
1022
1016
1028
1025
1033
1024
1028
1015
1018
1035
1028
1024
1021
1018
1022
1012
1014
1018
1023
1030
1026
1027
1018
1024
1028
1020
1029
1034
1035
1036
1038
1028
1028
1033
1030
1029
1029
1028
1023
1019
1013
1025
1023
1021
1024
1021
1019
1021
1017
1023
1025
1024
1025
1031
1024
1024
1024
1026
1028
1024
1022
1022
1027
1024
1029
1028
1019
1018
1016
1026
1021
1020
1026
1022
1016
1025
1025
1022
1025
1017
1020
1018
1024
1020
1019
1026
1025
1020
1030
1012
1029
1019
1021
1028
1024
1018
1023
1025
1018
1017
1026
1024
1027
1025
1025
1024
1024
1027
1026
1031
1036
1030
1029
1026
1029
1035
1022
1036
1027
1038
1036
1044
1033
1037
1031
1033
1027
1036
1030
1026
1030
1020
1026
1023
1018
1032
1036
1021
1029
1025
1034
1034
1034
1035
1036
1027
1029
1031
1029
1025
1024
1030
1031
1031
1029
1027
1032
1028
1027
1039
1026
1036
1037
1033
1025
1034
1032
1033
1031
1038
1039
1028
1039
1042
1032
1028
1031
1038
1031
1027
1027
1027
1030
1023
1027
1021
1027
1034
1033
1025
1028
1027
1028
1019
1029
1026
1026
1019
1031
1026
1026
1024
1022
1018
1019
1028
1027
1023
1025
1029
1029
1028
1032
1025
1026
1028
1030
1031
1024
1032
1027
1022
1016
1022
1019
1025
1026
1029
1025
1022
1022
1018
1021
1020
1025
1013
1019
1015
1013
1020
1015
1024
1024
1023
1019
1015
1022
1027
1020
1018
1025
1024
1020
1021
1017
1015
1019
1024
1020
1022
1015
1010
1018
1020
1016
1014
1021
1022
1016
1014
1025
1024
1015
1014
1015
1014
1010
1016
1028
1025
1030
1025
1020
1027
1027
1016
1023
1021
1020
1025
1021
1025
1022
1021
1021
1024
1018
1024
1029
1018
1026
1026
1019
1014
1017
1021
1023
1010
1020
1019
1015
1010
1023
1014
1021
1006
1009
1007
1010
1007
1006
1009
1010
1008
1010
1015
1013
1012
1013
1014
1013
1017
1011
1021
1019
1019
1023
1020
1013
1017
1015
1009
1003
1016
1010
1018
1016
1016
1021
1024
1019
1026
1012
1012
1016
1015
1019
1016
1012
1013
1009
1014
1017
1013
1005
1016
1013
1017
1015
1020
1025
1020
1013
1014
1010
1014
1011
1006
1011
1012
1013
1014
1007
1009
1008
1007
1008
1006
1004
1006
1008
1007
1010
1009
1004
1016
1022
1020
1008
1013
1014
1012
1001
1005
1013
1011
1018
1005
1017
1008
1014
1015
1022
1001
1018
1014
1013
1009
1012
1008
1007
1010
1013
1019
1006
1016
1012
1008
1013
1011
1021
1021
1020
1027
1023
1022
1014
1022
1019
1028
1022
1023
1011
1021
1020
1023
1021
1022
1022
1024
1024
1032
1026
1027
1025
1032
1017
1028
1026
1025
1030
1029
1033
1033
1040
1031
1031
1030
1035
1024
1030
1030
1037
1031
1029
1032
1031
1028
1027
1030
1025
1022
1027
1027
1023
1024
1033
1027
1024
1026
1027
1022
1023
1026
1025
1019
1027
1028
1018
1030
1025
1020
1020
1022
1021
1018
1029
1028
1032
1022
1022
1031
1030
1025
1015
1021
1025
1028
1026
1029
1030
1030
1032
1023
1021
1022
1033
1027
1021
1032
1028
1021
1026
1025
1024
1024
1023
1020
1030
1020
1021
1028
1019
1021
1021
1010
1024
1026
1021
1023
1034
1026
1033
1026
1028
1033
1029
1032
1034
1028
1027
1032
1023
1026
1030
1032
1036
1036
1029
1024
1026
1030
1032
1025
1032
1035
1026
1023
1025
1029
1021
1027
1032
1022
1030
1023
1015
1021
1019
1031
1022
1027
1030
1034
1027
1038
1022
1021
1026
1025
1024
1022
1021
1020
1020
1015
1018
1015
1025
1025
1023
1030
1020
1024
1030
1032
1028
1018
1023
1018
1029
1022
1029
1027
1032
1023
1019
1015
1021
1018
1024
1029
1022
1024
1022
1033
1026
1027
1031
1038
1032
1024
1023
1021
1023
1026
1024
1014
1015
1009
1020
1022
1016
1021
1017
1019
1025
1029
1019
1020
1024
1032
1021
1026
1020
1019
1022
1020
1022
1019
1023
1022
1026
1022
1017
1017
1019
1017
1018
1013
1016
1022
1017
1019
1015
1020
1024
1020
1027
1018
1021
1023
1015
1022
1024
1026
1029
1030
1027
1025
1019
1032
1036
1031
1017
1033
1033
1018
1024
1020
1023
1022
1018
1020
1028
1023
1022
1025
1021
1026
1018
1025
1029
1019
1019
1020
1020
1030
1029
1023
1022
1023
1017
1016
1022
1014
1022
1019
1020
1027
1025
1024
1023
1026
1017
1023
1022
1024
1021
1023
1025
1018
1019
1027
1021
1031
1021
1020
1030
1033
1026
1027
1031
1026
1023
1021
1032
1019
1029
1025
1030
1032
1029
1029
1024
1024
1029
1035
1039
1032
1023
1028
1023
1029
1030
1025
1030
1022
1027
1023
1025
1022
1032
1034
1023
1025
1028
1026
1030
1017
1032
1025
1026
1032
1032
1030
1028
1031
1025
1031
1019
1026
1038
1028
1025
1030
1023
1032
1030
1030
1029
1034
1030
1029
1031
1032
1037
1031
1033
1026
1022
1030
1032
1030
1027
1029
1037
1027
1029
1026
1027
1026
1036
1028
1029
1021
1026
1029
1024
1025
1025
1028
1030
1034
1033
1031
1023
1020
1024
1018
1016
1023
1023
1016
1023
1024
1023
1030
1031
1034
1029
1026
1034
1038
1034
1031
1036
1032
1034
1029
1041
1035
1035
1028
1037
1039
1035
1029
1035
1036
1040
1035
1035
1037
1024
1024
1025
1023
1021
1020
1025
1009
1035
1026
1020
1030
1030
1028
1031
1029
1031
1023
1027
1028
1033
1027
1023
1029
1032
1035
1029
1023
1019
1017
1027
1026
1022
1024
1021
1020
1026
1024
1032
1023
1024
1022
1023
1023
1017
1018
1019
1019
1021
1012
1018
1014
1025
1014
1021
1019
1024
1016
1022
1020
1020
1020
1022
1020
1015
1016
1013
1016
1017
1018
1024
1018
1021
1017
1024
1022
1028
1021
1026
1030
1024
1026
1036
1032
1032
1022
1026
1020
1019
1025
1026
1029
1018
1022
1015
1019
1017
1025
1016
1016
1022
1028
1025
1024
1020
1031
1018
1024
1026
1024
1024
1024
1025
1031
1023
1027
1026
1030
1030
1028
1027
1024
1029
1037
1034
1022
1037
1035
1036
1024
1030
1028
1023
1027
1024
1026
1021
1019
1022
1026
1022
1021
1024
1021
1020
1018
1021
1022
1027
1021
1034
1031
1028
1027
1020
1027
1031
1030
1018
1026
1026
1023
1028
1020
1019
1021
1025
1020
1023
1025
1018
1024
1019
1036
1021
1018
1021
1017
1027
1023
1017
1017
1022
1022
1022
1022
1018
1023
1024
1009
1019
1024
1019
1021
1020
1022
1023
1026
1021
1032
1030
1030
1026
1025
1025
1028
1021
1022
1028
1015
1022
1016
1023
1027
1017
1016
1013
1017
1019
1024
1021
1020
1015
1021
1025
1022
1016
1025
1028
1016
1028
1025
1019
1023
1029
1021
1013
1022
1025
1017
1015
1022
1023
1025
1021
1007
1021
1013
1019
1009
1021
1017
1017
1018
1017
1020
1016
1018
1013
1018
1016
1011
1020
1017
1015
1016
1019
1015
1021
1016
1027
1019
1027
1018
1014
1018
1016
1012
1018
1018
1020
1022
1013
1016
1018
1023
1020
1023
1025
1027
1030
1016
1023
1033
1025
1019
1024
1028
1024
1028
1029
1025
1031
1030
1028
1033
1031
1030
1025
1034
1032
1027
1032
1024
1028
1027
1032
1026
1026
1037
1031
1027
1038
1030
1032
1024
1030
1023
1028
1028
1024
1021
1022
1022
1030
1018
1027
1022
1024
1020
1024
1025
1022
1025
1028
1028
1032
1026
1012
1033
1032
1034
1026
1019
1019
1026
1027
1027
1030
1025
1022
1023
1028
1022
1018
1016
1016
1024
1019
1019
1015
1028
1026
1014
1019
1027
1032
1031
1014
1022
1025
1021
1024
1018
1020
1015
1012
1022
1017
1022
1027
1018
1022
1012
1015
1012
1012
1009
1004
1011
1019
1015
1019
1011
1011
1025
1029
1022
1020
1018
1016
1029
1020
1024
1022
1027
1019
1025
1022
1021
1020
1018
1019
1016
1024
1024
1019
1023
1023
1011
1013
1000
1013
1019
1012
1009
1015
1005
1014
1019
1018
1015
1018
1007
1021
1011
1015
1011
1015
1004
1013
1016
1012
1008
1015
1009
1002
1004
1006
1007
1013
1013
1018
1017
1019
1021
1021
1014
1010
1015
1014
1019
1010
1013
1018
1011
1022
1017
1017
1019
1011
1018
1020
1010
1009
1014
1012
1017
1011
1012
1010
1015
1007
1017
1010
1017
1010
1008
1018
1020
1016
1023
1020
1024
1026
1019
1016
1022
1017
1015
1013
1009
1013
1017
1014
1024
1018
1021
1020
1019
1026
1021
1024
1024
1024
1016
1010
1008
1015
1025
1027
1024
1022
1022
1019
1016
1020
1014
1017
1017
1014
1018
1012
1020
1014
1007
1008
1014
1005
1016
1016
1016
1021
1025
1022
1025
1024
1028
