949
952
950
952
949
954
959
947
936
947
950
951
941
946
956
953
942
954
950
956
948
950
957
959
958
958
957
951
945
952
958
951
948
957
954
955
954
942
952
950
945
942
938
942
947
953
945
947
942
945
943
947
945
951
948
946
949
943
953
950
954
951
954
948
951
951
953
954
947
954
957
950
954
945
946
950
949
953
941
940
945
938
944
942
947
949
942
945
945
957
955
953
945
950
957
949
951
957
947
946
941
957
946
953
949
955
950
947
959
958
944
955
952
950
953
960
958
961
959
945
961
961
955
965
964
955
957
966
961
958
961
966
959
960
962
966
965
967
962
960
963
960
962
955
956
960
968
963
962
964
961
958
953
962
962
954
955
958
961
958
952
955
954
953
955
950
955
957
956
958
957
959
959
957
956
963
962
953
958
954
959
955
956
954
951
954
955
951
950
955
954
959
953
961
959
954
961
961
964
945
952
958
951
956
955
949
952
957
957
953
950
946
948
942
948
950
946
957
952
957
960
961
953
950
953
962
953
955
944
948
958
953
953
950
957
951
957
958
958
959
954
959
960
971
959
945
958
961
960
955
952
961
968
960
957
955
955
969
967
960
961
969
963
967
971
967
960
960
966
971
968
968
975
963
969
971
974
962
969
962
963
965
967
965
964
971
972
966
959
969
970
965
970
964
971
974
967
979
968
970
976
970
971
977
982
978
975
978
971
981
978
977
977
968
970
966
968
968
969
976
970
964
971
967
973
970
972
977
974
974
974
975
979
982
980
972
972
977
979
978
967
964
971
968
970
974
976
974
969
969
974
976
965
965
975
973
969
968
967
964
971
971
969
972
972
968
978
983
978
977
971
971
973
978
974
981
978
982
973
980
981
979
973
979
979
977
974
971
969
969
978
975
974
972
976
976
982
984
983
975
980
985
971
986
982
978
981
976
986
973
982
981
981
978
981
983
984
984
985
985
989
979
987
993
993
983
991
988
995
997
994
995
974
987
987
993
982
989
983
986
988
984
984
979
991
997
987
990
992
991
983
991
993
979
986
996
989
984
986
993
995
994
988
987
992
986
995
988
990
984
986
1000
991
991
1006
995
992
993
987
990
990
995
978
992
988
991
981
991
989
995
991
994
997
996
993
997
988
991
983
994
996
981
991
992
986
993
991
993
994
999
982
986
991
993
987
991
1001
995
998
986
995
991
989
985
980
980
979
987
985
987
991
985
987
990
995
990
993
983
1000
992
999
998
993
996
994
989
992
984
992
1000
986
990
983
991
985
991
995
987
987
987
983
989
989
987
990
987
990
982
979
982
983
972
986
975
975
980
984
985
977
978
977
987
978
991
988
980
979
972
985
984
990
991
973
989
982
981
986
992
988
998
988
992
1000
996
990
1000
987
984
988
989
980
985
988
990
983
978
978
981
985
986
988
982
985
979
982
985
988
983
987
987
977
994
983
981
978
988
981
985
981
987
984
981
986
980
990
988
984
982
983
976
987
986
978
987
968
989
977
974
984
987
981
982
985
984
988
989
990
972
983
991
992
987
999
996
997
995
988
996
987
989
991
991
1000
994
994
999
990
997
984
987
983
989
991
994
994
997
991
989
1009
993
993
994
1000
988
996
1001
995
993
994
1004
1002
1000
999
1004
991
992
990
991
989
987
983
985
994
989
992
998
996
998
994
994
993
990
996
994
990
998
991
995
991
985
999
994
989
991
994
993
990
995
993
1000
999
998
996
1004
993
994
991
989
989
992
992
990
991
988
981
987
993
994
985
982
987
986
985
982
986
981
977
984
981
985
982
985
986
979
993
988
985
989
989
988
981
992
978
990
981
983
980
979
984
977
984
980
983
983
983
990
981
990
995
994
986
992
990
992
984
993
989
983
984
985
987
988
995
984
992
993
994
1000
993
1000
991
1001
1000
999
999
1007
993
996
1001
998
994
1003
1000
1005
1003
1006
1013
1011
1012
1006
1000
1005
1010
1003
1007
1008
1011
1004
1014
1020
1017
1011
1008
1000
1010
1005
1005
1010
1013
1008
1005
1001
1006
1010
998
999
992
996
1007
1006
1000
1008
1004
1002
996
1004
1001
993
998
1000
999
1000
999
1000
989
996
995
995
988
995
992
995
993
992
987
1000
995
998
993
999
1008
1000
997
1003
1005
1008
1005
1002
1004
997
997
998
1002
994
1003
997
1005
1003
1005
1003
995
996
1001
1005
1000
1003
1009
1000
1003
1006
1005
1011
1007
999
1002
1007
1012
997
1002
1004
997
1007
1000
1006
1001
996
1004
1004
1000
1000
1009
1011
1013
1008
1001
1006
1006
1010
1007
996
1000
1011
1010
1008
1007
1001
1001
1007
1008
1006
1003
1004
998
1008
1004
1008
1009
1005
1007
1007
1010
1000
1006
1004
1009
1013
1009
1009
1007
1010
1014
1006
1012
1012
1009
1011
1011
1006
1017
1012
1009
1005
1013
1013
1017
1018
1005
1006
1012
1009
1012
1009
1015
1009
1012
1007
1008
1006
1005
1010
1004
1014
1006
1003
1013
1011
1009
1013
1008
1015
1014
1016
1013
1008
1010
1020
1017
1012
1007
1015
1018
1013
1015
1011
1012
1012
1015
1014
1014
1012
1016
1010
1005
1013
1016
1009
1013
1009
1013
1012
1005
1002
1000
1015
1018
1018
1010
1020
1021
1013
1009
1017
1012
1012
1007
1008
1009
1009
1007
1010
1003
1003
1008
1009
1011
1006
1011
1010
1013
1005
1005
1003
1005
1010
1011
1016
1007
1007
1007
1001
1005
1010
1007
1007
1002
1011
1002
996
1004
1003
1002
1008
1002
1001
998
998
995
1002
1000
998
1006
1002
1000
1003
1001
1007
1008
1007
1007
1005
1004
1008
1000
1000
1006
1012
1013
1003
1008
1007
1010
1002
1009
1010
1010
1009
1010
1015
1014
1019
1011
1011
1004
1002
1002
1006
996
1008
1004
1010
1003
1011
1013
1013
1013
1018
1022
1015
1012
1012
1008
1015
1008
1002
1012
1012
1008
1014
1013
1014
1006
1007
1011
1010
1007
1008
1011
1000
1013
1015
1009
1008
1002
1011
1013
1013
997
1016
1018
1017
1018
1010
1013
1011
1014
1004
1017
1013
1014
1022
1004
1019
1008
1018
1017
1014
1010
1017
1013
1022
1017
1015
1023
1014
1012
1021
1017
1019
1011
1027
1020
1019
1014
1010
1001
1014
1011
1004
1008
1007
1005
1014
1008
1009
1012
1014
1016
1016
1014
1010
1009
1010
1013
1016
1001
1002
1007
1008
1010
1006
1010
1009
1010
1008
1006
1002
1007
1008
1002
993
1000
1008
1004
1001
1006
1010
1003
1003
1003
1011
1001
1006
1013
1004
1004
1012
1007
1011
1013
1011
1015
1012
1020
1026
1017
1022
1018
1012
1017
1019
1018
1020
1021
1020
1015
1010
1013
1020
1020
1012
1016
1018
1019
1017
1010
1017
1013
1020
1011
1017
1007
1007
1010
1013
1009
1013
1014
1018
1015
1005
1011
1009
1003
1013
1009
1013
1015
1015
1016
1009
1011
1017
1013
1013
1018
1017
1014
1017
1018
1013
1018
1022
1018
1029
1025
1028
1018
1018
1011
1018
1006
1017
1009
1012
1008
1014
1016
1016
1022
1017
1016
1018
1017
1019
1013
1016
1023
1024
1020
1016
1022
1020
1024
1020
1014
1018
1018
1016
1016
1015
1014
1018
1011
1017
1014
1012
1015
1015
1014
1023
1011
1011
1016
1014
1016
1020
1013
1019
1015
1015
1020
1018
1020
1017
1017
1015
1020
1017
1019
1013
1022
1018
1023
1026
1021
1028
1012
1021
1020
1019
1020
1019
1009
1014
1014
1017
1017
1012
1007
1009
1005
1005
1011
1010
1019
1023
1013
1024
1015
1018
1016
1007
1009
1018
1015
1015
1011
1012
1018
1019
1016
1013
1019
1017
1029
1018
1028
1025
1019
1012
1024
1021
1020
1017
1022
1015
1018
1016
1024
1023
1034
1021
1024
1021
1024
1024
1025
1018
1019
1020
1017
1021
1014
1013
1013
1009
1016
1012
1008
1013
1020
1018
1012
1012
1011
999
1003
1005
1005
1006
1005
1008
1006
1009
1014
1006
1015
1015
1018
1016
1010
1016
1017
1014
1020
1021
1008
1009
1008
1003
1006
1021
1023
1022
1017
1020
1014
1012
1010
1011
1016
1013
1010
1013
1017
1011
1011
1016
999
1018
1011
1010
1006
1016
1009
1007
1007
1012
1010
1019
1015
1012
1008
1017
1009
1002
1014
1011
1010
1005
1008
1012
1008
999
1007
1014
1011
1018
1016
1010
1013
1006
999
1006
1003
1001
1012
1007
1012
1011
1020
1014
1016
1016
1011
1006
1002
999
1008
1000
1014
1007
1009
1005
1007
1016
1014
1015
1011
1014
1018
1018
1010
1012
1011
1013
1010
1018
1019
1011
1015
1009
1019
1024
1015
1006
1015
1014
1019
1013
1003
1008
1014
1016
1019
1011
1014
1013
1013
1010
1009
1019
1009
1018
1012
1006
1011
1007
1011
1008
1008
1025
1021
1016
1008
1016
1014
1017
1019
1020
1026
1018
1021
1019
1014
1013
1022
1015
1013
1011
1014
1009
1003
1007
1012
1003
1004
1004
1007
1010
1008
1008
1000
1011
1007
1006
1007
1009
1012
1013
1011
1003
1000
1009
1010
1004
1004
1005
1002
997
1000
1003
994
1002
1005
991
996
1005
1007
1005
1010
999
1003
999
1008
1002
1002
1004
1008
1004
998
998
999
1002
1003
1004
1003
1001
1000
993
994
1003
1006
1009
1009
1009
1012
1008
1005
1010
1008
1013
1006
1008
1013
1011
1014
1008
1009
1000
1004
1000
996
1007
999
1003
995
1003
1012
998
1006
1003
1005
1011
1009
1009
1011
1006
1005
1009
1007
1002
1006
1004
1006
1004
1006
1004
1001
1005
1003
993
1008
1006
1013
1011
1010
1009
1010
1011
1007
1003
1002
999
1002
993
997
1000
1003
1000
991
995
1003
997
1005
1006
1005
1001
998
1003
994
992
997
998
993
998
1001
995
1000
1004
1005
1007
1001
1006
1007
1011
1000
1001
1004
1003
1007
1011
1011
1015
1005
1013
1016
1004
1009
1008
1011
1011
1010
1010
1007
1009
1004
1006
1003
1012
1009
1023
1012
1014
1016
1022
1013
1010
1008
1013
1019
1011
1009
1011
1015
1008
1005
1005
1009
1005
1008
1005
1006
1013
1009
1012
1007
1003
1004
1003
1004
1001
1006
1004
1003
1000
1005
1009
1014
1009
1004
1005
1007
1001
1013
1009
1013
1003
1013
1004
1001
1008
1010
1008
1014
1007
1010
1003
1012
1011
1007
1009
1007
1004
993
1002
999
1004
1003
999
1002
1000
995
1006
1005
1011
1011
1007
1004
1009
1008
1006
1008
1004
1010
1007
1005
998
1003
1013
1019
1009
1015
1011
1005
1010
1009
1007
1006
1009
1016
1002
1008
1016
1006
1006
1006
996
1002
1001
1002
1004
1011
997
1010
1017
1005
1012
1002
1011
1017
1011
1007
1010
1013
1010
1010
1002
1019
1015
1009
1014
1006
1012
1010
1015
1016
1016
1018
1023
1019
1022
1027
1016
1023
1021
1020
1013
1019
1024
1026
1025
1026
1022
1022
1032
1029
1021
1029
1036
1026
1030
1024
1024
1029
1031
1027
1023
1023
1033
1015
1033
1026
1014
1010
1014
1026
1024
1023
1020
1015
1022
1013
1017
1020
1025
1021
1029
1023
1021
1030
1028
1032
1028
1031
1030
1030
1032
1035
1031
1034
1030
1028
1032
1027
1032
1027
1022
1019
1029
1023
1031
1024
1020
1027
1019
1024
1030
1029
1020
1031
1029
1025
1028
1030
1036
1027
1021
1033
1027
1021
1030
1029
1027
1024
1033
1017
1021
1016
1016
1018
1016
1020
1023
1017
1018
1020
1023
1017
1018
1023
1020
1017
1027
1024
1022
1021
1020
1019
1026
1028
1028
1029
1024
1028
1017
1027
1030
1031
1031
1018
1027
1034
1016
1022
1031
1027
1030
1022
1027
1025
1030
1028
1029
1033
1029
1029
1030
1030
1035
1031
1026
1032
1026
1021
1022
1024
1026
1027
1029
1025
1025
1034
1029
1022
1031
1020
1024
1025
1026
1027
1029
1034
1032
1029
1032
1039
1033
1027
1023
1038
1029
1030
1037
1040
1036
1041
1040
1042
1032
1036
1033
1037
1038
1046
1041
1031
1036
1034
1036
1038
1033
1037
1040
1035
1035
1027
1030
1037
1035
1033
1029
1033
1035
1034
1029
1030
1021
1019
1025
1015
1021
1018
1025
1026
1029
1024
1028
1034
1030
1034
1026
1025
1037
1035
1027
1033
1027
1025
1029
1031
1026
1034
1032
1019
1023
1014
1018
1025
1018
1008
1020
1023
1021
1025
1021
1018
1025
1020
1020
1021
1030
1029
1029
1017
1024
1025
1033
1030
1024
1015
1032
1027
1027
1033
1020
1029
1025
1036
1040
1025
1026
1023
1026
1017
1026
1025
1013
1029
1027
1017
1028
1031
1027
1030
1022
1031
1022
1025
1022
1022
1025
1027
1030
1032
1026
1035
1033
1035
1038
1036
1030
1030
1034
1038
1032
1029
1027
1034
1032
1014
1024
1030
1024
1026
1025
1027
1032
1019
1028
1027
1022
1037
1035
1030
1020
1032
1027
1019
1015
1027
1023
1025
1023
1032
1022
1028
1033
1031
1035
1027
1035
1035
1036
1028
1029
1031
1034
1028
1028
1026
1041
1033
1030
1037
1017
1030
1031
1024
1029
1035
1037
1031
1021
1027
1031
1029
1031
1035
1032
1029
1027
1035
1028
1031
1026
1027
1026
1029
1034
1024
1025
1021
1030
1020
1016
1023
1018
1018
1025
1023
1025
1027
1015
1028
1033
1025
1034
1027
1033
1034
1024
1022
1025
1023
1027
1029
1025
1031
1027
1029
1029
1024
1025
1028
1028
1034
1028
1030
1029
1025
1020
1021
1021
1024
1021
1027
1028
1029
1021
1027
1021
1023
1023
1019
1023
1025
1025
1024
1022
1028
1028
1019
1023
1024
1020
1013
1018
1024
1030
1015
1027
1024
1031
1030
1029
1025
1023
1028
1021
1025
1017
1010
1020
1019
1020
1012
1023
1018
1027
1022
1025
1027
1026
1026
1028
1028
1024
1029
1029
1032
1029
1025
1027
1029
1028
1033
1029
1020
1023
1021
1018
1019
1021
1013
1026
1031
1023
1017
1018
1020
1019
1024
1025
1018
1019
1009
1019
1023
1019
1017
1015
1017
1014
1015
1023
1025
1022
1029
1018
1031
1036
1033
1027
1024
1026
1032
1017
1030
1035
1033
1035
1025
1027
1026
1025
1024
1030
1027
1025
1029
1031
1027
1034
1036
1038
1032
1031
1032
1022
1026
1031
1030
1031
1031
1029
1027
1028
1031
1025
1029
1025
1034
1039
1019
1030
1021
1031
1029
1025
1027
1027
1025
1030
1035
1025
1034
1032
1034
1030
1032
1034
1030
1032
1030
1038
1027
1025
1032
1031
1034
1030
1031
1029
1028
1022
1022
1026
1030
1029
1027
1029
1038
1032
1027
1037
1036
1026
1024
1019
1029
1025
1030
1037
1034
1036
1037
1022
1026
1040
1032
1035
1038
1030
1028
1027
1029
1026
1030
1028
1025
1025
1024
1021
1025
1021
1029
1018
1025
1028
1029
1022
1012
1020
1021
1021
1020
1018
1018
1018
1024
1016
1019
1030
1021
1026
1024
1017
1017
1022
1027
1025
1022
1023
1018
1026
1018
1022
1020
1023
1025
1031
1026
1021
1018
1016
1026
1021
1021
1014
1014
1017
1019
1018
1018
1028
1021
1020
1021
1032
1018
1025
1014
1015
1022
1016
1024
1022
1012
1025
1011
1028
1029
1025
1025
1025
1021
1027
1031
1032
1034
1031
1041
1041
1043
1040
1035
1041
1033
1032
1031
1029
1028
1033
1031
1033
1033
1036
1038
1039
1042
1045
1034
1033
1023
1036
1034
1032
1029
1028
1021
1027
1028
1030
1030
1036
1034
1032
1027
1028
1028
1031
1032
1034
1035
1032
1040
1040
1031
1036
1030
1026
1025
1036
1028
1032
1028
1019
1017
1021
1029
1026
1026
1024
1026
1025
1026
1025
1019
1020
1025
1024
1030
1023
1024
1027
1030
1021
1027
1033
1021
1020
1027
1026
1017
1027
1020
1020
1014
1024
1019
1019
1019
1022
1018
1026
1024
1026
1030
1029
1024
1025
1022
1027
1023
1029
1028
1029
1032
1029
1027
1034
1024
1025
1026
1031
1020
1028
1032
1029
1028
1036
1030
1032
1029
1026
1015
1022
1019
1023
1012
1019
1027
1017
1023
1022
1016
1014
1021
1013
1019
1016
1011
1015
1020
1018
1016
1021
1014
1022
1023
1021
1022
1019
1024
1022
1026
1020
1024
1022
1027
1025
1022
1011
1009
1011
1028
1025
1018
1012
1019
1021
1021
1026
1026
1026
1027
1020
1032
1031
1030
1028
1028
1029
1027
1029
1031
1026
1033
1036
1030
1026
1023
1019
1027
1026
1031
1023
1024
1029
1026
1034
1020
1024
1025
1031
1026
1015
1025
1022
1016
1020
1013
1019
1020
1017
1022
1012
1018
1021
1016
1026
1015
1020
1026
1017
1020
1023
1022
1024
1024
1023
1015
1023
1024
1027
1019
1028
1020
1027
1026
1028
1032
1034
1035
1038
1032
1023
1026
1022
1027
1025
1021
1024
1009
1023
1027
1022
1022
1024
1036
1031
1023
1023
1028
1029
1035
1022
1027
1025
1026
1020
1023
1032
1035
1025
1022
1020
1024
1031
1038
1024
1032
1033
1021
1031
1021
1033
1024
1019
1022
1020
1027
1014
1029
1028
1026
1027
1022
1025
1025
1023
1015
1025
1027
1019
1016
1021
1017
1024
1026
1017
1015
1017
1015
1015
1023
1024
1025
1024
1022
1019
1027
1020
1023
1022
1022
1019
1020
1027
1026
1013
1023
1024
1023
1026
1023
1027
1035
1029
1029
1037
1032
1036
1029
1029
