945
945
949
942
955
952
953
949
960
946
953
941
944
950
961
953
941
955
954
955
946
946
951
946
948
947
960
955
949
950
948
956
959
958
964
959
954
958
962
962
965
962
962
965
967
962
960
962
957
970
968
963
958
966
961
968
965
968
968
967
970
970
961
969
969
969
962
961
958
967
972
969
969
970
969
974
965
967
974
970
969
973
976
976
970
980
970
961
966
963
970
974
966
964
968
971
970
963
972
968
973
966
973
971
973
975
972
969
967
969
965
970
974
971
963
966
966
972
970
967
965
967
965
978
970
960
958
964
968
964
972
972
974
961
968
971
956
969
968
971
967
974
966
961
966
961
957
957
969
968
968
962
964
968
966
963
957
957
962
967
968
959
960
965
961
964
964
972
966
971
971
974
972
966
971
970
971
969
965
966
969
967
967
973
972
976
973
975
976
978
973
971
975
976
977
979
970
973
976
975
982
966
973
977
981
973
978
972
968
975
969
972
977
967
978
985
976
980
977
970
972
975
969
979
977
977
983
982
985
983
987
994
990
989
994
1006
997
997
997
998
995
999
991
993
994
1006
1002
988
988
996
991
994
988
991
990
985
994
993
995
988
987
996
993
998
996
988
991
989
988
991
992
988
994
989
992
994
993
990
983
982
987
971
979
978
985
984
989
989
993
996
993
994
1000
1000
990
998
999
1000
1001
995
1004
993
989
991
995
990
993
993
987
986
990
988
986
983
998
980
987
988
994
983
994
989
992
988
993
993
984
986
985
984
982
990
983
989
984
982
983
980
981
984
975
977
976
977
985
982
987
991
987
985
987
991
973
984
983
990
992
994
993
989
992
995
993
992
990
991
1000
996
984
990
985
988
984
980
986
992
989
987
989
992
985
984
979
986
989
990
997
992
993
1002
994
994
999
988
987
985
986
994
995
985
990
981
993
988
994
996
996
986
995
998
992
1000
993
987
979
984
978
988
981
982
991
981
991
984
985
972
983
990
990
992
996
991
997
988
993
994
990
989
989
984
991
990
989
988
986
986
996
993
988
992
996
999
1000
993
994
999
995
989
995
995
993
992
992
995
983
989
985
995
994
997
992
996
994
1003
1006
1002
1008
1003
1008
1008
1013
1002
1003
998
999
1002
997
996
1003
1000
999
1002
997
995
999
1004
985
990
998
991
986
993
995
1000
1001
993
994
999
991
992
991
995
998
1003
998
1001
997
995
989
989
991
988
990
986
997
993
991
999
998
993
995
992
993
1007
1003
1000
992
985
991
986
983
991
992
991
987
997
994
992
986
994
997
984
987
988
994
986
983
981
982
979
981
977
978
980
981
981
983
986
978
985
982
988
988
978
981
976
972
982
970
979
984
975
981
985
984
984
981
980
978
984
987
988
981
983
988
980
974
982
983
976
975
984
981
975
978
983
980
982
993
986
992
987
989
977
991
987
982
981
991
988
991
984
989
994
992
996
990
988
986
992
996
991
991
986
989
991
995
994
992
989
988
987
979
975
970
978
976
984
981
981
982
983
977
977
983
984
972
976
981
976
978
981
981
982
990
990
984
983
986
982
988
992
987
986
989
984
981
986
980
980
988
988
991
990
996
993
990
990
986
992
985
988
992
992
988
984
985
984
988
982
990
985
992
986
985
989
987
980
989
992
988
978
986
983
989
988
994
990
982
985
976
984
986
987
984
978
994
986
989
989
981
988
994
985
988
988
988
993
995
991
991
991
996
987
988
990
990
994
993
985
994
989
980
992
989
986
985
986
990
984
986
988
985
995
992
993
994
993
988
997
993
997
992
974
978
986
983
986
983
984
992
995
989
991
1001
996
997
992
989
986
991
990
984
988
993
997
991
987
998
996
996
995
997
1004
991
1004
1005
1000
1002
1001
1001
996
1004
1002
1000
994
997
991
1000
996
996
998
986
992
997
998
996
995
1000
1001
997
999
998
1002
1007
1007
997
994
991
1000
999
999
998
996
991
993
997
1000
1000
996
1002
1005
992
998
1002
1005
1000
995
1002
1000
992
1002
992
998
996
999
1000
994
995
995
993
992
990
992
995
997
999
998
999
994
991
998
994
1000
999
996
998
1000
999
990
1001
995
1006
994
989
996
998
999
997
1001
989
995
995
991
990
990
999
994
1001
1006
1007
1001
998
1005
1003
1004
1003
999
1007
1006
998
1003
1002
996
999
992
1001
996
994
987
991
997
992
997
991
996
1000
998
999
998
994
991
997
999
989
1001
994
995
999
1001
989
995
1001
999
993
1000
994
994
1003
1003
997
1008
999
1002
1003
1004
1005
996
1002
1001
999
996
1002
995
1000
1000
1001
997
1003
1007
1001
1003
1011
1008
1008
1012
1007
999
1006
1006
1014
1009
1012
1003
1006
1002
1007
1001
1001
1012
1020
1011
1010
1007
1011
1004
1019
1011
1018
1016
1012
1013
1008
1007
1004
1005
1013
1006
1009
1001
1003
1000
1006
999
1002
1007
1000
1005
1001
1001
1005
1000
1000
994
1003
1003
996
1002
1000
998
1005
1013
1003
994
999
995
991
993
1002
1008
1005
1007
999
1007
1010
1006
1005
1009
1006
1008
1007
1006
1005
1001
1002
999
1003
990
1001
998
1002
1003
1019
1010
1006
1007
1001
1011
1005
1011
1013
1008
1005
1011
1009
1010
1011
1005
1006
1011
1011
1016
1020
1015
1011
1009
1012
1011
1011
1014
1019
1005
1013
1020
1015
1010
1011
1007
1007
1005
1015
1012
1010
1012
1017
1022
1011
1008
1009
1003
1015
1011
1008
1011
1012
1004
1003
1008
1015
1012
1011
1005
998
1003
1005
1006
1007
1002
1000
1007
1006
1006
1011
1008
1013
1004
1003
1004
1012
1005
1006
1002
1004
1005
992
1002
1002
1006
1009
1003
1005
1010
1005
998
1010
1004
1011
1007
1007
1015
1004
1003
998
998
1003
1003
996
1001
1010
1007
1003
1011
1007
1004
1005
1002
1003
1009
1006
1009
1009
998
1006
1005
1005
1004
1002
1005
1011
1000
999
993
1001
1000
990
1000
997
998
1001
1005
996
1003
1002
1008
1008
1006
1006
1003
1005
1005
998
1004
995
1003
1002
1008
1008
1003
1007
1001
1009
1007
1003
1006
1009
1001
1012
1005
1009
1009
999
1005
1006
1008
1005
1004
1006
1011
1002
1008
1001
1005
1009
1007
1000
1002
1007
1001
1006
1000
1001
997
995
998
1001
1007
1005
1004
997
994
1005
1003
1001
1002
995
993
1004
993
994
990
1002
1000
1006
1003
1006
1007
1007
1002
999
1003
1006
1003
1004
1004
1002
1006
1006
1006
1004
1012
1014
1013
1006
1011
1008
1011
1010
1011
1004
1003
1004
1010
1016
1018
1009
1016
1023
1015
1016
1019
1015
1016
1009
1016
1013
1006
1017
1015
1007
1011
1008
1011
1012
1015
1010
1011
1005
1015
1014
1015
1023
1010
1012
1011
1013
1021
1012
1017
1017
1017
1013
1013
1017
1014
1011
1023
1020
1017
1017
1010
1008
1011
1015
1010
1012
1011
1021
1012
1014
1018
1003
1014
1003
1010
1010
1018
1008
1010
1010
1010
1012
1011
1017
1016
1010
1011
998
1005
1004
1000
1002
995
1006
998
1000
1003
1004
1001
1001
1000
994
1003
994
1003
994
999
995
997
999
1001
997
998
1000
996
999
1003
1000
1001
1004
999
1004
1003
1001
1003
1000
1004
1004
999
1001
1011
995
1005
1003
1001
1008
1001
1008
1000
1000
998
1005
1000
998
999
1000
1007
1007
1005
1008
1007
1000
996
1008
1000
1006
1001
998
995
995
999
998
1006
1003
1001
1006
1006
1011
1005
1003
998
993
1001
1002
1002
1000
1000
1006
996
992
1002
1007
995
1005
999
1004
1005
1000
998
998
994
990
999
1000
997
991
997
1000
1004
998
1006
1005
1011
1004
1015
1008
1003
996
1004
1010
1000
1003
1002
1003
1006
1010
1009
1006
1003
1007
1004
1005
1011
1009
1010
1012
1003
996
996
1001
1000
996
999
1003
996
1000
999
996
1012
1005
1008
1001
1003
1004
1013
1006
1004
1004
1002
1001
1000
1000
1000
1001
1000
1004
997
1003
1007
1010
1014
1003
1009
1001
1008
1011
1004
1008
1007
1007
1001
1002
999
1002
1005
1004
1006
1005
1007
1009
1006
1004
1003
1003
1001
1010
1012
1011
1011
1005
1011
1008
1012
1013
1013
1018
1012
1003
998
1007
999
1004
1005
1004
999
1006
1009
1000
1004
1015
1012
1009
1011
1007
1012
999
1009
1005
1005
1011
1009
1003
1006
1009
1006
1007
1002
1005
1006
998
994
1004
1006
1006
1005
1003
997
1002
1005
1001
1008
1011
1017
1011
1019
1019
1019
1013
1008
1012
1015
1007
1006
1005
1009
1010
1008
1015
1008
1001
1003
1010
1000
996
998
1002
996
997
1007
1000
1001
1005
1007
1002
1000
998
1005
1005
1001
1007
1005
996
1004
995
1004
1002
1001
1002
1014
1008
1004
1009
1012
1007
1014
1013
1003
1014
1021
1010
1009
1016
1015
1014
1015
1024
1022
1016
1014
1017
1023
1020
1025
1018
1023
1024
1024
1015
1016
1016
1019
1015
1011
1015
1013
1013
1006
1014
1010
1012
1011
1006
1010
1010
1011
1018
1013
1012
1008
1013
1011
1011
1011
1008
1008
1001
1008
1004
1009
1000
1008
1004
1013
1014
1009
1007
1009
1001
1004
1006
1004
1007
1014
1005
1007
1009
1010
1010
1008
1011
1009
1007
1016
1017
1009
1008
1006
1011
1013
1013
1011
1006
1010
1015
1016
1017
1017
1016
1011
1015
1008
1012
1008
1013
1016
1012
1007
1017
1012
1009
1022
1015
1019
1012
1014
1014
1003
1021
1008
1016
1003
1004
1014
1011
1008
1015
1013
1012
1010
1010
1016
1008
1007
1018
1013
1007
1007
1016
1005
1008
1003
1008
1009
1008
1008
1006
1008
1006
1007
1010
1007
1007
1005
1005
1003
1010
1004
1003
1010
1010
1007
1012
1006
1006
1005
1001
1012
1012
1008
1014
1013
1005
1006
999
1006
1002
1011
1005
1010
1019
998
1005
1013
1007
1002
1008
1007
1011
1008
1002
1011
1009
1012
1013
1009
1012
1011
1010
1000
1002
1010
1011
1007
1008
1007
1009
1006
1009
990
1005
1004
1001
1010
1014
1019
1007
1009
1008
1006
1004
1003
1005
1005
1011
1005
1004
1011
1009
1013
999
1005
1009
998
1000
1003
1000
1008
1004
1005
1007
1011
1000
998
996
1001
1000
990
997
995
996
1000
1002
1003
999
1000
1008
1002
1002
1008
999
1001
1003
1005
1017
1001
1002
1006
1008
1009
1008
1004
1003
999
1003
1001
997
995
1008
997
1010
1007
997
1004
1005
998
994
1007
1002
1003
1002
1001
1001
1000
1007
1008
1006
1005
997
1003
1000
1003
1003
998
996
999
996
993
992
993
986
994
997
1000
996
1000
1005
1006
1009
1003
1005
1005
1006
1006
1003
1014
1005
1003
1008
1009
1002
1010
1002
1009
1003
1014
1003
1000
1008
1013
1009
1008
1007
997
997
1007
998
1006
1004
1007
1011
1015
1016
1009
1005
1009
1011
1007
1009
1011
1002
1012
1010
1007
1010
1012
1003
1002
1015
1006
1010
1014
1012
1012
1012
1002
1006
1014
1013
1004
1011
995
1011
1006
1007
1008
1011
1015
1013
1010
1019
1005
1018
1006
1011
1009
1004
1011
1014
997
1007
1009
1009
1014
1011
1011
1006
1007
1006
1004
1007
1005
1008
1004
1006
1003
1000
1004
1001
1007
1002
1006
1005
1005
1008
1005
1004
1005
1007
1001
999
1008
1010
999
1004
1013
1007
1011
1004
1009
1010
1008
1005
1005
1011
999
1004
999
995
994
996
997
999
1001
997
997
996
1003
1001
999
1006
1000
1003
1001
1000
1000
994
994
990
996
997
998
998
1005
991
1002
1000
1006
1002
1001
1004
1010
1008
1004
997
1005
1004
1009
1009
1006
1002
1000
1000
1002
1003
1002
1002
1006
1014
994
999
1001
1007
1002
1004
1005
998
1004
1006
994
997
998
991
997
987
1002
991
990
992
996
997
997
993
990
995
999
1000
1003
1001
1000
997
987
992
990
1008
995
1001
997
1005
998
1002
1002
1006
1004
1006
1009
1003
1006
1005
1010
1005
1003
1001
1007
1008
1007
1010
1007
1009
1003
1009
1006
998
999
1005
1005
998
999
1012
1006
999
1004
1009
1007
997
999
1011
1010
1008
1005
1007
1009
1008
1007
1003
1003
1002
1002
995
1005
1009
1001
1002
1001
1005
1002
1004
1003
998
1004
1010
1002
1004
998
1008
1006
1007
1006
1006
1008
1006
996
996
1008
1003
1004
997
1000
1000
1007
1002
1005
998
1002
1003
996
1000
995
999
1002
999
1008
1009
1008
1004
1009
1014
1004
1007
1013
1016
1006
1002
1006
999
994
999
996
1002
1003
999
1004
1004
1008
1004
1005
1002
1004
1006
1010
1018
1019
1016
1005
1016
1009
1002
1000
1016
1014
1016
1004
1008
1005
1004
1005
1011
1008
1011
1009
1009
996
1012
1003
1009
1005
1009
1008
1004
1013
997
1006
1007
1009
1003
1009
1014
1019
1001
1014
1011
1011
1003
1005
1006
1010
1012
1009
1017
1017
1015
1011
1013
1014
1016
1018
1015
1014
1011
1012
1012
1020
1018
1016
1012
1012
1008
1019
1011
1015
1010
1012
1017
1022
1013
1015
1011
1027
1009
1000
1010
1008
1022
1010
1016
1017
1013
1021
1011
1015
1021
1018
1023
1010
1018
1017
1015
1014
1013
1019
1023
1020
1020
1014
1014
1009
1002
1005
1017
1012
1009
1012
1010
1004
1009
1011
1009
1008
1013
1012
1013
1008
1010
1010
1002
1010
1001
1010
1004
1006
1002
1005
1010
999
1002
999
1003
1008
1000
995
1003
1005
995
1001
1001
1000
997
1001
993
1002
1007
1001
1004
1001
1007
1000
993
1001
990
985
1001
997
997
998
999
1003
996
997
1005
1001
1008
1007
1003
1006
1002
1010
1007
1002
996
1000
994
998
1006
1006
1004
1001
1000
1000
1005
995
1002
998
994
993
995
999
1000
992
994
1000
995
987
993
1000
999
1001
1001
998
999
1004
1000
1000
1002
992
999
994
998
986
995
995
989
992
991
996
994
994
999
998
995
990
996
999
990
1007
988
1003
1000
1001
1006
996
995
997
998
998
993
996
1007
994
998
1003
1006
1008
1012
1004
1002
1007
1003
1003
1002
1013
1013
1005
1000
1002
1010
1007
998
1002
1008
1007
994
1002
1001
1001
998
1006
1007
1007
1013
1017
1016
1018
1010
1016
1013
1010
1016
1012
1017
1015
1015
1025
1010
1017
1017
1015
1016
1010
1011
1009
1013
1017
1006
1012
1018
1012
1017
1016
1013
1017
1012
1006
1008
999
1003
1001
1003
1007
995
995
997
1007
1009
1008
1007
1004
1011
1008
1005
1004
995
1006
1001
1001
1010
1010
1008
1005
1006
1011
1014
1013
1015
1008
1009
1004
1005
1006
1000
997
1005
1008
1006
1004
1007
1000
1005
1002
1002
1005
1008
1006
1005
1005
1003
1004
1008
1009
1016
1005
1004
1013
1000
1006
1002
1014
1006
1005
1006
1009
1005
1004
1011
1014
1002
1003
1014
1005
1010
1002
1006
1016
1006
1011
997
995
1007
1000
1005
1004
1004
1006
1011
1005
1008
1007
1006
1009
1015
1011
1002
1016
1007
1000
1006
1012
1009
1005
1010
1004
1010
1012
1001
1007
1008
1007
1007
1011
1004
1005
1007
1008
1010
1001
1007
1004
1007
1006
1009
1016
1003
1006
1008
1011
1007
1010
1007
1001
1005
999
1003
1007
1009
1007
1011
1013
1018
1015
1014
1012
1014
1008
1010
1013
1012
1007
1009
1010
1007
1007
1012
1015
1009
1021
1001
1011
1015
1002
1016
1010
1007
1008
1010
1022
1010
1013
1021
1018
1012
1015
1013
1011
1014
1017
1011
1013
1012
1019
1017
1014
1008
1013
1020
1011
1014
1012
1010
1010
1010
1009
1003
1000
1006
1011
1004
1008
1001
1010
1010
1015
1011
1017
1008
1007
1008
1005
1005
1003
1008
1012
1012
1010
1013
1005
1003
1009
1007
1015
1008
1017
1020
1020
1024
1021
1009
1019
1013
1017
1005
1018
1014
1008
1015
1017
1009
1007
1019
1015
1009
1009
1011
1008
1007
1010
1009
1016
1010
1010
1010
1012
1018
1017
1016
1009
1018
1016
1015
1019
1013
1013
1021
1018
1018
1006
1023
1015
1018
1012
1021
1007
1016
1017
1017
1018
1015
1017
1011
1017
1014
1011
1018
1013
1019
1012
1010
1014
1025
1020
1015
1012
1019
1016
1015
1014
1013
1003
1012
1016
1013
1008
1013
1011
1007
1016
1011
1012
1015
1014
1012
1017
1017
1013
1020
1016
1017
1018
1014
1010
1018
1022
1030
1016
1018
1017
1018
1019
1020
1013
1002
1011
1014
1012
1013
1010
1017
1013
1021
1014
1022
1007
1017
1001
1010
1017
1004
1005
1014
1008
1011
1009
1008
1003
1006
1004
1008
1008
1017
1014
1009
1017
1022
1011
1011
1015
1014
1015
1013
1009
1011
1015
1007
1007
1018
1010
1010
1009
1012
1009
1012
1018
1014
1011
1006
1007
1020
1009
1002
1008
1000
1001
1012
1012
1007
1009
1004
1006
1009
1005
1007
1003
1008
1004
1010
1009
997
1009
1001
1008
1008
1006
1007
1012
1010
1009
1010
1014
1009
1009
1005
1011
1005
1010
1014
1011
1008
1020
1013
1005
1010
1007
1009
1007
1003
1009
1010
1010
1010
1011
1005
1015
1009
1004
1009
1005
1011
1011
1000
1001
1010
1013
1007
1005
1013
1009
1009
1016
1016
1021
1021
1023
1024
1016
1015
1013
1019
1013
1018
1026
1020
1027
1016
1018
1011
1011
1017
1000
1009
1018
1008
1015
1010
1022
1013
1017
1014
1017
1019
1012
1019
1010
1010
1010
1012
1008
1010
1013
1009
1010
1010
1008
1007
1009
1023
1010
1016
1004
1007
1010
1017
1008
1007
1011
1003
1012
1014
1015
1005
1015
1006
1017
1015
1013
1016
1014
1009
1008
1009
1016
1016
1014
1011
