948
946
948
945
952
950
946
938
941
941
949
939
952
945
944
946
953
947
943
946
953
956
950
954
954
959
960
956
953
959
961
963
956
964
963
957
957
956
956
943
950
952
952
955
959
948
956
950
950
951
957
952
951
948
954
950
955
944
947
954
944
958
952
961
954
959
960
960
965
953
950
949
944
942
952
939
943
946
958
950
955
953
948
951
949
948
944
950
948
953
952
943
954
952
960
951
953
950
951
947
951
951
951
945
953
953
949
946
951
959
947
951
956
951
949
956
953
947
949
946
941
960
963
946
950
954
955
963
958
957
950
957
959
970
957
955
963
961
966
966
964
964
965
961
965
962
963
967
968
973
970
975
976
971
973
974
968
977
976
977
975
970
972
971
970
968
967
968
974
977
975
973
981
976
977
979
974
976
969
982
978
974
985
983
984
977
980
975
978
980
980
969
975
979
978
986
980
981
969
984
978
980
971
974
976
974
978
978
976
980
980
981
976
980
974
978
978
971
981
982
982
986
985
988
986
986
985
980
978
988
981
986
975
995
988
988
984
987
982
991
972
970
983
984
993
997
992
998
989
987
998
996
994
1005
993
991
990
996
999
990
996
996
987
992
998
994
994
997
995
998
1001
997
1009
992
994
987
992
995
998
993
995
996
990
993
997
995
996
995
1002
995
999
991
998
992
994
991
997
995
992
995
1001
984
998
995
999
994
998
996
988
988
994
987
983
992
989
986
987
991
986
995
993
990
990
992
994
999
993
998
999
992
1000
1001
992
991
994
997
999
992
998
994
991
989
991
983
998
999
997
996
999
993
999
1001
997
998
993
1000
1001
1003
991
994
990
999
999
999
1010
997
995
994
997
1002
998
995
1003
999
1003
1002
1007
1011
1001
1005
997
1007
1001
1002
1001
1002
1003
1005
1001
994
1001
1005
1006
1006
1008
1011
998
1006
1008
995
1003
1000
1003
1007
998
997
997
995
998
990
997
994
998
997
1003
1002
1004
1006
1009
1004
997
1002
1001
999
999
995
1006
1002
992
1001
1000
998
1002
997
997
1001
988
996
991
995
992
996
993
996
997
991
1003
996
996
992
987
987
993
996
995
994
979
998
992
999
1001
998
993
993
990
999
994
988
992
995
997
998
1000
994
997
997
998
998
1002
999
992
996
996
994
992
996
999
994
996
1012
1000
992
997
999
1000
999
994
1002
993
983
985
988
987
1000
992
990
994
987
988
993
998
988
993
995
984
979
985
985
984
990
983
983
979
982
988
985
982
984
980
978
973
982
984
985
979
985
982
984
981
976
975
970
974
976
980
980
981
971
976
973
972
977
973
974
984
982
985
979
985
979
984
982
987
988
986
982
978
985
982
982
988
988
986
992
984
993
991
999
996
1002
999
998
1002
1004
998
1004
1005
1001
1002
1010
1001
1007
1004
1002
1002
994
995
998
995
998
990
995
988
1000
1002
1003
999
1002
1005
1002
996
1007
1002
1005
1001
1006
1001
1001
1003
1003
1004
1006
993
992
996
996
992
994
994
998
998
997
999
999
997
997
1000
1001
997
994
1004
993
1000
1003
1008
1001
1003
1001
993
1006
1003
998
995
996
995
994
998
999
996
994
998
994
997
995
995
996
1007
996
1002
995
994
1001
998
1009
1002
998
994
998
992
995
1001
1012
1006
1001
1005
996
1000
1007
1007
997
1001
1002
1002
1000
989
1001
998
998
993
992
995
1003
990
995
992
997
996
1005
995
1000
993
996
1000
995
992
995
993
997
994
997
1004
995
1001
997
999
990
991
996
993
997
992
996
988
991
993
990
988
995
998
993
996
996
995
992
993
995
992
994
988
995
990
991
988
994
992
993
996
992
996
993
990
993
990
990
1000
990
993
990
992
996
991
990
1002
997
997
1002
994
997
993
993
994
993
990
994
990
996
999
997
999
1003
997
1000
1005
1002
996
998
995
1001
1000
992
1001
991
999
1000
989
995
1005
992
993
992
999
1000
997
986
993
990
996
991
992
991
991
988
991
990
996
991
993
994
989
981
991
987
990
991
990
977
990
983
992
988
980
989
982
992
988
986
997
991
986
993
997
993
995
994
991
991
983
996
988
988
1000
987
989
992
991
992
995
991
992
991
988
987
986
991
987
987
996
991
998
998
989
995
995
991
993
997
989
992
996
993
994
985
985
995
993
995
993
988
991
995
994
991
997
996
997
991
981
990
986
1002
996
989
990
979
986
993
985
985
990
986
979
979
991
985
987
984
989
988
994
995
988
995
993
990
998
985
989
1001
999
992
993
988
1003
993
985
993
999
993
998
999
1000
996
996
998
999
996
988
995
991
996
1003
1007
1000
1002
989
993
993
988
992
996
995
1000
995
997
990
997
980
988
998
994
992
987
983
986
999
994
999
988
998
984
982
993
996
986
997
987
993
993
994
1001
987
990
998
1002
1003
1003
998
1000
1003
1000
998
998
994
998
1000
1002
990
998
999
998
1000
1003
1007
1001
1004
998
997
1002
1006
1000
995
1001
1001
1007
1003
1013
1008
1010
1012
1009
1007
1000
996
996
995
1000
1000
999
998
1001
1009
1004
996
1009
1003
1008
1000
997
1009
1012
1000
997
996
1005
1006
1018
1009
1004
1015
1000
1015
1010
1007
1011
997
1015
1007
1014
1016
1007
1010
1009
1008
1003
997
1002
1004
993
1000
1001
1002
999
1008
1010
1006
1005
1000
1002
998
996
994
994
999
1007
1003
1001
1008
1008
999
1008
1014
1009
1007
1008
1011
1004
1004
999
997
1006
996
999
1002
1008
1003
1003
1002
1008
1003
994
1005
999
998
1007
1004
1003
1004
994
1004
1007
1007
1002
1001
1008
1008
1010
1011
1017
1019
1013
1001
1014
1013
1017
1009
1006
1008
1008
1006
1010
1001
1002
1013
1003
1002
994
1002
1005
998
1003
1001
1000
1000
998
995
997
1001
997
999
1007
994
1002
992
997
1000
1003
1004
1004
1006
1008
1001
1008
1006
1008
1008
1018
1005
1008
999
1020
1010
1003
1011
1003
1009
1004
1007
1001
1009
1013
1014
1001
1006
1001
1008
997
1008
1002
1001
1001
1006
1005
998
1002
1002
1004
1009
999
1006
1006
1005
1002
1003
1006
1005
1006
999
1000
1007
1008
1011
1013
1017
1010
1011
1016
1011
1008
1018
1009
1016
1008
1015
1003
1012
1012
1013
1012
1011
1014
1027
1025
1012
1004
1007
1011
1018
1012
1010
1021
1013
1010
1008
1012
1014
1013
1017
1016
1015
1012
1009
1015
1009
1018
1010
1003
1014
1014
1007
1014
1014
1007
1018
1013
1013
1011
1015
1008
1008
1010
1015
1009
1010
1007
1013
998
999
1010
1010
1007
1001
1013
1011
1003
1005
1013
1003
1005
1004
1011
1006
1009
994
1002
1006
1010
1005
994
1008
1011
1010
1003
996
1015
998
1009
1006
1006
1006
1004
1006
997
1004
987
998
1003
999
998
1001
992
986
992
997
1005
1003
1006
1009
998
1001
1008
999
1008
1000
994
1002
996
995
990
1000
997
1004
998
1001
994
990
993
995
999
996
995
994
995
998
992
996
1010
1003
996
1002
996
1003
998
1000
999
1006
986
995
999
1007
1002
996
1003
1006
997
1002
999
1005
999
990
988
998
990
994
988
1005
1004
1006
1000
1003
999
996
999
999
1000
987
1000
999
989
991
1001
992
997
994
999
994
997
1004
995
998
1000
994
990
986
998
999
1001
1005
998
999
994
1008
1002
1007
1004
1001
1008
1007
1006
1004
1005
1003
1004
1006
1007
1012
1013
1008
1007
1006
1005
998
997
1003
1008
998
991
1001
1000
993
1000
1000
993
997
990
995
999
1001
991
999
995
996
997
999
1001
1003
1011
1011
1000
1003
1008
1008
1008
1009
1009
1004
1006
1006
1007
1010
1000
1006
1005
995
990
1001
993
998
997
998
999
998
1011
1004
1007
1007
1008
1002
1004
1004
1001
1002
1010
1008
1000
987
1003
1004
997
1002
1001
994
1006
997
1002
997
1008
1006
994
1004
996
998
996
1003
1004
1006
999
999
1007
995
1009
999
994
1001
1001
1006
1009
1014
1010
1003
1001
1006
1002
1005
1008
1008
1008
1012
1011
1006
1005
1008
1004
1007
1001
1000
996
1005
1007
1010
1009
1018
1013
1009
1009
1015
1005
1014
1018
1011
1018
1010
1016
1009
1013
1010
1011
1007
1012
1019
1006
1007
1014
1010
1005
1006
1010
1002
1008
1009
1007
1005
1013
1006
1011
997
1008
1012
1010
1012
1014
1006
1004
1012
1009
1012
1009
1010
1012
1010
1010
1016
1015
1016
1016
1010
1013
1015
1009
1011
1008
1013
1013
1017
1009
1012
1013
1011
1011
1010
1010
1016
1010
1004
1011
1008
1010
1007
1012
1001
1017
1005
1010
1008
1011
1004
1013
1007
995
1005
999
992
998
1005
1012
1007
1000
1005
1003
1008
1010
1009
1007
1002
998
1001
1007
1017
1016
1011
1017
1011
1009
1004
1006
1006
1008
1010
1009
1005
1016
1013
1021
1018
1016
1016
1013
1020
1012
1014
1012
1012
1010
1019
1019
1010
1008
1012
1006
1011
1012
1014
1009
1010
1007
1001
1000
1005
1007
1008
1010
1008
1010
1008
1010
1012
1010
1008
1018
1013
1013
1009
1014
1012
1008
1015
1009
1010
1012
1013
1009
1008
1012
1012
1015
1013
1006
1007
1017
1004
1015
1008
1007
1005
1005
1011
1012
1004
1010
1015
1006
1007
1006
1005
1010
1009
1010
1013
1009
1009
1015
1011
1015
1010
1007
1023
1010
1012
1007
1009
1012
1003
1001
1008
1011
1012
1012
1018
1015
1020
1018
1021
1019
1010
1006
1014
1009
1012
1019
1019
1013
1017
1018
1021
1018
1017
1019
1022
1018
1030
1019
1021
1024
1020
1026
1026
1024
1019
1026
1026
1022
1011
1017
1017
1015
1002
1016
1022
1014
1020
1017
1023
1024
1022
1022
1020
1017
1024
1016
1014
1015
1024
1015
1021
1022
1019
1016
1014
1016
1016
1012
1017
1016
1004
1006
1010
1004
1007
1000
992
1009
1001
1003
1008
1005
1003
1004
1004
1004
999
996
1003
1014
1015
1002
1008
1006
1007
1015
1009
1006
1005
1005
1011
1011
1009
1007
1004
1009
1011
1012
1012
1009
1012
1011
993
1007
1008
1005
1016
1012
1010
1009
998
1006
1004
1005
1012
1007
1006
1018
1008
1013
1022
1018
1021
1017
1017
1020
1014
1013
1022
1018
1013
1011
1009
1014
1019
1016
1013
1013
1015
1013
1007
1014
1015
1016
1010
1016
1022
1007
1008
1005
1017
1011
1016
1015
1015
1013
1007
1007
1006
1010
1012
1009
1014
1014
1019
1015
1013
1022
1018
1017
1020
1024
1022
1020
1021
1014
1013
1020
1015
1015
1019
1019
1015
1016
1017
1015
1015
1009
1016
1018
1008
1013
1013
1015
1005
1009
1001
1007
1007
1010
991
1007
1009
1005
1016
1011
1012
1008
1005
1007
1012
1010
1005
1004
996
1004
999
1008
1004
1009
1011
1000
1008
1008
1012
1008
1018
1017
1011
1015
1013
1009
1017
1016
1023
1016
1016
1006
1009
1011
1004
1009
1004
1005
1008
1006
1009
1014
1012
1008
1008
1010
1002
1002
1013
1009
1007
1005
998
1004
1004
998
1009
1000
1007
1002
1006
1014
1006
1010
1008
1005
1002
1005
995
1001
1000
1004
1006
1005
1002
1005
1004
1013
999
1005
1004
998
995
1016
1009
1012
1003
1004
1008
1011
1003
1008
1006
1012
1010
1005
1003
1013
1009
1012
1019
1021
1018
1019
1017
1017
1016
1011
1002
1009
1010
1006
1014
1012
1012
1011
1008
1009
1010
1002
1005
1015
1007
1013
1016
1012
1020
1015
1013
1008
1009
1015
1016
1014
1017
1014
1016
999
1012
1016
1012
1014
1002
995
1007
1010
1008
1009
1013
1006
1004
1026
1013
1015
1018
1015
1024
1020
1010
1007
1000
1012
1017
1012
1014
1014
1010
1011
1009
1009
1012
1010
1009
1015
998
1003
1019
1013
1018
1011
1006
1003
1004
993
994
998
1000
997
995
999
999
1004
1009
1007
1010
1006
1008
1014
1006
1011
1012
1014
1013
1011
1014
1014
1014
1016
1005
1012
1018
1016
1013
1007
1023
1018
1013
1015
1016
1022
1012
1022
1024
1025
1024
1017
1019
1015
1017
1015
1018
1012
1018
1009
1015
1012
1008
1012
1014
1008
1017
1015
1001
1001
1011
1006
1012
1011
1001
1008
1005
1004
1013
1009
1007
1003
1004
1008
1010
1013
999
1011
1014
1009
1013
1012
1015
1013
1011
1012
1014
1016
1014
1009
1007
1006
1011
1016
1010
1011
1015
1013
1011
1007
1007
1007
1016
1009
1015
1010
1008
1011
1011
1018
1016
1015
1016
1018
1021
1021
1018
1010
1028
1022
1024
1024
1017
1015
1018
1016
1019
1015
1011
1014
1023
1022
1017
1013
1012
1016
1020
1020
1017
1011
1013
1013
1014
1012
1024
1014
1001
1007
1022
1016
1013
1016
1010
1008
1017
1019
1024
1018
1021
1021
1019
1026
1019
1019
1027
1019
1010
1032
1021
1026
1022
1017
1027
1024
1017
1020
1014
1012
1012
1018
1016
1010
1018
1014
1007
1013
1011
1003
1018
1014
1015
1014
1025
1018
1013
1021
1019
1022
1021
1018
1018
1007
1004
1008
1010
1012
1009
1009
1013
1008
1013
1013
1016
1008
1016
1010
1018
1012
1007
1011
1010
1009
1008
1004
1008
1008
1009
1010
1008
1014
1003
993
1013
1016
1009
1019
1010
1020
1022
1025
1016
1017
1004
998
1014
1016
1014
1007
1013
1014
1014
1011
1011
1016
1015
1009
1018
1015
1014
1004
1012
1006
1012
1007
1007
1013
1010
1010
1009
1012
1017
1014
1002
1015
1009
1010
1010
1008
1010
1007
1001
1016
1019
1013
1020
1012
1016
1013
1018
1013
1008
1012
1010
1009
1003
1009
1009
1020
1015
1013
1011
1015
1012
1004
1007
1009
1007
1002
1009
1014
1006
1013
1015
1015
1006
1007
1006
1005
1019
1014
1012
1013
1018
1012
1014
1015
1015
1010
1012
1019
1006
1010
1021
1014
1021
1012
1018
1019
1019
1015
1006
1015
1011
1013
1017
1017
1019
1016
1011
1020
1017
1020
1017
1009
1010
1018
1018
1019
1014
1023
1019
1012
1021
1017
1019
1015
1017
1017
1003
1010
1010
1016
1007
1017
1012
1015
1014
1004
1011
1003
1005
1012
1006
1003
1019
1020
1014
1011
1008
1011
1015
1012
1015
1013
1010
1011
1010
1013
1015
1017
1010
1011
1018
1014
1009
1006
1011
1017
1014
1013
1014
1023
1015
1018
1020
1020
1020
1021
1017
1028
1022
1024
1022
1024
1015
1024
1021
1017
1023
1027
1009
1018
1024
1015
1017
1021
1020
1026
1019
1026
1018
1018
1018
1028
1025
1020
1018
1009
1006
1017
1018
1019
1013
1017
1022
1020
1019
1017
1019
1013
1019
1021
1023
1021
1025
1024
1018
1021
1021
1020
1024
1025
1020
1022
1026
1023
1026
1024
1013
1024
1020
1028
1025
1027
1020
1028
1026
1025
1029
1017
1019
1036
1028
1029
1029
1023
1022
1016
1015
1017
1014
1020
1026
1023
1018
1032
1024
1023
1029
1029
1026
1020
1023
1024
1029
1025
1020
1013
1019
1015
1020
1019
1015
1023
1022
1016
1017
1016
1032
1026
1020
1022
1022
1031
1027
1028
1020
1030
1034
1031
1027
1030
1030
1029
1018
1023
1027
1024
1020
1018
1027
1024
1024
1020
1018
1016
1011
1012
1004
1010
1013
1015
1016
1014
1006
1019
1015
1014
1015
1022
1014
1018
1023
1015
1023
1032
1014
1022
1025
1029
1017
1017
1016
1016
1016
1023
1012
1024
1025
1027
1021
1015
1030
1030
1031
1032
1027
1027
1032
1024
1023
1021
1020
1026
1030
1014
1012
1010
1011
1013
1019
1015
1016
1016
1023
1020
1022
1022
1018
1024
1015
1011
1022
1012
1026
1026
1026
1029
1026
1022
1021
1016
1021
1017
1022
1022
1028
1019
1025
1014
1017
1022
1013
1025
1023
1023
1024
1021
1016
1018
1017
1021
1016
1018
1016
1015
1011
1016
1016
1016
1016
1015
1026
1021
1025
1019
1017
1026
1026
1031
1032
1023
1030
1029
1031
1036
1032
1030
1036
1038
1031
1030
1036
1031
1032
1026
1020
1038
1036
1042
1038
1031
1032
1029
1034
1031
1034
1020
1027
1032
1036
1035
1040
1041
1039
1043
1034
1041
1041
1038
1033
1040
1042
1043
1042
1042
1035
1035
1039
1034
1038
1031
1033
1037
1041
1035
1040
1032
1042
1047
1040
1035
1041
1046
1047
1046
1035
1039
1041
1036
1045
1055
1045
1045
1046
1046
1046
1045
1045
1042
1036
1048
1045
1043
1047
1044
1045
1045
1044
1043
1044
1035
1042
1041
1048
1050
1039
1049
1045
1042
1037
1043
1038
1035
1037
1038
1034
1033
1025
1037
1032
1039
1031
1033
1022
1028
1032
1018
1029
1023
1025
1027
1021
1023
1025
1025
1025
1022
1022
1015
1016
1005
1010
1015
1018
1018
1017
1017
1020
1022
1015
1021
1025
1029
1025
1019
1030
1024
1010
1020
1016
1021
1027
1017
1027
1029
1023
1023
1030
1023
1027
1021
1021
1025
1025
1029
1020
1031
1029
1035
1031
1026
1024
1024
1028
1027
1027
1025
1021
1021
1019
1025
1028
1021
1023
1016
1028
1024
1014
1026
1024
1024
1019
1012
1023
1020
1025
1028
1028
1023
1016
1024
1024
1020
1022
1030
1032
1032
1021
1020
1027
1027
1004
1017
1019
1019
1024
1026
1014
1008
1015
1015
1018
1024
1021
1019
1029
1023
1027
1015
1018
1017
1018
1019
1019
1021
1021
1025
1024
1031
1020
1017
1028
1021
1031
1027
1029
1032
1034
1027
1031
1029
1026
1029
1024
1025
1018
1016
1020
1024
1020
1028
1014
