950
955
948
945
952
945
945
945
941
948
947
939
940
935
949
952
946
949
951
950
950
944
951
955
948
952
962
953
951
959
958
965
954
963
958
960
958
956
958
951
952
957
964
959
966
971
968
965
970
969
967
967
969
969
963
961
965
959
970
970
966
962
968
960
965
964
969
964
969
966
962
968
962
966
969
968
966
964
970
966
963
966
966
966
959
951
957
958
954
959
958
960
958
955
958
961
957
955
960
954
962
971
967
963
959
959
957
960
961
954
961
962
958
961
960
959
955
955
961
962
967
965
967
964
967
969
956
953
969
957
946
953
964
966
964
960
966
965
960
961
967
971
966
976
969
973
975
968
974
968
972
966
969
959
964
967
965
966
969
964
958
960
964
968
961
971
962
963
967
965
966
967
963
973
970
967
959
966
971
975
980
978
974
972
972
970
976
976
977
972
977
975
967
971
973
974
966
974
960
974
969
969
973
970
967
962
968
966
967
968
981
972
965
967
966
954
960
959
960
966
966
960
962
961
966
959
964
966
958
966
968
967
974
968
967
968
965
969
967
969
968
968
958
968
971
970
969
967
968
970
973
964
969
972
976
969
968
972
965
973
971
976
964
966
970
965
967
961
964
963
966
971
958
953
968
963
959
967
962
960
963
967
962
964
960
958
963
964
961
955
969
969
967
967
966
961
960
968
965
967
969
961
962
963
966
973
973
979
978
976
968
966
953
961
967
960
969
967
969
966
968
968
962
966
966
970
969
975
968
968
969
970
972
975
969
967
969
968
973
967
982
975
973
970
974
970
975
967
969
971
969
969
979
974
974
965
977
967
970
968
965
972
970
963
967
965
968
970
964
964
961
959
961
962
965
960
965
967
962
958
970
960
975
969
967
965
968
965
961
963
967
963
970
967
961
961
971
961
971
961
961
967
963
966
968
969
968
964
964
971
978
971
971
969
971
974
973
974
975
967
973
973
978
976
974
968
966
972
974
972
971
971
965
976
975
976
974
969
969
973
965
968
963
960
971
965
962
967
972
966
976
971
968
965
962
972
975
971
969
963
970
970
969
969
965
968
977
971
972
967
971
978
974
973
976
979
978
976
978
977
974
978
975
972
972
970
975
981
979
983
983
985
981
983
982
980
984
979
983
988
982
981
983
982
986
979
981
982
992
988
982
981
990
984
980
982
982
985
990
984
980
978
975
985
982
980
975
978
975
981
980
975
976
982
977
975
976
984
978
991
993
991
987
987
994
984
993
997
982
989
992
990
988
985
982
970
970
980
981
978
980
978
981
972
978
978
975
979
974
975
974
974
979
984
982
984
987
975
977
976
978
971
971
974
963
963
967
979
974
969
963
967
974
969
961
964
966
964
968
963
968
968
970
965
968
964
965
961
963
969
962
967
965
972
969
968
971
969
967
966
972
970
970
969
970
974
975
975
977
977
956
967
961
967
964
966
974
967
969
968
958
960
962
964
956
957
960
961
963
968
962
965
962
966
974
966
968
974
973
975
964
973
972
969
968
974
964
968
972
971
968
974
967
960
975
972
972
978
975
979
978
977
973
975
975
969
971
974
960
973
970
967
969
976
967
973
976
978
976
977
966
976
977
982
981
983
982
973
970
967
977
975
986
975
984
981
976
963
975
976
976
974
974
972
980
976
975
968
975
973
974
977
978
979
980
975
976
980
978
983
973
974
978
973
972
978
980
980
977
978
981
977
978
969
979
973
979
986
989
986
984
983
996
988
987
986
990
987
992
990
993
988
993
1000
995
996
996
997
995
999
997
1004
1003
1006
1007
1002
1006
1009
1012
1004
1008
1007
1007
1006
996
1002
1005
1008
1006
1007
1013
1008
1014
1015
1010
1006
1020
1009
1003
1007
1007
1005
1012
1004
995
1002
1002
1003
1003
1000
997
1011
996
1000
1007
1002
1002
996
1006
1001
1003
1006
1000
1008
1009
1013
1004
1006
1011
1006
1009
1016
1011
997
1005
1016
1004
1009
1002
1005
1009
1002
1007
996
1009
1008
999
1004
1003
1010
1014
1013
1013
1009
1004
1009
1007
1003
1002
1004
1003
994
1002
1003
1010
1010
1002
997
1003
1005
1007
1004
1000
1009
1004
1004
1002
998
1002
1012
1011
1005
1006
1010
1015
1008
1009
1014
1015
1013
1015
1005
1010
1013
1014
1010
1003
1012
1008
1005
1007
1013
1014
1015
1003
1015
1012
1011
1002
1013
1009
1019
1018
1010
999
1002
1006
1004
1006
1006
998
1007
1013
1005
1002
1004
1007
1004
995
1009
1007
1005
1003
1005
999
993
996
997
1002
1001
1010
1013
1011
1003
1015
1011
1002
1005
997
1001
997
1005
1005
1002
999
1001
1001
998
997
1005
999
1001
1005
1007
1009
1005
998
1001
1006
1004
1009
994
999
1005
1004
1005
994
1003
1004
1004
998
996
992
996
1007
993
987
1003
999
999
1000
998
1003
996
999
996
999
999
995
997
1001
995
989
997
1000
1005
998
996
1009
1006
1006
998
1007
997
1002
1006
1001
1000
1000
1002
1001
998
1010
1001
1003
1002
1001
1007
1007
1012
1000
995
996
1004
997
1004
1007
1003
1003
1006
1002
1002
1006
1008
994
996
1007
1004
1005
1003
1004
1006
1001
1007
1002
1005
1002
1002
1003
1010
999
1008
1006
1007
1006
1002
1008
1008
1008
1002
1006
996
992
994
994
995
992
996
995
999
984
998
987
996
988
991
985
994
996
993
996
995
1000
996
995
1000
1003
995
1004
993
999
1001
996
999
1002
1006
1008
999
1007
1011
1006
1008
1007
1004
1014
1022
1014
1015
1012
1017
1013
1025
1019
1020
1017
1015
1014
1017
1013
1013
1006
1010
1002
999
1005
1001
1014
1016
1005
1005
1009
1013
1002
1001
1008
1003
1007
1008
1007
1013
1008
1009
1009
1006
1010
1006
1004
1015
1015
1014
1007
1013
1008
1017
1014
1017
1006
1012
1015
1006
1014
1007
1008
1006
1012
1014
1016
1009
1015
1012
1016
1005
1016
1022
1025
1011
1018
1015
1010
1017
1007
1013
1013
1010
1009
1014
1006
1008
1013
1010
1007
1016
1023
1013
1016
1014
1014
1018
1022
1021
1013
1013
1012
1010
1011
1009
1014
1006
1021
1017
1020
1025
1013
1013
1018
1020
1006
1013
1007
1016
1015
1007
1007
1016
1010
1016
1014
1010
1017
1017
1020
1014
1011
1022
1014
1018
1016
1014
1009
1012
1013
1018
1017
1009
1003
1002
1008
1004
1006
1014
1013
1007
1009
1012
1010
1020
1011
1016
1018
1008
1018
1009
1021
1019
1020
1019
1020
1026
1025
1027
1027
1024
1022
1023
1016
1024
1019
1021
1019
1023
1021
1014
1012
1018
1020
1020
1016
1011
1015
1017
1026
1023
1012
1003
1020
1014
1021
1016
1023
1012
1016
1017
1010
1013
1010
1023
1016
1010
1016
1013
1014
1010
1012
1019
1017
1014
1014
1016
1023
1023
1024
1017
1020
1015
1018
1008
1021
1010
1010
1015
1011
1014
1015
1021
1020
1012
1017
1018
1019
1011
1020
1020
1018
1012
1018
1010
1013
1009
1015
1014
1019
1018
1021
1018
1019
1019
1016
1018
1020
1025
1023
1024
1032
1020
1020
1020
1021
1020
1023
1022
1024
1021
1014
1022
1029
1020
1021
1027
1013
1023
1030
1028
1024
1023
1022
1025
1021
1018
1022
1015
1016
1019
1019
1023
1023
1016
1022
1021
1017
1022
1019
1021
1017
1019
1022
1022
1023
1013
1016
1022
1020
1023
1020
1021
1013
1013
1019
1017
1017
1019
1018
1017
1024
1024
1015
1021
1024
1022
1025
1017
1008
1018
1011
1010
1014
1009
1022
1018
1019
1021
1014
1017
1018
1023
1015
1019
1015
1019
1021
1019
1024
1017
1025
1025
1019
1020
1016
1018
1019
1016
1019
1023
1026
1023
1019
1023
1022
1026
1021
1018
1018
1017
1019
1017
1024
1017
1006
1012
1003
1003
1014
1021
1016
1015
1010
1016
1009
1016
1014
1014
1016
1017
1023
1026
1021
1019
1016
1020
1014
1015
1016
1011
1016
1020
1017
1015
1015
1018
1025
1015
1020
1014
1023
1023
1014
1023
1025
1024
1025
1027
1025
1022
1024
1020
1024
1024
1030
1033
1023
1033
1026
1032
1022
1026
1024
1016
1021
1014
1014
1009
1026
1016
1009
1011
1008
1011
1021
1023
1017
1023
1029
1018
1016
1019
1010
1017
1020
1020
1021
1022
1022
1016
1011
1018
1020
1024
1015
1015
1016
1015
1016
1017
1013
1018
1016
1013
1018
1020
1009
1015
1013
1023
1022
1026
1022
1021
1027
1024
1022
1011
1017
1015
1017
1022
1024
1023
1021
1029
1020
1021
1020
1019
1030
1026
1030
1028
1017
1025
1014
1017
1014
1022
1016
1012
1012
1021
1014
1016
1018
1005
1018
1018
1016
1014
1021
1020
1028
1025
1020
1024
1024
1020
1019
1017
1023
1019
1021
1019
1012
1014
1009
1018
1010
1010
1018
1014
1023
1016
1004
1014
1018
1016
1013
1008
1017
1011
1011
1015
1007
1001
1014
1017
1015
1019
1011
1021
1022
1022
1009
1016
1021
1019
1016
1018
1022
1017
1014
1020
1018
1019
1016
1018
1026
1023
1022
1020
1020
1021
1017
1014
1023
1024
1013
1023
1011
1017
1017
1013
1013
1015
1007
1012
1013
1008
1017
1021
1024
1015
1015
1017
1019
1018
1022
1017
1024
1012
1022
1010
1019
1014
1023
1017
1017
1023
1019
1023
1018
1023
1023
1018
1024
1005
1011
1017
1021
1020
1014
1012
1016
1017
1019
1019
1023
1018
1015
1009
1008
1007
1011
1017
1015
1015
1023
1009
1016
1015
1015
1014
1009
1021
1016
1021
1016
1014
1010
1019
1019
1018
1011
1004
1016
1010
1012
1006
1009
1006
1009
1005
1010
1005
1011
1014
1012
1010
1013
1015
1009
1010
1009
1008
1006
996
1005
1011
1002
1016
1000
1007
1013
1005
1014
1016
1014
1016
1002
1013
1013
1015
1022
1015
1012
1022
1032
1027
1023
1019
1020
1029
1024
1023
1024
1025
1020
1027
1022
1021
1021
1036
1021
1019
1025
1025
1027
1023
1024
1023
1018
1021
1023
1020
1020
1013
1017
1018
1014
1016
1018
1014
1019
1019
1013
1007
1011
1019
1018
1020
1017
1015
1007
1006
1008
1005
1004
1010
1013
1017
1017
1016
1005
1015
1018
1011
1017
1012
1011
1011
1010
1008
1024
1018
1013
1014
1020
1017
1017
1009
1018
1008
1018
1011
1011
1009
1005
1002
1006
1013
1018
1012
1010
1015
1020
1022
1016
1021
1013
1010
1012
1009
1016
1009
1016
1011
1020
1022
1018
1011
1021
1020
1024
1021
1018
1020
1014
1011
1020
1016
1018
1013
1011
1021
1018
1020
1016
1018
1009
1014
1015
1019
1018
1009
1016
1017
1009
1017
1010
1011
1015
1021
1022
1012
1018
1018
1021
1015
1016
1020
1017
1021
1015
1007
1017
1021
1016
1011
1003
1008
1010
1006
1000
1005
1013
1011
1017
1011
1015
1020
1014
1019
1013
1019
1018
1018
1012
1024
1016
1024
1009
1021
1020
1019
1023
1019
1022
1019
1025
1012
1022
1018
1017
1022
1020
1017
1015
1016
1018
1026
1022
1020
1019
1019
1020
1018
1014
1016
1010
1013
1014
1021
1016
1006
1013
1014
1014
1021
1018
1020
1017
1025
1029
1026
1022
1021
1009
1025
1017
1018
1022
1019
1020
1020
1025
1025
1025
1024
1024
1020
1024
1025
1024
1021
1019
1020
1019
1018
1030
1017
1014
1015
1022
1017
1014
1017
1014
1019
1022
1017
1018
1023
1020
1019
1026
1025
1023
1028
1019
1020
1019
1025
1010
1017
1015
1014
1020
1019
1026
1017
1018
1018
1029
1025
1019
1022
1015
1018
1022
1013
1016
1024
1015
1014
1012
1016
1015
1015
1030
1012
1021
1017
1027
1021
1011
1012
1012
1019
1017
1010
1006
1007
1003
1010
1003
1009
1010
1008
1012
1010
1005
1015
1010
1002
1011
1006
1008
1004
1010
1008
1007
1003
1004
1014
1004
1007
1010
1015
1004
1019
1013
1011
1012
1020
1005
1014
1018
1014
1020
1013
1017
1008
1018
1011
1016
1018
1021
1017
1018
1015
1020
1012
1017
1017
1008
1016
1016
1016
1018
1001
1017
1019
1018
1015
1008
1010
1013
1003
1017
1018
1019
1023
1019
1019
1013
1012
1021
1016
1012
1014
1018
1014
1020
1020
1018
1018
1009
1017
1016
1010
1027
1021
1019
1019
1015
1015
1018
1018
1009
1011
1011
1011
1018
1014
1006
1004
1008
1011
1011
1023
1012
1020
1013
1023
1016
1019
1020
1013
1019
1004
1012
1011
1007
1017
1021
1018
1014
1013
1023
1028
1022
1023
1011
1026
1028
1022
1029
1033
1031
1035
1031
1026
1028
1025
1028
1030
1029
1031
1022
1020
1008
1012
1016
1016
1028
1030
1014
1027
1018
1014
1019
1025
1022
1026
1024
1018
1026
1016
1022
1018
1022
1022
1017
1025
1022
1030
1026
1027
1024
1030
1024
1030
1028
1024
1015
1029
1032
1029
1022
1027
1022
1019
1025
1018
1023
1020
1028
1018
1013
1013
1024
1024
1028
1012
1025
1028
1025
1025
1027
1024
1025
1029
1029
1020
1018
1023
1032
1024
1027
1035
1026
1028
1033
1019
1019
1024
1021
1029
1023
1015
1016
1030
1030
1023
1016
1017
1022
1027
1035
1021
1027
1028
1034
1034
1031
1029
1033
1032
1026
1024
1023
1036
1036
1033
1026
1027
1029
1034
1022
1028
1028
1021
1037
1021
1024
1022
1033
1022
1029
1025
1031
1031
1031
1029
1040
1036
1041
1028
1033
1030
1031
1033
1027
1025
1033
1028
1025
1025
1023
1019
1015
1023
1015
1014
1020
1010
1017
1026
1021
1019
1014
1019
1020
1019
1021
1020
1028
1020
1023
1025
1024
1028
1025
1026
1030
1025
1034
1029
1036
1027
1030
1030
1030
1025
1023
1030
1030
1028
1027
1025
1029
1032
1031
1030
1029
1024
1038
1031
1028
1031
1026
1027
1024
1026
1028
1024
1027
1027
1014
1016
1024
1021
1016
1025
1034
1031
1026
1025
1033
1028
1029
1023
1031
1030
1025
1030
1024
1025
1033
1029
1036
1029
1025
1034
1031
1029
1037
1027
1031
1025
1030
1030
1026
1024
1025
1030
1033
1036
1028
1026
1032
1029
1026
1036
1033
1028
1034
1031
1032
1028
1036
1036
1024
1027
1031
1026
1031
1032
1028
1032
1022
1031
1023
1027
1033
1031
1014
1025
1025
1016
1030
1028
1028
1029
1030
1026
1029
1036
1026
1035
1038
1034
1035
1024
1025
1027
1028
1026
1032
1032
1033
1029
1026
1026
1026
1017
1020
1015
1017
1026
1028
1026
1036
1031
1026
1024
1032
1030
1035
1031
1035
1032
1034
1035
1036
1030
1033
1028
1030
1020
1036
1022
1029
1025
1030
1024
1023
1034
1033
1021
1031
1023
1033
1025
1034
1029
1024
1027
1028
1017
1032
1027
1018
1034
1025
1026
1035
1026
1031
1031
1027
1029
1023
1032
1033
1032
1030
1033
1030
1025
1027
1025
1027
1025
1028
1024
1015
1018
1023
1024
1018
1023
1024
1025
1015
1025
1022
1023
1020
1026
1025
1013
1024
1015
1020
1015
1016
1020
1016
1017
1025
1025
1018
1029
1039
1023
1026
1026
1031
1036
1034
1040
1031
1032
1030
1029
1033
1032
1035
1029
1033
1031
1027
1028
1031
1027
1021
1030
1020
1023
1022
1030
1019
1027
1031
1030
1033
1031
1033
1039
1034
1032
1029
1028
1032
1033
1028
1031
1033
1038
1028
1034
1026
1021
1036
1031
1037
1016
1026
1028
1036
1035
1029
1023
1027
1026
1021
1029
1028
1020
1024
1025
1029
1029
1036
1038
1027
1029
1035
1028
1029
1023
1031
1031
1029
1029
1028
1027
1027
1030
1030
1030
1029
1028
1025
1030
1031
1032
1032
1031
1028
1028
1040
1037
1039
1036
1039
1034
1036
1033
1031
1026
1029
1037
1029
1023
1032
1026
1023
1032
1032
1023
1024
1026
1035
1033
1023
1023
1015
1024
1029
1030
1020
1021
1034
1025
1018
1020
1023
1028
1034
1031
1029
1023
1028
1023
1026
1022
1015
1010
1019
1028
1030
1036
1031
1027
1021
1026
1023
1019
1021
1025
1030
1025
1021
1021
1020
1017
1031
1023
1010
1027
1024
1023
1027
1024
1030
1024
1027
1022
1021
1032
1023
1025
1017
1027
1025
1015
1022
1025
1027
1015
1024
1020
1022
1031
1024
1017
1027
1029
1020
1024
1027
1018
1022
1025
1020
1033
1024
1028
1025
1026
1021
1023
1020
1024
1018
1020
1015
1023
1029
1025
1017
1024
1017
1017
1025
1017
1013
1017
1023
1023
1016
1022
1015
1017
1023
1021
1014
1025
1021
1024
1029
1026
1023
1025
1031
1027
1031
1027
1032
1034
1032
1029
1027
1030
1030
1016
1021
1022
1022
1020
1023
1029
1028
1024
1031
1032
1026
1015
1018
1021
1030
1021
1029
1030
1023
1012
1024
1021
1030
1013
1028
1021
1021
1016
1023
1027
1026
1019
1021
1022
1018
1017
1022
1026
1017
1026
1016
1018
1013
1016
1020
1023
1016
1026
1023
1019
1023
1025
1025
1027
1022
1019
1022
1030
1024
1023
1020
1028
1026
1031
1025
1030
1017
1030
1029
1038
1034
1026
1026
1030
1026
1024
1029
1034
1031
1033
1029
1022
1033
1029
1028
1034
1027
1027
1031
1032
1029
1039
1021
1033
1026
1031
1024
1027
1015
1028
1029
1027
1024
1033
1033
1032
1024
1017
1024
1025
1024
1019
1021
1020
1028
1028
1032
1029
1022
1027
1033
1025
1025
1026
1029
1038
1033
1026
1024
1026
1017
1031
1027
1016
1017
1020
1016
1015
1021
1027
1023
1023
1030
1025
1024
1023
1021
1017
1020
1025
1024
1025
1029
1028
1037
1021
1023
1027
1026
1030
1031
1038
1032
1026
1023
1026
1024
1031
1021
1031
1029
1031
1022
1024
1030
1027
1027
1028
1030
1029
1040
1039
1041
1025
1020
1029
1033
1030
1033
1041
1029
1028
1019
1028
1030
1024
1034
1029
1021
1029
1027
1031
1028
1017
1021
1022
1021
1022
1020
1029
1021
1028
1025
1018
1022
1018
1025
1023
1015
1021
1017
1017
1014
1016
1016
1021
1026
1019
1020
1018
1019
1015
1016
1029
1023
1021
1020
1018
1022
1024
1025
1025
1024
1024
1018
1023
1027
1016
1017
1018
1016
1021
1013
1016
1021
1011
1026
1029
1018
1018
1026
1023
1028
1021
1025
1019
1020
1014
1017
1013
1019
1020
1019
1023
1008
1015
1013
1020
1019
1014
1013
1007
1008
1016
1022
1016
1030
1018
1019
1027
1017
1017
1018
1020
1023
1022
1017
1009
1013
1007
1021
1026
1020
1012
1017
1021
1015
1013
1017
1021
1020
1011
1015
1011
1018
1031
1022
1027
1022
1023
1019
1030
1025
1023
1022
1027
1024
1027
1024
1026
1024
1021
1026
1013
1023
1020
1023
1021
1019
1026
1016
1015
1019
1022
1019
1029
1031
1018
1022
1021
1025
1015
1024
1022
1022
1022
1015
1019
1026
1022
1024
1014
1017
1024
1016
1023
1019
1013
1024
1019
1018
1011
1012
1015
1012
1012
1021
1021
1016
1022
1024
1015
1010
1016
1015
1009
1014
1018
1020
1014
1016
1023
1019
1016
1018
1020
1022
1020
1012
1026
1022
1015
1018
1006
1010
1007
1026
1017
1019
1008
1020
1018
1018
1021
1015
1006
1017
1015
1006
1016
1010
1016
1012
1014
1014
1002
1023
1014
1012
1011
1016
1014
1017
1008
1014
1010
1010
1010
1005
1009
1009
1016
1019
1004
1019
1018
1013
1010
1006
1008
1017
1017
1020
1009
1013
1005
1008
1006
1015
1022
1009
1009
1019
1018
1012
1010
1012
1015
1010
1020
1018
1019
1027
1026
1014
1025
1010
1013
1007
1000
1010
1008
1012
1009
1004
1007
1004
1009
1008
1007
1011
1011
1005
1011
1016
1012
1009
1011
1017
1011
1017
1017
1012
1018
1021
1018
1019
1019
1018
1012
1008
1020
1018
1017
1008
1009
1026
1017
1017
1019
1012
1012
1012
1019
1016
1013
1007
1013
1011
1012
1019
1023
1023
1020
1021
1023
1019
1012
1019
1018
1008
1014
1016
1021
1017
1023
1016
1015
1016
1010
1017
1022
1011
1007
1017
1016
1015
1019
1022
1019
1017
1018
1011
1017
1018
1023
1024
1024
1024
1025
1024
1018
1027
1028
1026
1019
1025
1019
1020
1020
1019
1021
1029
1026
1023
1022
1018
1021
1023
1021
1022
1019
1020
1019
1019
1022
1023
1029
1022
1012
1022
1015
1012
1014
1011
1019
1011
1017
1018
1021
1022
1023
1022
1017
1023
1019
1019
1016
1022
1023
1015
1024
1016
1011
1004
1014
1016
1007
1006
1008
1014
1008
1018
1013
1021
1023
1019
1019
1015
1018
1015
1018
1018
1021
1021
1023
1026
1023
1019
1016
1023
1017
1024
1012
1022
1016
1018
1013
1014
1019
1020
1021
1017
1018
1021
1013
1011
1019
1017
1020
1014
1013
1016
1016
1008
1008
1017
1021
1022
1016
1017
1021
1015
1021
1013
1011
1019
1015
1010
1011
1010
1016
1012
1017
1019
1012
1009
1016
1005
1015
1014
1008
1012
1008
1011
1015
1012
1014
1011
1017
1013
1012
1007
1005
1007
1009
1003
1013
1010
1000
1008
1005
1020
1022
1020
1014
1012
1018
1017
1020
1015
1019
1017
1018
1024
1014
1015
1016
1017
1009
1016
1012
1016
1017
1015
1016
1017
1017
1010
1014
1020
1018
1011
1014
1012
1024
1008
1018
1019
1015
1024
1028
1021
1019
1017
1014
1023
1019
1018
1022
1024
1020
1013
1016
1026
1013
1019
1013
1013
1024
1015
1027
1012
1017
1025
1027
1012
1020
1017
1020
1021
1023
1022
1024
