950
948
947
950
945
955
942
944
941
942
946
947
946
949
939
944
946
939
941
938
950
944
939
947
947
940
941
940
943
941
949
945
949
947
949
950
952
948
953
959
957
959
962
961
950
955
958
953
954
950
958
947
948
944
950
954
949
951
954
953
953
948
960
948
955
955
960
957
962
960
953
955
953
958
959
962
959
959
957
957
964
958
961
953
956
957
958
954
958
956
958
964
967
960
964
972
959
969
971
967
968
965
963
964
963
964
958
959
954
959
959
959
957
957
963
969
964
973
975
971
971
971
969
971
958
962
957
965
958
965
963
961
959
959
963
963
963
961
959
959
964
958
961
965
959
961
967
966
956
966
954
958
956
953
956
959
962
966
961
955
957
950
959
962
971
971
962
964
962
970
968
957
964
970
966
970
968
973
965
966
966
975
966
973
973
972
968
976
973
980
978
982
977
983
978
982
972
974
976
974
977
972
968
973
976
978
979
978
986
982
977
980
981
974
963
973
983
976
969
978
983
982
984
976
979
973
969
975
969
973
973
975
976
967
971
969
966
973
965
970
975
973
970
972
970
973
973
975
978
978
980
980
974
981
981
982
979
972
984
979
977
981
979
978
984
981
979
982
976
982
983
985
980
983
981
980
972
988
984
986
981
984
985
983
984
985
986
984
983
978
979
977
986
990
991
978
991
979
987
986
977
979
985
979
980
994
978
975
979
978
988
989
978
981
978
974
980
972
976
970
970
974
964
979
981
974
976
969
968
977
970
981
974
978
970
974
966
979
976
980
985
983
978
974
985
987
982
979
987
983
980
978
986
976
986
985
988
983
989
983
979
983
989
982
986
977
979
979
980
978
980
984
987
987
993
984
994
984
988
988
978
979
980
978
976
980
984
981
976
980
985
987
986
979
979
980
979
974
975
987
987
988
979
986
985
986
994
989
987
985
981
982
984
990
980
991
985
983
983
992
983
983
983
990
991
992
986
996
988
988
995
987
993
982
991
998
990
998
989
986
991
995
987
1001
994
983
987
988
991
991
982
988
973
980
987
989
996
984
987
978
988
987
981
978
986
976
983
984
984
982
987
982
976
979
978
986
984
982
981
980
973
985
984
992
983
985
990
988
986
986
986
990
991
988
990
987
989
978
983
979
987
983
986
987
986
984
984
984
986
991
989
996
994
990
992
991
985
984
986
990
985
984
985
991
989
993
986
991
986
987
993
989
985
989
983
989
990
985
992
985
992
992
991
994
983
990
996
991
992
989
990
991
978
986
980
982
985
990
984
991
984
986
989
986
987
986
986
979
985
976
988
983
984
986
981
990
991
992
990
991
986
991
985
980
981
976
982
982
981
991
990
983
988
987
994
990
985
987
986
987
987
994
990
988
991
990
979
994
1001
989
994
999
1001
992
998
988
992
986
985
981
989
991
990
990
988
988
991
983
987
986
999
990
996
984
999
992
994
986
993
994
993
988
997
1001
1002
1003
999
994
998
991
983
988
990
985
979
987
988
995
993
990
990
993
993
992
993
990
988
981
984
978
983
982
984
984
980
987
983
981
983
983
986
990
992
994
988
986
988
990
993
991
994
991
996
995
993
995
994
1005
996
997
1000
1002
994
1001
1003
997
999
1004
1008
1006
1012
1014
1002
1001
1014
1010
1007
1002
997
1005
1011
1000
998
1000
1006
1004
1009
1004
997
1006
1005
1013
998
1007
1008
1010
1003
1003
1000
1000
998
1006
1010
1006
1010
1000
1008
1013
1004
1011
1004
1010
1002
1008
1005
1013
1005
1007
1008
1016
1002
1007
1009
1009
1008
1003
1009
1009
1013
1013
1008
1002
1009
1003
1006
995
1006
996
1002
992
1006
1010
1014
1012
1005
1007
1016
1010
1005
1009
1009
1003
1001
1001
994
1004
1010
1009
1017
1008
1002
1009
1003
1005
1001
1008
1008
1002
1010
1008
1003
1004
1011
1015
1011
1017
1014
1008
1012
1013
1006
1011
1012
1011
1011
1014
1015
1019
1010
1021
1016
1010
1006
1020
1019
1016
1011
1015
1006
1015
1015
1014
1009
1012
1005
1008
1004
1008
1002
993
1005
1010
1000
1008
999
1014
1006
1008
1000
995
997
992
997
998
995
1000
999
994
1004
1004
998
1004
1003
994
991
996
991
1004
1002
994
997
998
1000
1008
997
1004
1003
1014
1003
1016
1011
1007
1009
1001
1007
1004
1012
1008
1011
1007
1004
1008
1003
1010
1006
1010
1006
1007
1006
1006
1005
1012
1012
1007
1008
1010
1001
1001
1007
1007
1004
1006
1014
1006
1001
1006
1006
1010
1005
1006
1000
1005
1013
1001
1007
1005
1005
1000
1015
1008
1008
1005
1003
1005
1005
997
1009
1001
1006
1003
999
997
1004
992
1002
997
997
998
1004
996
1001
995
1002
999
1006
996
1004
1001
1000
1004
993
1002
997
1004
1009
999
1007
998
1001
1002
992
993
1001
990
995
993
998
993
993
999
990
997
999
992
989
1001
996
994
999
1000
1007
1005
1001
1008
1008
1012
1005
1003
1007
1004
1001
1004
1009
1000
1001
1003
1011
1007
1009
1010
1004
1006
1010
1004
1016
1007
1003
1007
1005
992
1004
998
1003
998
1000
1002
1008
994
1001
991
989
992
984
985
993
989
994
1001
991
987
992
994
997
998
1003
999
992
995
995
1000
995
1004
1002
996
1005
994
994
990
991
998
999
990
996
999
1007
1003
999
998
1003
1002
1004
1002
1006
1000
1009
1006
1002
1007
1001
1016
1012
1006
1009
1004
1010
999
1008
1006
1006
1004
998
1007
1009
995
1004
1011
1006
1008
999
1002
997
1008
1008
1003
1007
1002
996
1005
1006
1000
993
999
1000
1001
1005
1005
1007
1006
1000
1002
1007
1004
1008
1007
1011
1011
1002
1004
1014
1012
1017
1007
1011
1008
1009
1007
1001
993
996
996
1001
1004
1006
1003
1004
1002
999
993
996
1002
1003
1007
1002
991
997
995
1003
1005
1002
1000
995
999
994
997
1002
999
999
1001
999
996
994
998
991
998
1005
1003
1006
1005
1004
1004
988
992
991
993
1001
1002
1002
1003
996
1004
1000
1004
999
994
999
1002
998
999
1007
1000
1003
994
1001
1006
1005
998
997
1000
1002
1003
997
1000
998
1000
1000
1003
994
995
1001
1010
1011
1002
1009
1000
1004
1013
1001
1003
999
1003
997
999
1001
1002
990
1002
995
1000
1001
995
994
999
989
995
1000
1001
999
998
991
989
996
1001
990
1000
1002
1001
992
1001
1000
994
992
999
994
1000
992
994
1001
991
989
1002
999
993
997
994
993
997
1000
990
991
991
991
997
986
990
986
987
994
994
988
996
988
995
1002
1000
991
1000
1002
990
993
991
999
1001
1006
1001
999
999
999
997
1000
1004
994
994
995
995
1002
999
1000
1000
995
997
996
990
993
993
994
992
993
992
995
993
998
1002
996
996
993
991
995
994
986
994
986
994
1000
988
987
987
993
992
993
993
989
993
993
997
991
1001
997
998
994
990
997
996
992
993
997
994
996
997
998
1005
999
999
997
1007
1007
1013
1001
999
1011
1010
999
1013
1007
1001
1006
1007
1008
1001
1001
1008
1011
1011
1009
1011
1003
1011
1007
1009
1007
998
996
1004
1003
1005
1004
1003
1002
1001
1001
1010
1010
1008
1009
1002
999
997
1004
1012
1007
997
996
998
999
1009
994
1002
1005
1000
989
1002
1002
1001
1004
999
996
1002
997
994
989
993
1003
993
987
991
990
999
994
998
993
993
1002
997
1003
997
1001
991
1003
1005
1012
1004
1008
1012
1007
999
1004
1005
993
1006
1007
1004
1008
999
1006
999
998
993
1004
993
1004
995
987
1001
997
999
1003
1006
1009
1000
992
1000
1003
997
1002
1006
995
993
992
996
1009
1009
1009
1010
1009
1013
1000
1007
1010
1008
1013
1015
1000
1009
1003
999
1004
997
1001
1002
1006
1000
1001
1003
1000
995
1001
989
996
997
1007
1001
1003
1004
1002
1007
1001
1008
1015
1008
1010
1003
1004
1004
997
1005
1001
1009
1006
1009
1010
1000
1009
1012
1009
1007
1003
1005
1003
999
1005
1004
1006
1003
1007
1006
1009
1009
1002
996
1004
996
998
995
1004
1000
1005
1001
1001
1001
1002
1006
997
1003
1004
1002
1010
1009
1008
1012
1011
1008
1001
1013
1015
1009
1011
1012
1003
1000
1006
1007
1010
1010
1005
995
1007
1005
1003
1018
1014
1008
1002
1010
1006
1009
1005
1005
1000
1005
1012
1002
999
1007
1018
1011
1012
1012
1014
1015
1009
1010
1009
1016
1013
1012
1015
1018
1020
1015
1011
1005
1015
1013
1021
1013
1016
1011
1012
1009
1008
1006
1007
1004
1005
1011
1013
1011
1013
1005
1014
1014
1020
1018
1022
1016
1019
1014
1015
1011
1016
1017
1020
1028
1027
1028
1021
1022
1027
1026
1023
1018
1024
1019
1018
1013
1015
1013
1016
1015
1017
1023
1012
1018
1022
1024
1020
1021
1012
1014
1008
1020
1015
1019
1025
1020
1017
1013
1019
1029
1021
1022
1025
1024
1024
1026
1023
1028
1026
1024
1022
1035
1020
1034
1033
1033
1028
1028
1023
1031
1026
1033
1029
1033
1027
1024
1021
1022
1026
1026
1024
1030
1025
1026
1019
1025
1015
1017
1019
1014
1017
1024
1026
1021
1022
1019
1019
1031
1022
1030
1028
1026
1023
1028
1023
1023
1032
1024
1032
1030
1018
1035
1034
1032
1029
1030
1032
1032
1033
1042
1036
1031
1032
1034
1023
1026
1034
1031
1031
1030
1028
1030
1024
1029
1029
1034
1039
1032
1033
1034
1029
1035
1041
1039
1040
1035
1035
1025
1028
1031
1029
1019
1032
1032
1031
1026
1028
1032
1025
1031
1026
1022
1023
1036
1033
1037
1032
1030
1030
1027
1021
1025
1028
1033
1030
1031
1032
1036
1032
1038
1032
1037
1038
1031
1034
1032
1035
1031
1034
1037
1034
1030
1033
1029
1038
1031
1026
1027
1033
1036
1036
1030
1030
1031
1021
1024
1024
1025
1023
1024
1018
1022
1024
1024
1026
1028
1028
1028
1029
1031
1036
1027
1027
1028
1024
1025
1022
1024
1027
1024
1022
1019
1021
1022
1020
1018
1022
1027
1022
1016
1015
1020
1019
1014
1014
1013
1015
1013
1018
1015
1013
1020
1016
1012
1010
1011
1013
1007
1008
1006
1010
1013
1008
1011
1008
1012
1015
1025
1016
1017
1014
1017
1020
1017
1015
1016
1030
1025
1030
1022
1026
1027
1022
1026
1019
1020
1015
1011
1017
1020
1019
1021
1024
1012
1019
1019
1025
1019
1022
1028
1031
1026
1032
1033
1037
1036
1027
1027
1022
1017
1025
1020
1013
1017
1021
1017
1023
1017
1022
1020
1014
1015
1013
1013
1015
1016
1013
1013
1013
1008
1010
1020
1022
1019
1017
1016
1011
1022
1016
1012
1015
1012
1015
1020
1014
1004
1012
1013
1010
1009
1003
1019
1017
1022
1017
1021
1014
1004
1010
1014
1010
1015
1014
1010
1000
1011
1009
1005
1001
1012
1018
1024
1020
1023
1024
1020
1008
1022
1022
1015
1013
1009
1014
1010
1017
1013
1015
1009
1009
1017
1013
1012
1016
1019
1023
1019
1022
1020
1023
1024
1021
1011
1014
1016
1012
1017
1020
1008
1017
1017
1015
1021
1018
1017
1015
1021
1015
1019
1021
1015
1019
1021
1019
1016
1026
1019
1016
1024
1019
1015
1018
1004
1007
1015
1012
1019
1019
1023
1024
1019
1026
1019
1022
1019
1020
1018
1017
1023
1017
1014
1020
1024
1019
1028
1022
1021
1022
1018
1021
1019
1023
1021
1018
1021
1015
1008
1022
1017
1015
1007
1012
1015
1017
1017
1016
1021
1018
1021
1025
1022
1022
1024
1023
1021
1021
1030
1018
1017
1014
1015
1018
1014
1015
1018
1020
1016
1023
1011
1007
1001
1010
1013
1011
1003
1006
1013
1011
1007
1009
1007
1015
1006
1006
1011
1009
1006
1025
1018
1018
1008
1017
1008
1018
1019
1014
1016
1010
1010
1017
1017
1021
1019
1018
1010
1014
1021
1021
1021
1018
1007
1011
1014
1017
1026
1025
1016
1022
1023
1024
1013
1017
1020
1012
1016
1019
1017
1011
1016
1024
1027
1031
1030
1025
1030
1028
1029
1025
1036
1026
1029
1029
1033
1028
1030
1031
1023
1027
1030
1024
1028
1022
1025
1022
1021
1029
1020
1033
1017
1030
1032
1032
1027
1028
1024
1023
1029
1027
1025
1022
1030
1023
1028
1028
1026
1022
1018
1022
1026
1022
1023
1016
1021
1019
1026
1011
1023
1020
1021
1022
1017
1021
1017
1021
1021
1023
1021
1020
1026
1026
1025
1021
1025
1023
1027
1021
1029
1026
1017
1025
1027
1018
1023
1019
1022
1021
1018
1009
1028
1026
1020
1015
1021
1019
1026
1023
1019
1021
1016
1022
1024
1026
1022
1023
1026
1031
1025
1027
1025
1028
1022
1025
1018
1016
1021
1022
1016
1006
1014
1017
1018
1013
1006
1017
1011
1009
1011
1014
1020
1012
1017
1008
1017
1019
1024
1016
1024
1019
1013
1015
1030
1025
1021
1014
1011
1007
1018
1011
1018
1018
1020
1018
1019
1018
1028
1026
1017
1025
1022
1021
1016
1026
1029
1017
1020
1016
1023
1021
1015
1009
1014
1017
1011
1018
1029
1019
1020
1020
1016
1028
1024
1022
1028
1024
1024
1014
1012
1012
1013
1011
1013
1012
1009
1013
1012
1024
1009
1015
1017
1015
1017
1017
1026
1025
1019
1027
1027
1029
1027
1020
1017
1024
1034
1022
1021
1022
1022
1016
1023
1015
1026
1025
1023
1024
1027
1021
1025
1028
1026
1023
1023
1020
1027
1024
1010
1023
1022
1022
1026
1028
1018
1028
1017
1019
1023
1025
1030
1025
1023
1015
1024
1025
1019
1019
1018
1021
1016
1022
1020
1017
1024
1024
1014
1012
1018
1025
1017
1028
1025
1027
1024
1031
1019
1028
1018
1022
1029
1028
1024
1010
1021
1018
1030
1019
1017
1021
1027
1028
1021
1026
1029
1020
1025
1028
1028
1023
1026
1027
1015
1024
1024
1026
1013
1026
1018
1019
1017
1019
1018
1021
1020
1019
1017
1018
1013
1022
1021
1022
1028
1020
1029
1027
1017
1017
1022
1030
1021
1017
1016
1021
1022
1024
1023
1022
1011
1009
1005
1016
1011
1017
1013
1017
1017
1017
1026
1015
1022
1018
1018
1021
1020
1017
1020
1008
1019
1013
1013
1008
1019
1018
1021
1024
1020
1016
1012
1014
1012
1020
1020
1015
1015
1015
1019
1017
1017
1009
1012
1015
1016
1013
1014
1016
1019
1021
1020
1016
1015
1017
1009
1011
1017
1015
1013
1013
1015
1021
1019
1012
1010
1020
1022
1016
1018
1025
1020
1023
1025
1029
1026
1024
1027
1030
1020
1021
1013
1019
1024
1024
1029
1023
1017
1015
1025
1015
1016
1022
1028
1021
1016
1017
1018
1025
1020
1021
1013
1017
1026
1024
1023
1030
1030
1026
1020
1025
1026
1019
1023
1015
1030
1028
1025
1025
1029
1031
1031
1017
1033
1021
1021
1020
1018
1019
1021
1015
1017
1017
1026
1028
1008
1026
1015
1017
1031
1027
1032
1031
1031
1032
1025
1033
1029
1030
1031
1021
1021
1032
1029
1022
1026
1023
1020
1029
1035
1029
1028
1023
1023
1021
1023
1020
1016
1015
1019
1014
1012
1011
1023
1021
1012
1026
1021
1024
1021
1014
1028
1023
1022
1023
1031
1028
1024
1023
1026
1031
1029
1028
1028
1025
1033
1032
1032
1027
1034
1023
1025
1023
1028
1024
1021
1025
1029
1032
1027
1029
1033
1033
1034
1028
1034
1029
1033
1030
1022
1028
1025
1031
1034
1027
1031
1028
1025
1027
1021
1026
1024
1018
1030
1025
1024
1028
1035
1027
1023
1026
1027
1034
1026
1034
1034
1037
1031
1036
1036
1035
1031
1033
1032
1026
1024
1032
1035
1033
1033
1038
1037
1040
1030
1040
1034
1036
1031
1035
1021
1031
1034
1037
1030
1029
1044
1041
1044
1043
1027
1031
1035
1033
1032
1034
1033
1041
1036
1034
1038
1036
1033
1028
1034
1025
1019
1029
1024
1026
1025
1028
1025
1028
1026
1021
1023
1034
1026
1029
1028
1026
1031
1025
1038
1041
1036
1036
1032
1027
1032
1035
1029
1026
1019
1019
1027
1024
1016
1033
1035
1027
1026
1028
1020
1029
1030
1032
1024
1028
1023
1025
1015
1014
1020
1022
1025
1030
1026
1026
1025
1019
1016
1026
1026
1028
1028
1034
1031
1030
1028
1029
1027
1023
1033
1034
1025
1024
1036
1032
1028
1030
1027
1031
1035
1030
1027
1033
1035
1027
1028
1028
1032
1031
1035
1030
1029
1036
1038
1031
1030
1036
1030
1027
1023
1032
1027
1031
1033
1024
1029
1037
1023
1029
1028
1032
1022
1024
1027
1022
1030
1023
1034
1021
1032
1033
1035
1028
1040
1032
1033
1035
1032
1027
1027
1036
1032
1032
1029
1032
1022
1032
1030
1026
1036
1031
1021
1019
1019
1021
1019
1014
1023
1021
1022
1017
1012
1020
1019
1022
1024
1023
1032
1026
1027
1023
1035
1028
1029
1030
1029
1022
1032
1023
1030
1028
1023
1033
1031
1021
1021
1026
1026
1025
1022
1022
1026
1023
1026
1031
1029
1031
1028
1029
1029
1029
1017
1019
1029
1020
1023
1035
1033
1030
1030
1028
1029
1022
1024
1026
1028
1023
1029
1023
1016
1026
1022
1026
1018
1017
1023
1020
1022
1028
1025
1018
1021
1021
1026
1025
1023
1025
1028
1027
1024
1026
1021
1025
1022
1019
1027
1012
1028
1029
1026
1017
1028
1035
1030
1030
