949
944
947
949
948
944
946
946
940
947
943
958
948
944
950
952
957
952
951
957
959
947
956
962
961
961
955
950
949
958
950
952
949
945
950
952
952
947
956
958
957
953
954
955
960
955
956
960
952
965
962
956
956
965
948
950
951
941
952
954
960
960
961
960
958
957
953
954
957
952
957
969
961
960
961
962
963
960
959
962
956
959
949
955
954
954
957
962
951
963
967
957
950
949
959
955
966
952
961
955
961
960
958
954
954
953
956
964
964
967
968
965
965
959
963
961
958
958
959
968
959
960
960
959
963
958
955
965
963
968
965
965
957
955
954
953
966
962
950
954
955
961
961
951
960
955
958
961
961
963
965
952
965
971
970
969
960
957
950
961
955
957
959
963
956
967
958
956
957
962
963
958
961
963
957
966
961
967
962
967
961
959
966
956
969
963
959
961
960
950
955
952
959
958
956
948
950
954
963
961
960
955
955
956
961
958
957
957
960
958
956
961
955
949
957
962
956
956
962
960
959
962
965
974
971
977
976
971
971
970
961
967
972
970
969
967
974
978
963
968
970
974
974
977
981
975
964
971
978
976
977
974
970
977
972
978
970
969
966
978
971
970
967
976
981
983
973
971
974
973
974
980
971
965
970
968
967
961
967
963
967
978
972
971
976
975
973
973
973
975
973
977
975
971
976
973
980
976
983
973
969
974
975
973
973
967
970
974
969
974
973
980
970
971
970
968
964
970
969
971
964
961
971
954
962
967
964
966
965
964
966
967
962
960
970
958
960
968
969
962
972
970
964
973
971
976
975
973
976
972
974
976
983
979
981
976
986
966
971
979
977
983
973
981
984
976
975
981
975
977
982
979
978
981
975
977
983
984
974
982
973
969
981
976
980
976
978
977
973
980
982
989
987
979
978
991
980
982
988
980
980
993
994
993
995
991
999
992
995
995
989
994
983
990
991
992
998
991
995
997
985
988
987
990
994
986
997
993
993
993
991
985
983
989
994
993
994
997
998
995
997
986
994
992
983
996
993
986
997
999
995
999
1000
994
993
997
989
993
998
991
993
991
1001
998
999
999
988
992
990
992
995
989
980
1001
995
992
993
996
985
997
987
985
982
973
980
993
988
985
983
985
985
984
995
987
990
987
987
999
1004
1005
996
995
986
991
998
995
991
982
987
983
986
986
989
991
994
990
991
998
992
989
992
998
1000
1010
1001
997
999
994
996
987
995
993
989
988
997
998
996
995
997
995
995
998
1001
994
992
997
1006
1005
1007
1012
1005
1000
1000
997
1000
994
1000
1002
1000
1001
999
998
994
1000
994
997
993
987
985
995
995
992
987
1002
998
1000
998
1005
998
1005
999
1002
1005
998
1000
989
992
990
997
1005
1007
1002
998
995
1008
993
1001
1005
1004
1003
1004
998
1002
1000
1008
996
1006
990
1000
1003
1003
1008
1012
1003
1007
1001
999
1003
999
1008
1009
1007
1002
995
1008
1006
1010
1010
1004
997
991
998
1004
1001
995
1007
997
1003
996
1000
1010
1004
1009
1003
1002
1000
1006
1001
1003
1003
1009
1012
1002
997
997
997
1005
1003
994
997
998
997
996
996
991
998
995
991
990
991
997
992
985
997
1001
996
996
995
995
994
992
993
984
987
992
993
992
993
997
995
996
1002
994
991
985
983
991
988
991
996
996
989
989
993
993
986
987
985
984
988
987
987
991
996
993
997
999
997
994
999
992
997
1002
998
997
999
997
994
1004
997
999
988
987
993
1001
997
1000
991
1001
1001
1008
999
990
994
989
997
1002
1006
1004
992
986
994
988
993
987
993
988
987
996
996
986
987
989
994
991
997
993
981
992
996
992
992
989
992
986
985
998
988
991
998
990
983
992
988
991
999
998
991
999
999
994
1002
994
994
993
992
990
989
992
991
994
993
999
995
993
1001
1002
989
988
986
986
986
989
989
997
992
989
996
999
996
998
1002
999
991
989
995
989
990
993
995
991
982
996
990
990
984
994
987
990
996
988
990
987
989
996
993
987
995
994
1001
1000
996
991
998
991
997
996
994
993
996
992
997
997
997
1003
1003
998
1007
1005
995
999
998
995
993
997
994
981
991
999
993
995
996
994
994
996
994
999
989
988
993
989
998
992
994
994
996
992
994
996
1004
1002
999
997
1000
1006
1004
999
1001
1000
1009
1002
1000
1000
1000
1008
1010
1003
1005
1002
1001
1006
999
998
992
989
999
1000
1001
995
998
1000
1005
1001
998
1001
1003
999
1004
1004
998
1003
1009
1005
997
995
1000
1002
999
1004
1003
1004
999
1004
1002
1001
1003
995
1001
1000
1005
1004
1001
999
1005
1004
995
998
1003
988
1002
999
1003
1001
996
1005
1006
1009
1000
1000
1005
994
991
1004
999
995
999
1000
1003
1009
1004
1005
996
999
997
996
997
1005
1000
1009
1009
1010
1006
1003
1004
1005
1009
1005
1010
1000
1007
1000
999
995
1002
1003
998
1004
1000
998
1003
1005
1000
1004
1010
1007
1011
1002
1008
1006
999
1004
1001
1001
1003
1000
997
1002
996
1004
1005
1003
1003
991
996
1006
1001
1008
997
999
996
994
992
989
997
1005
1002
1004
1006
1002
1014
1005
1011
1012
1015
1007
1008
1001
1001
998
1008
1006
1003
1005
1013
1002
1010
1001
1003
1004
1005
1001
995
998
997
1004
996
1006
1000
1005
1002
1001
1007
1003
1004
999
1002
1004
1005
1000
994
999
997
989
999
1005
989
996
993
997
984
997
999
992
999
1004
989
991
992
994
1002
1001
1000
1003
1000
1003
1004
997
1001
998
989
996
997
996
995
995
999
994
997
997
995
999
992
995
994
996
1003
993
988
991
996
999
993
988
995
1000
990
989
1000
990
989
988
993
993
1000
993
993
995
983
990
992
991
998
993
993
991
995
991
994
992
998
996
999
998
999
1000
1003
996
999
999
1004
1000
1006
1003
998
1007
990
1005
999
1001
1010
1002
1000
1008
1001
999
1002
996
1006
1000
999
997
995
995
986
996
998
996
988
987
992
996
988
990
986
992
989
994
987
987
994
988
993
985
988
995
988
986
995
988
997
990
992
982
989
985
993
985
986
991
993
989
990
995
990
989
993
996
994
985
986
992
985
993
1000
997
984
1000
1004
993
987
996
991
994
981
986
983
992
993
989
987
988
983
983
978
985
992
987
987
985
989
986
987
984
994
989
986
994
991
983
993
996
996
988
991
989
995
988
992
991
993
999
990
995
994
995
998
1000
995
997
1003
999
990
995
996
997
998
994
997
1001
995
988
998
988
1001
1004
988
996
994
998
993
997
993
991
990
997
995
998
996
1003
999
995
997
993
997
998
996
994
1000
994
1001
998
1004
1006
1002
992
1002
1005
1007
998
992
1003
1001
1004
997
996
999
999
1007
1007
994
993
1000
999
991
994
994
990
996
1002
984
997
992
995
1003
999
997
999
998
1006
999
999
1005
1012
1008
998
1007
1002
1003
1009
997
999
993
1003
1002
999
998
1006
1004
1006
1007
999
1001
999
999
997
997
995
996
997
1005
1002
995
997
989
992
995
995
998
995
1000
996
995
997
991
1006
1003
1002
997
992
1001
984
999
989
993
997
993
1000
997
1003
1000
1002
986
1002
994
990
998
1001
1002
998
1002
999
995
995
986
995
997
1002
995
997
991
996
1002
1002
998
1000
999
1004
999
1006
1012
1001
1002
1007
1001
1002
1011
1008
1004
1002
999
1001
988
998
993
996
985
996
993
1000
993
997
1001
999
996
996
985
1007
1005
1000
996
998
993
1000
999
1002
999
993
995
1000
995
1000
998
995
989
998
999
997
1004
994
993
998
998
991
1002
1001
1011
1006
1000
999
1000
1005
998
994
996
992
992
994
994
987
993
990
994
990
979
991
992
989
985
984
989
988
984
985
989
986
980
988
986
991
991
990
989
987
991
1000
997
994
992
998
997
994
992
986
992
993
990
998
999
993
999
999
994
1001
995
1002
1000
997
990
987
990
991
991
991
987
991
992
986
992
986
987
989
991
992
994
995
996
1001
991
992
993
991
997
991
990
990
988
987
994
991
988
986
986
982
988
987
986
994
985
988
983
994
993
989
986
987
994
996
996
991
996
990
993
994
990
986
982
989
984
990
982
988
988
984
984
981
974
988
983
988
984
987
989
988
991
982
987
991
986
997
996
992
994
993
996
1002
989
989
999
994
986
991
988
984
985
990
983
988
990
990
987
992
984
984
988
980
977
983
983
981
973
973
980
987
981
984
994
992
986
990
994
991
993
991
993
986
996
997
989
985
983
990
983
986
986
986
983
986
987
985
991
980
984
985
979
984
983
984
992
990
994
991
990
991
989
988
988
989
986
988
1000
992
993
992
987
987
991
997
994
994
997
1000
988
997
997
987
996
997
990
992
999
998
991
1000
997
997
994
997
990
995
992
990
996
989
990
996
996
997
990
998
992
998
1002
999
999
1003
1000
1005
1009
1000
1005
1009
1003
1002
1002
997
993
992
985
984
992
995
989
993
992
993
993
991
996
995
991
995
997
994
1000
997
1001
998
982
984
991
994
989
996
993
989
1000
997
998
996
989
1002
997
1002
990
984
994
1002
991
995
997
1004
997
998
999
998
1000
997
1000
997
997
998
993
1001
998
997
994
998
1001
1003
995
1009
994
1000
1001
1006
1002
1002
998
1005
997
994
999
1002
992
1000
998
996
995
993
998
1000
994
993
993
990
1003
994
999
998
1008
992
1006
1014
998
1002
998
999
1005
1002
1011
1001
1004
1002
1003
1005
1008
1008
1004
1008
1003
1007
998
1000
1007
1007
1010
1001
1000
1001
1005
1002
1002
1000
1002
1014
1000
1001
997
999
994
991
1004
1001
991
998
996
1004
998
1004
996
1001
1007
999
996
1006
1005
1008
999
998
994
1006
1002
1000
1002
1005
1003
996
999
1002
1000
996
999
1001
1000
1008
999
1003
990
992
998
1002
996
1001
1001
1004
1003
1001
1002
1001
991
1001
1000
1002
1010
1004
1001
1000
996
1003
1000
1002
998
996
1003
994
988
1000
1000
999
1005
1001
998
998
999
998
995
997
992
995
989
994
996
996
997
1004
998
998
996
989
988
992
993
992
991
1000
997
985
992
994
990
986
991
990
996
997
992
989
991
1000
1004
998
993
990
988
998
993
995
994
992
991
999
1004
1002
1002
991
989
993
989
996
998
990
992
997
994
996
998
994
997
994
998
999
995
1002
998
997
991
995
1010
998
999
995
1002
996
999
995
998
1000
1002
1004
993
1008
1006
995
998
996
1000
999
1004
999
999
1005
994
994
1002
1002
994
995
992
998
1002
1002
1001
997
1008
1002
1003
995
998
1002
1000
997
999
1003
1006
996
1002
1003
999
996
1002
996
998
1006
993
996
997
1003
999
996
1006
1004
1000
993
1010
1011
1006
996
993
1003
1007
994
993
992
995
987
987
991
996
994
994
1004
1003
996
1003
1003
1004
999
1003
1003
1006
998
997
1004
995
1002
1007
1002
1010
1003
1004
1001
1002
1006
1007
1001
1009
1010
1012
997
999
1005
1004
1003
1007
988
1006
998
1003
1007
1000
994
1004
1003
1008
1009
1015
1002
999
1003
996
992
993
997
995
989
997
1001
999
988
994
1005
998
998
995
997
1000
991
999
992
996
998
1005
1007
992
998
998
989
1003
998
995
1004
1004
1000
999
1007
1002
1007
1010
1002
1013
1013
997
1003
999
1002
993
1007
1003
998
1003
1008
991
995
1007
1000
1005
1002
1005
996
1003
1000
999
1001
1004
1005
995
998
999
1002
1004
1003
1001
997
989
998
1002
997
1004
999
1006
1000
1009
1004
997
998
993
1003
1005
999
995
989
1006
997
990
995
990
994
992
991
987
986
1000
993
998
997
999
999
998
996
988
995
998
995
995
996
999
994
993
994
989
998
988
996
987
993
991
986
980
988
980
987
992
987
983
994
991
993
991
989
986
998
988
988
987
992
997
998
1000
995
999
996
995
1006
1002
999
993
996
988
990
991
989
985
993
988
985
996
988
999
988
995
995
997
994
994
998
995
1006
1002
1000
999
997
997
998
1004
994
997
990
997
1004
996
998
991
989
990
995
987
989
985
987
993
992
995
990
993
992
996
997
990
994
978
988
996
992
992
997
996
997
989
991
993
989
994
988
991
992
989
991
987
989
997
1003
996
1001
996
1002
1000
991
996
988
990
997
997
996
998
994
987
987
993
995
996
997
994
997
996
995
990
995
990
989
992
995
995
982
988
991
986
988
987
992
987
981
993
990
992
998
994
988
987
990
991
992
992
995
983
989
997
997
993
994
993
993
992
986
983
987
990
998
996
987
999
998
999
1002
997
994
997
988
998
988
988
989
987
995
992
992
982
990
991
984
991
990
993
995
999
1003
990
995
1000
1000
997
997
991
995
993
993
998
992
995
991
991
993
990
996
1001
1002
994
990
995
1005
999
989
992
1004
992
999
999
997
996
992
994
983
989
987
990
993
1000
988
983
980
989
997
993
987
988
989
986
991
994
988
979
996
993
991
990
993
987
981
991
987
984
990
990
992
986
984
987
985
985
992
989
992
990
990
992
995
988
987
987
995
995
993
992
987
986
998
993
988
994
992
990
996
992
988
999
1002
998
999
1004
1003
998
997
997
995
989
993
993
995
998
990
997
989
997
990
991
993
993
986
992
996
988
987
998
989
991
992
993
993
986
989
991
991
994
995
1000
1001
999
999
1004
1006
997
1000
996
998
1006
1003
998
1006
1003
1009
1001
997
1000
1009
1009
1007
1013
1004
1001
998
997
994
1002
1002
1000
998
993
1007
990
991
997
998
997
1000
993
998
995
991
1001
1002
1000
998
1005
1009
999
997
1005
998
1005
1000
1002
1007
1009
994
1011
1006
1001
1008
1000
1005
1003
992
1004
1004
1000
997
1001
1000
992
998
1002
1005
1000
1003
998
993
997
988
992
998
1007
1004
1005
1000
1002
1002
999
997
996
998
995
996
989
1006
1010
1004
1002
995
995
1002
1002
1002
1002
997
985
1006
993
1000
1004
1007
1004
1006
1006
1010
1005
998
1000
1002
1006
1004
1001
996
1007
1011
1006
999
1009
1008
1011
1007
1011
1006
1004
1013
1009
1015
1012
1007
1009
998
1006
1006
1006
1008
1011
997
1008
1005
996
999
1002
1000
1000
1005
1004
1002
1007
999
999
1008
1009
1004
1010
1011
1007
1005
1011
1009
1001
1000
1004
995
1001
1001
1002
999
999
999
1001
1005
1001
997
1003
996
1003
1008
1001
998
1001
999
1005
993
1004
1010
1007
1004
1004
1006
1010
1011
1010
1013
1019
1015
1014
1015
1016
1026
1021
1021
1023
1017
1017
1024
1023
1022
1017
1016
1019
1016
1016
1014
1013
1015
1011
1014
1005
1008
1015
1014
1010
1012
1009
1012
1013
1004
1010
1010
1011
1007
1007
1015
1017
1011
1010
1013
1013
1008
1013
1013
1008
1007
1012
1013
1024
1014
1011
1008
1010
1015
1014
1012
1009
1014
1015
1005
1010
1001
1015
1003
1006
1008
1002
1003
999
1004
1000
1007
1002
1004
1007
1013
1010
1003
998
1009
1015
1011
996
1012
999
1007
1009
1009
1001
1009
1003
1008
1008
1013
1006
1009
1012
1011
1003
1013
1002
1009
1009
1012
1011
1009
1013
1014
1017
1016
1014
1013
1018
1012
1014
1007
1003
1009
1017
1012
1012
1017
1014
1010
1012
1022
1021
1017
1017
1020
1004
1019
1008
1009
1011
1011
1017
1006
1004
1017
1018
1018
1013
1004
1005
1005
1002
1011
1008
1012
1010
1001
1007
1008
1007
1006
1007
1011
1009
1018
1013
1020
1015
1015
1019
1018
1011
1012
1010
1019
1005
1001
1002
1007
1013
1011
1007
1007
1009
1013
1004
1006
1012
999
993
1004
1006
998
1010
1003
1009
1009
1011
1010
1007
1005
1007
1009
1003
1009
1017
1009
1013
1013
1010
1013
1014
1014
1005
1020
1015
1026
1023
1018
1026
1025
1014
1023
1021
1019
1011
1015
1011
1013
1016
1014
1020
1018
1019
1026
1028
1021
1023
1006
1018
1016
1012
1016
1020
1011
1014
1012
1020
1017
1017
1020
1020
1011
1019
1015
1017
1014
1012
1011
1003
1017
1015
1010
1015
1013
1018
1019
1025
1018
1016
1020
1013
1012
1013
1010
1016
1011
1013
1012
1021
1015
1011
1014
1020
1024
1017
1023
1017
1018
1015
1022
1019
1017
1008
1020
1015
1014
1006
1013
1017
1011
1014
1016
1022
1025
1027
1019
1023
1021
1023
1025
1020
1017
1018
1018
1022
1011
1017
1028
1022
1022
1023
1013
1027
1016
1021
1023
1015
1012
1016
1019
1016
1019
1011
1014
1020
1007
1010
1011
1021
1010
1016
1007
1012
1017
1007
1014
1008
1015
1014
1012
1012
1014
1012
1001
1007
1003
1006
1008
1004
1013
1015
1005
1004
1009
1007
1004
1004
1010
1009
1003
1009
998
1009
1006
997
1012
1020
1014
1010
1014
1000
1006
1009
1010
1007
1006
1006
1005
998
1012
1019
1012
1014
1012
1002
1000
1011
1010
1006
1006
1011
1012
1020
1016
1021
1003
1009
1012
1021
1009
1010
1020
1016
1016
1018
1019
1011
1020
1009
1017
1019
1012
1008
1012
1007
1009
1006
1005
1011
999
1010
1012
1005
1012
1008
1006
1010
1010
1004
1007
1005
1004
1008
996
1002
996
1007
1003
1014
1011
1012
1006
1013
1008
1016
1014
1016
1018
1010
1009
1017
1017
1016
1018
1017
1022
1010
1018
1012
1015
1012
1015
1012
1010
1024
1012
1008
1010
1013
1021
1011
1003
1022
1021
1014
1024
1013
1016
1009
1013
1009
1007
1010
1014
1020
1013
1011
1012
1008
1006
1019
1009
1014
1017
1018
1016
1014
1018
997
1009
1010
1015
1014
1007
1004
1005
1003
1003
1006
999
999
999
999
1002
1005
995
1002
998
1007
1001
994
1001
1004
1001
1005
1006
1007
1011
1005
1003
1005
1002
1001
1013
1004
1018
1009
1005
1009
1003
1017
1008
1009
1006
1014
1008
1015
1017
1013
1016
1009
1012
1005
1010
1016
1002
995
1005
1007
1016
1012
1010
1012
1009
1005
1005
1008
1014
1014
1020
1011
1016
1013
1007
1007
1007
1006
1008
1002
1010
1011
1012
1012
1011
1012
1013
1009
1018
1019
1014
1010
1010
1006
1010
1011
1009
1007
1010
1013
1018
1024
1018
1023
1009
1017
1017
1013
1015
1022
1022
1023
1025
1025
1024
1025
1026
1017
1020
1018
1019
1019
1026
1020
1017
1024
1020
1030
1024
1030
1034
1026
1028
1031
1021
1028
1027
1015
1022
1023
1022
1015
1020
1016
1018
1024
1018
1021
1023
1022
1028
1023
1023
1028
1025
1027
1026
1024
1020
1027
1023
1027
1025
1030
1026
1018
1024
1025
1018
1010
1009
1013
1016
1019
1013
1013
1015
1015
1014
1003
1006
1015
1003
994
1000
1008
1005
1006
1012
1003
1018
1017
1014
1015
1005
1014
1007
1003
1006
1007
1010
1002
1009
1012
1018
1008
1014
1016
1021
1016
1000
1011
1015
1007
1010
1016
1016
1014
1013
1015
1019
1023
1023
