949
952
952
950
951
946
945
949
947
948
949
955
952
957
957
947
959
954
954
949
953
951
952
950
951
950
951
950
947
941
948
946
939
944
948
941
945
943
943
948
953
947
945
956
959
947
948
951
951
946
956
953
958
964
954
959
950
953
951
949
947
947
957
953
955
954
960
964
961
957
959
959
961
957
956
950
961
956
963
962
966
962
959
963
966
968
954
958
958
967
967
962
959
962
957
965
959
963
966
954
961
964
959
959
955
957
951
953
950
957
955
964
955
958
957
955
952
947
957
954
957
953
956
954
955
965
974
961
971
973
973
980
976
969
972
968
968
961
967
972
971
974
967
974
970
967
969
970
973
975
971
978
975
975
970
966
977
979
980
974
967
973
976
976
971
971
976
972
970
974
975
968
965
974
965
968
967
970
964
975
980
976
976
975
974
974
972
980
974
970
973
972
968
978
976
978
974
981
977
980
981
990
971
974
979
989
987
989
982
980
977
982
987
983
988
991
976
982
977
974
980
981
981
970
976
979
972
969
974
975
968
973
966
970
972
980
978
971
974
975
970
967
974
968
978
979
966
975
972
976
976
969
968
969
961
973
975
982
972
970
976
973
973
967
976
979
973
972
970
968
971
971
976
971
975
979
975
964
971
970
975
978
976
983
981
984
980
985
987
987
993
987
989
990
986
994
991
995
991
993
989
995
1003
998
1001
993
1003
1004
1001
999
999
995
992
994
987
988
992
991
986
997
1000
985
991
991
996
986
983
985
983
982
988
979
997
999
993
993
985
996
988
996
993
991
995
993
996
991
1000
997
994
998
987
993
990
996
993
988
988
993
989
986
997
997
988
989
993
999
999
993
993
998
998
996
991
992
1000
996
993
984
988
986
996
989
992
980
995
989
985
1002
997
995
996
995
1000
1003
995
994
1003
1007
987
985
987
978
982
976
984
983
983
979
977
984
979
979
984
988
987
986
987
981
980
982
972
978
976
978
980
991
992
991
999
993
1004
1001
996
990
995
994
996
996
990
987
982
981
982
979
981
983
979
981
983
985
986
991
989
995
996
988
984
989
993
982
981
981
987
984
978
986
986
980
989
981
984
985
984
986
984
985
987
987
991
993
987
979
980
983
985
990
991
983
982
988
984
991
983
987
989
991
995
991
984
985
988
988
990
988
997
994
991
986
987
984
982
985
986
988
999
995
1001
990
989
1002
1000
997
987
999
987
997
990
998
997
995
1004
987
996
1004
999
995
999
988
994
998
999
997
998
995
991
995
995
996
991
1003
995
987
998
1002
1001
997
983
998
994
988
1000
992
987
994
998
993
990
990
988
993
992
996
997
995
991
995
992
993
1005
994
988
991
992
988
989
993
998
991
991
992
984
985
992
987
978
987
991
989
984
983
990
990
989
990
987
985
989
982
983
986
997
994
997
988
990
995
999
991
986
992
983
991
997
1001
995
992
992
991
995
998
989
997
1003
1000
991
992
994
992
999
1002
1001
997
1003
995
1002
995
986
992
989
984
987
992
993
996
995
988
990
990
985
988
983
989
990
984
991
989
994
990
998
995
991
989
997
993
999
996
989
990
993
990
988
991
989
986
983
991
993
989
988
987
983
978
988
981
980
981
979
980
985
984
991
976
988
994
987
986
987
990
981
984
987
989
992
987
984
983
986
990
983
985
993
986
992
993
995
994
993
988
999
1003
997
997
996
986
986
986
987
992
988
990
985
981
982
985
990
979
983
991
991
1001
992
990
981
990
980
987
984
986
981
1000
990
987
991
995
990
998
991
992
994
996
999
993
990
995
984
989
989
999
994
993
989
991
992
990
990
993
993
996
996
992
987
998
993
1002
992
996
991
1000
994
985
994
992
986
990
980
983
988
987
972
986
988
986
999
990
999
995
999
1000
999
991
998
988
992
992
995
1001
991
982
989
989
993
1000
995
994
995
994
994
994
995
1002
1007
1005
1013
1005
1010
1010
1011
1020
1009
1011
1004
1012
1004
1004
999
1010
1004
1009
1004
1012
1006
1004
1005
1014
1008
1009
1006
1003
1007
1013
1014
1015
1008
1012
1017
1016
1014
1015
1008
1021
1018
1006
1007
1017
1007
1008
1008
1004
1000
1006
1010
1003
1009
994
998
1009
1009
1004
1004
1009
1002
1012
1011
1004
1015
1013
1013
1014
1007
1009
1015
1011
1007
1006
1004
1005
999
1006
1001
1000
1003
1008
1008
1003
1005
1002
1012
1010
1009
1010
1017
1010
1016
1014
1011
1008
1012
1010
1005
1021
1015
1020
1018
1021
1017
1015
1012
1009
1015
1006
1013
1008
1015
1014
1022
1016
1010
1022
1013
1013
1013
1010
1017
1013
1013
1023
1020
1012
1012
1010
1012
1015
1020
1023
1018
1013
1019
1014
1014
1012
1014
1017
1012
1014
1009
1010
1013
1004
1013
1018
1001
1010
1008
1006
1009
1010
1007
1006
1008
1012
1012
1017
1009
1006
1014
1010
1001
1012
1010
1005
1009
1008
1000
1008
1007
1011
1015
1006
1008
1013
1013
1019
1014
1015
1017
1015
1013
1007
1005
1007
1012
1000
998
1003
999
999
1001
997
1008
1011
1007
1000
1012
1013
1007
1004
999
996
1005
1005
1002
1006
1006
1006
1005
1004
1004
1012
1005
1007
1007
1008
1005
1002
1005
1005
1006
1008
1013
1010
1011
999
1007
1015
1015
1008
1009
1011
1007
1006
1007
1004
1012
1010
1014
1018
1020
1013
1005
1005
1017
1009
1012
1013
1013
1009
1007
1011
1003
1008
1013
1009
1009
1003
1007
1013
1013
1005
1011
1009
1008
1010
1012
1004
1011
1012
1012
1010
1012
1018
1019
1020
1008
1006
1013
1011
1011
1003
1002
1007
1001
1005
996
1005
1005
1012
1005
1013
1007
1005
1016
1014
1015
1015
1012
1015
1003
1008
1007
1012
1009
1015
1012
1011
1018
1019
1016
1014
1012
1008
1012
1007
1011
1022
1016
1028
1022
1014
1020
1011
1013
1005
1003
1003
1000
1008
1008
1005
1009
1010
1004
1006
1008
1001
1010
1010
1009
1015
1006
1017
1010
1008
1007
1013
1009
1014
1012
1010
1014
1019
1017
1010
1008
1016
1011
1011
1018
1004
1000
1012
1006
1012
1005
1007
1008
1018
1011
1005
1011
1009
1004
1008
1012
1014
1017
1007
1010
1016
1014
1014
1013
1013
1012
1019
1006
1007
1006
1011
1023
1015
1022
1021
1020
1018
1019
1016
1026
1017
1020
1013
1008
1011
1006
1004
1005
1012
1004
1010
1012
1011
1005
1009
1010
1010
1014
1015
1019
1015
1026
1017
1016
1012
1004
1009
1016
1017
1010
1015
1006
1008
1009
1004
1003
1005
1006
1002
999
1001
999
997
995
1010
1006
1001
1002
1002
998
1008
1010
1019
1012
1010
997
1008
1010
1012
1004
1017
1009
1018
1010
1005
1007
1011
1017
1005
1013
1006
1008
1006
1008
1002
1015
1010
1011
1001
1005
1011
1005
1005
998
1006
999
1006
1010
1006
1005
1003
1006
1006
1008
1011
1012
1006
1004
1004
1002
1002
1005
1002
1001
1005
1008
1002
1004
999
1003
1001
1003
1010
1004
1001
1002
998
1007
1000
1010
1000
1003
1002
1001
994
1006
1012
1001
1011
1014
1019
1014
1008
1008
998
1008
1011
1013
1010
1006
1017
1006
1019
1012
1008
1015
1009
1007
1012
1004
1009
1014
1012
1008
1007
998
1008
1007
1000
1011
1010
1011
1013
1009
1012
1010
1014
1010
1015
1012
1014
1003
1015
1006
1009
1010
1002
1010
1011
1004
1006
1002
1011
1007
1012
1018
1014
1005
1008
1013
1014
1010
1006
1006
1019
1006
1009
1015
1005
1008
1016
1010
1014
1018
1013
1015
1015
1011
1014
1002
1010
1014
1017
1017
1012
1012
1007
1004
1006
1013
1020
1016
1012
1018
1016
1006
1010
1016
1005
1014
1008
1015
1016
1014
1022
1015
1007
1003
1004
1006
1018
1009
1011
1012
1011
1018
1017
1024
1020
1010
1024
1015
1021
1013
1022
1010
1016
1010
1012
1015
1006
1007
1001
1008
1011
1010
1004
1012
1007
1005
1008
1009
1006
1004
1009
1012
1010
1013
1018
1010
1020
1016
1014
1021
1021
1013
1004
1010
1006
999
1002
1009
1009
1012
1003
1007
1007
1019
1003
1004
1002
1007
1010
1005
1013
1011
1014
1012
1010
1008
1011
1009
1009
1010
1014
1018
1020
1015
1019
1017
1021
1008
1007
1009
1004
1010
1006
1006
1006
1011
1004
1006
1002
1014
999
1005
1005
996
1005
1004
1007
1005
998
1017
1013
1017
1010
1011
1012
1011
1012
1015
1006
1012
1015
1016
998
1021
1013
1015
1027
1023
1020
1019
1024
1019
1007
1021
1028
1023
1025
1029
1021
1013
1016
1011
1012
1006
1007
1005
1003
1009
1005
1009
1011
1005
1005
1016
1007
1006
1009
1013
998
1009
1011
1012
1005
1008
1006
1007
1013
1021
1021
1009
1008
1009
1010
1013
1011
1020
1007
1009
1005
1020
1005
1007
1019
1023
1018
1016
1026
1021
1029
1016
1024
1022
1018
1017
1019
1009
1017
1015
1008
1013
1008
1006
1008
993
1002
1003
1013
1017
1018
1009
1018
1018
1018
1011
1023
1019
1024
1023
1015
1026
1022
1007
1023
1023
1014
1017
1017
1013
1013
1007
998
1004
1005
1014
1013
1016
1004
1019
1011
1008
1014
1016
1017
1019
1009
1013
1015
1028
1024
1026
1016
1020
1014
1012
1014
1017
1015
1013
1008
1013
1006
1022
1017
1024
1020
1020
1020
1014
1015
1022
1017
1014
1020
1021
1032
1016
1021
1012
1024
1017
1019
1014
1012
1016
1014
1023
1019
1027
1020
1023
1019
1019
1022
1021
1016
1029
1015
1027
1024
1028
1026
1026
1025
1028
1030
1014
1020
1025
1025
1023
1027
1028
1027
1035
1025
1028
1022
1025
1034
1033
1025
1024
1026
1022
1030
1031
1031
1027
1026
1025
1017
1023
1028
1026
1025
1025
1031
1011
1019
1025
1021
1020
1017
1019
1015
1022
1017
1015
1015
1018
1024
1018
1026
1023
1031
1019
1024
1021
1025
1019
1030
1023
1019
1024
1023
1021
1022
1018
1013
1022
1024
1026
1027
1023
1014
1024
1029
1030
1027
1027
1025
1024
1015
1027
1029
1022
1018
1026
1020
1021
1022
1025
1020
1020
1020
1028
1023
1018
1021
1017
1015
1023
1022
1020
1024
1021
1028
1029
1023
1023
1030
1016
1016
1018
1017
1023
1018
1032
1029
1026
1026
1015
1020
1022
1012
1016
1016
1022
1018
1022
1024
1020
1019
1022
1031
1020
1023
1023
1011
1021
1016
1025
1023
1019
1025
1018
1021
1011
1018
1024
1019
1020
1019
1025
1029
1023
1017
1022
1018
1020
1026
1028
1031
1026
1024
1027
1024
1027
1026
1029
1023
1029
1026
1032
1023
1030
1030
1026
1028
1025
1029
1021
1028
1024
1024
1027
1032
1025
1036
1033
1028
1025
1026
1029
1025
1029
1030
1028
1036
1033
1023
1023
1029
1030
1016
1028
1019
1015
1023
1022
1036
1022
1023
1037
1033
1035
1029
1024
1029
1031
1031
1023
1031
1031
1034
1018
1023
1028
1018
1019
1017
1016
1017
1027
1030
1025
1026
1025
1026
1021
1017
1027
1026
1025
1024
1026
1018
1027
1031
1025
1026
1027
1026
1030
1022
1031
1036
1027
1033
1034
1024
1029
1025
1021
1028
1017
1025
1015
1019
1016
1022
1021
1024
1023
1024
1034
1024
1022
1023
1025
1021
1031
1032
1037
1040
1030
1035
1030
1028
1026
1035
1024
1025
1034
1026
1030
1027
1031
1033
1031
1035
1032
1039
1034
1043
1031
1034
1038
1030
1027
1037
1036
1034
1037
1035
1031
1038
1041
1033
1047
1034
1038
1036
1034
1040
1030
1036
1027
1036
1027
1032
1031
1032
1033
1033
1027
1026
1030
1032
1035
1028
1038
1033
1024
1021
1039
1033
1038
1032
1035
1028
1028
1032
1021
1034
1032
1029
1020
1020
1029
1028
1023
1024
1019
1029
1031
1032
1027
1033
1032
1034
1042
1035
1042
1028
1036
1033
1028
1029
1029
1034
1038
1031
1040
1031
1025
1027
1030
1029
1020
1021
1005
1023
1017
1014
1017
1032
1027
1020
1035
1029
1027
1028
1024
1029
1027
1024
1033
1027
1027
1022
1034
1026
1032
1038
1032
1032
1031
1027
1034
1031
1026
1036
1031
1025
1026
1023
1029
1029
1025
1023
1027
1029
1023
1031
1028
1033
1027
1030
1035
1037
1036
1031
1028
1031
1030
1032
1027
1028
1031
1032
1026
1031
1031
1031
1021
1029
1032
1031
1026
1027
1033
1035
1030
1029
1031
1028
1031
1020
1027
1027
1031
1037
1030
1036
1033
1033
1030
1028
1035
1030
1025
1027
1029
1038
1023
1028
1021
1019
1018
1022
1022
1026
1019
1022
1021
1020
1023
1018
1023
1017
1024
1020
1028
1013
1023
1029
1025
1032
1027
1020
1022
1017
1020
1021
1020
1019
1026
1020
1023
1029
1022
1028
1026
1028
1029
1029
1038
1040
1035
1039
1024
1020
1030
1040
1036
1028
1031
1026
1035
1039
1032
1036
1025
1021
1031
1025
1031
1030
1025
1030
1026
1031
1027
1028
1033
1027
1032
1025
1028
1025
1025
1030
1030
1037
1031
1030
1032
1039
1034
1032
1033
1029
1026
1020
1032
1023
1027
1026
1029
1035
1031
1032
1022
1020
1035
1032
1028
1030
1027
1027
1030
1031
1029
1033
1027
1028
1027
1030
1027
1031
1027
1031
1038
1030
1020
1032
1024
1030
1034
1034
1028
1031
1031
1035
1035
1033
1037
1031
1028
1030
1029
1030
1035
1029
1035
1030
1025
1034
1030
1023
1035
1032
1037
1031
1029
1030
1029
1020
1030
1029
1037
1040
1034
1027
1028
1028
1023
1021
1024
1019
1028
1031
1030
1034
1032
1035
1032
1026
1024
1024
1022
1020
1030
1034
1029
1032
1031
1029
1030
1034
1029
1031
1033
1021
1033
1026
1026
1026
1029
1030
1032
1033
1038
1037
1025
1034
1033
1042
1029
1046
1034
1035
1037
1028
1042
1034
1030
1029
1024
1031
1043
1035
1030
1040
1036
1033
1030
1029
1034
1035
1029
1026
1025
1025
1029
1023
1033
1028
1037
1032
1025
1029
1022
1027
1028
1025
1027
1032
1030
1038
1029
1031
1032
1036
1029
1032
1039
1028
1034
1032
1027
1027
1027
1035
1029
1035
1040
1042
1035
1037
1040
1033
1046
1046
1039
1038
1033
1036
1040
1040
1033
1030
1039
1031
1040
1032
1039
1038
1034
1035
1034
1030
1029
1038
1036
1036
1026
1027
1031
1033
1033
1034
1038
1034
1033
1030
1037
1032
1039
1038
1039
1031
1041
1040
1034
1037
1034
1039
1035
1038
1035
1037
1030
1046
1045
1040
1038
1035
1031
1038
1038
1032
1028
1036
1031
1028
1026
1031
1035
1024
1035
1032
1038
1026
1038
1032
1032
1028
1031
1032
1033
1029
1031
1034
1037
1041
1032
1041
1034
1039
1030
1033
1031
1034
1035
1029
1026
1035
1042
1032
1029
1024
1032
1030
1029
1037
1039
1037
1035
1030
1040
1037
1040
1043
1034
1027
1032
1041
1040
1035
1036
1036
1038
1043
1038
1039
1038
1032
1032
1034
1035
1036
1035
1032
1031
1034
1042
1034
1037
1035
1031
1031
1022
1030
1037
1034
1034
1028
1037
1018
1031
1024
1027
1026
1029
1026
1041
1034
1041
1035
1040
1044
1037
1037
1037
1029
1041
1042
1033
1036
1037
1045
1038
1043
1041
1036
1041
1035
1032
1031
1036
1036
1039
1032
1041
1040
1036
1036
1045
1038
1042
1033
1041
1051
1042
1042
1046
1046
1045
1043
1052
1037
1036
1040
1048
1043
1053
1044
1042
1043
1049
1043
1045
1037
1036
1037
1037
1043
1042
1043
1034
1034
1033
1045
1025
1030
1042
1040
1034
1037
1041
1041
1045
1041
1039
1044
1046
1038
1038
1048
1045
1032
1038
1041
1039
1034
1037
1038
1041
1045
1038
1032
1042
1038
1032
1041
1038
1028
1036
1042
1034
1025
1032
1042
1042
1028
1038
1032
1035
1033
1038
1042
1042
1033
1030
1037
1025
1022
1038
1033
1022
1030
1034
1031
1032
1031
1023
1028
1033
1025
1027
1034
1034
1028
1029
1027
1035
1023
1030
1034
1032
1033
1028
1034
1036
1037
1039
1034
1040
1037
1032
1027
1035
1034
1038
1027
1032
1039
1037
1033
1037
1038
1027
1030
1036
1031
1035
1041
1030
1042
1038
1038
1027
1036
1034
1031
1030
1030
1031
1030
1031
1028
1037
1040
1034
1027
1022
1025
1031
1031
1029
1029
1028
1035
1027
1022
1033
1028
1029
1032
1031
1029
1023
1027
1023
1023
1037
1033
1037
1022
1030
1023
1024
1032
1032
1027
1038
1035
1031
1041
1028
1037
1042
1025
1029
1035
1032
1034
1024
1032
1026
1032
1027
1026
1023
1033
1029
1039
1035
1033
1036
1029
1031
1035
1032
1026
1029
1022
1024
1019
1024
1025
1031
1033
1036
1026
1038
1029
1034
1028
1028
1032
1019
1025
1020
1026
1036
1031
1028
1025
1032
1036
1036
1038
1032
1030
1034
1028
1043
1035
1035
1036
1037
1035
1031
1033
1032
1034
1037
1032
1036
1031
1033
1040
1036
1028
1038
1041
1045
1036
1032
1031
1037
1039
1039
1041
1037
1038
1040
1038
1041
1031
1035
1029
1034
1034
1033
1030
1017
1031
1031
1020
1028
1029
1024
1021
1024
1022
1026
1015
1020
1024
1024
1030
1026
1036
1034
1039
1035
1035
1041
1031
1032
1025
1029
1037
1034
1041
1031
1034
1036
1034
1030
1029
1029
1032
1027
1024
1020
1027
1032
1028
1031
1027
1022
1023
1033
1029
1029
1035
1035
1039
1024
1030
1034
1028
1033
1030
1030
1034
1031
1024
1030
1028
1027
1030
1030
1035
1026
1034
1032
1040
1034
1034
1021
1037
1027
1043
1039
1030
1037
1032
1027
1034
1034
1032
1033
1024
1037
1034
1035
1027
1028
1039
1037
1034
1035
1024
1027
1031
1029
1031
1025
1022
1026
1027
1036
1031
1037
1035
1031
1031
1033
1029
1024
1031
1022
1028
1027
1038
1030
1019
1026
1027
1035
1027
1025
1032
1035
1028
1031
1027
1031
1026
1027
1032
1033
1026
1023
1030
1034
1033
1027
1034
1031
1034
1037
1030
1024
1029
1031
1030
1037
1033
1029
1032
1034
1033
1029
1032
1039
1033
1034
1032
1033
1034
1039
1032
1031
1032
1034
1037
1029
1026
1030
1030
1026
1025
1018
1028
1025
1028
1024
1026
1033
1015
1026
1032
1035
1027
1023
1026
1027
1022
1026
1028
1031
1029
1029
1031
1032
1029
1038
1044
1039
1029
1042
1033
1037
1030
1033
1036
1036
1037
1027
1032
1023
1028
1035
1039
1037
1033
1031
1025
1033
1037
1032
1033
1030
1035
1030
1030
1030
1020
1030
1033
1037
1033
1034
1030
1034
1030
1034
1030
1026
1031
1041
1032
1037
1031
1034
1027
1032
1025
1034
1031
1034
1034
1032
1033
1030
1035
1032
1035
1042
1034
1027
1031
1032
1032
1038
1033
1031
1033
1031
1033
1027
1037
1033
1031
1035
1028
1043
1037
1039
1041
1038
1044
1040
1038
1031
1040
1038
1040
1036
1035
1040
1041
1036
1038
1036
1027
1030
1028
1029
1029
1028
1035
1023
1027
1029
1028
1030
1029
1035
1027
1033
1030
1040
1041
1039
1041
1040
1038
1039
1035
1039
1038
1041
1037
1036
1040
1040
1041
1044
1041
1041
1036
1033
1031
1036
1030
1036
1038
1033
1034
1036
1036
1044
1035
1038
1034
1035
1039
1040
1043
1040
1034
1040
1044
1048
1043
1046
1043
1035
1041
1043
1034
1044
1041
1042
1045
1046
1045
1046
1049
1047
1043
1053
1045
1044
1043
1045
1048
1046
1048
1033
1037
1037
1042
1040
1039
1040
1037
1042
1034
1036
1042
1034
1031
1035
1030
1038
1034
1039
1035
1035
1030
1040
1039
1042
1048
1037
1038
1040
1040
1040
1042
1040
1045
1047
1039
1038
1037
1042
1043
1036
1041
1046
1051
1048
1047
1046
1038
1043
1044
1043
1043
1043
1035
1040
1038
1043
1048
1041
1037
1033
1039
1042
1035
1033
1034
1037
1044
1037
1040
1042
1040
1045
1039
1037
1038
1041
1035
1032
1034
1042
1041
1035
1047
1037
1033
1031
1041
1045
1035
1041
1032
1041
1031
1036
1038
1038
1033
1032
1028
1032
1036
1036
1036
1034
1029
1031
1033
1039
1039
1038
1042
1037
1038
1041
1032
1035
1041
1040
1039
1039
1036
1030
1037
1037
1037
1039
1045
1037
1044
1042
1037
1040
1041
1050
1036
1043
1041
1045
1051
1041
1046
1042
1043
1041
1042
1036
1042
1042
1040
1050
1049
1053
1051
1038
1045
1046
1045
1049
1051
1054
1043
1050
1048
1044
1041
1044
1054
1041
1047
1049
1030
1046
1044
1046
1043
1045
1050
1040
1049
1046
1049
1041
1044
1041
1043
1042
1039
1047
1045
1041
1045
1046
1041
1035
1042
1039
1040
1037
1035
1037
1037
1044
1044
1040
1043
1049
1040
1051
1040
1042
1039
1048
1046
1043
1038
1041
1039
1046
1032
1042
1042
1045
1042
1039
1043
1049
1040
1036
1038
1036
1046
1045
1044
1049
1042
1035
1044
1044
1047
1049
1041
1040
1044
1050
1050
1042
1042
1044
1040
1041
1041
1044
1044
1040
1042
1042
1037
1043
1041
1039
1037
1035
1035
1033
1035
1041
1031
1046
1034
1038
1043
1032
1039
1033
1034
1040
1040
1045
1045
1050
1049
1043
1047
1043
1041
1050
1048
1044
1043
1044
1045
1038
1051
1046
1045
1046
1043
1049
1050
1040
1047
1041
1044
1047
1043
1046
1044
1055
1056
1052
1037
1050
1053
1047
1040
1043
1041
1046
1042
1046
