498
499
500
500
502
500
499
498
499
503
500
500
500
496
500
497
502
500
501
503
501
499
502
496
500
500
499
497
500
498
502
498
499
499
499
500
501
499
498
500
497
497
499
502
496
498
501
503
503
499
501
504
502
503
496
501
496
499
501
502
498
501
502
502
502
500
504
502
502
499
503
503
502
501
499
502
497
501
500
503
499
498
500
500
503
502
500
503
500
502
499
501
498
500
504
502
500
499
501
502
500
501
498
503
498
501
500
501
502
503
501
501
497
501
499
501
502
503
497
501
501
500
501
501
501
500
497
496
498
503
495
500
499
495
496
501
499
501
499
499
499
499
500
501
498
499
500
499
496
499
499
498
500
501
499
501
499
498
502
501
503
500
500
502
502
501
496
497
501
502
492
500
503
500
500
503
502
498
500
499
494
500
503
501
502
499
498
500
503
497
500
500
502
503
501
502
498
503
501
499
499
499
503
501
503
502
498
504
501
501
503
503
502
499
499
497
496
503
501
500
503
501
503
500
496
501
497
501
500
501
496
501
502
502
497
500
497
499
495
496
503
500
496
502
500
498
496
501
499
500
500
501
500
