/suphys/joelh/Documents/DNAnano/oxDNA/NewPore/VaryTethLen2
Initialising pore
Running sims
           0         0.0000  -1.448920   0.303256  -1.145664 
      200000      1000.0000  -1.443213   0.308758  -1.134455 
      400000      2000.0000  -1.465596   0.304765  -1.160831 
      600000      3000.0000  -1.460835   0.304831  -1.156004 
      800000      4000.0000  -1.461195   0.292012  -1.169182 
     1000000      5000.0000  -1.460699   0.301215  -1.159484 
     1200000      6000.0000  -1.469159   0.289642  -1.179517 
     1400000      7000.0000  -1.476781   0.293848  -1.182932 
     1600000      8000.0000  -1.455210   0.300723  -1.154487 
     1800000      9000.0000  -1.460582   0.316358  -1.144224 
     2000000     10000.0000  -1.477647   0.308979  -1.168668 
     2200000     11000.0000  -1.476806   0.290833  -1.185973 
     2400000     12000.0000  -1.460308   0.303933  -1.156374 
     2600000     13000.0000  -1.478226   0.292365  -1.185861 
     2800000     14000.0000  -1.463099   0.302839  -1.160260 
     3000000     15000.0000  -1.459415   0.304878  -1.154537 
     3200000     16000.0000  -1.464231   0.295779  -1.168452 
     3400000     17000.0000  -1.466724   0.296626  -1.170099 
     3600000     18000.0000  -1.468517   0.310546  -1.157971 
     3800000     19000.0000  -1.455023   0.298069  -1.156954 
     4000000     20000.0000  -1.468361   0.306839  -1.161523 
     4200000     21000.0000  -1.447903   0.303015  -1.144888 
     4400000     22000.0000  -1.456656   0.307273  -1.149383 
     4600000     23000.0000  -1.461310   0.316209  -1.145102 
     4800000     24000.0000  -1.441905   0.303061  -1.138843 
     5000000     25000.0000  -1.456660   0.307387  -1.149273 
     5200000     26000.0000  -1.465887   0.295852  -1.170035 
     5400000     27000.0000  -1.460291   0.305385  -1.154906 
     5600000     28000.0000  -1.450152   0.285964  -1.164189 
     5800000     29000.0000  -1.446910   0.301587  -1.145323 
     6000000     30000.0000  -1.460737   0.305400  -1.155337 
     6200000     31000.0000  -1.458360   0.293672  -1.164688 
     6400000     32000.0000  -1.448405   0.303747  -1.144658 
     6600000     33000.0000  -1.465988   0.297586  -1.168402 
     6800000     34000.0000  -1.459475   0.292764  -1.166711 
     7000000     35000.0000  -1.454469   0.303873  -1.150596 
     7200000     36000.0000  -1.449094   0.302191  -1.146903 
     7400000     37000.0000  -1.455604   0.302013  -1.153591 
     7600000     38000.0000  -1.442786   0.301489  -1.141297 
     7800000     39000.0000  -1.462718   0.308000  -1.154719 
     8000000     40000.0000  -1.468389   0.306042  -1.162347 
     8200000     41000.0000  -1.464788   0.304405  -1.160383 
     8400000     42000.0000  -1.475016   0.302044  -1.172972 
     8600000     43000.0000  -1.464354   0.304454  -1.159900 
     8800000     44000.0000  -1.457079   0.307758  -1.149321 
     9000000     45000.0000  -1.452287   0.304708  -1.147579 
     9200000     46000.0000  -1.468842   0.292483  -1.176358 
     9400000     47000.0000  -1.453031   0.302071  -1.150961 
     9600000     48000.0000  -1.452973   0.299821  -1.153152 
     9800000     49000.0000  -1.472245   0.301987  -1.170258 
    10000000     50000.0000  -1.457934   0.306533  -1.151401 
    10200000     51000.0000  -1.468367   0.300252  -1.168115 
    10400000     52000.0000  -1.460928   0.292304  -1.168624 
    10600000     53000.0000  -1.464186   0.292035  -1.172151 
    10800000     54000.0000  -1.454228   0.300692  -1.153536 
    11000000     55000.0000  -1.471522   0.300529  -1.170993 
    11200000     56000.0000  -1.458907   0.304443  -1.154464 
    11400000     57000.0000  -1.471246   0.301476  -1.169770 
    11600000     58000.0000  -1.457290   0.305850  -1.151439 
    11800000     59000.0000  -1.469663   0.296880  -1.172784 
    12000000     60000.0000  -1.458007   0.295429  -1.162579 
    12200000     61000.0000  -1.475556   0.294244  -1.181312 
    12400000     62000.0000  -1.464270   0.291773  -1.172497 
    12600000     63000.0000  -1.461478   0.299648  -1.161830 
    12800000     64000.0000  -1.458686   0.306825  -1.151861 
    13000000     65000.0000  -1.460679   0.293238  -1.167441 
    13200000     66000.0000  -1.462726   0.298475  -1.164251 
    13400000     67000.0000  -1.463681   0.300574  -1.163106 
    13600000     68000.0000  -1.467023   0.310948  -1.156074 
    13800000     69000.0000  -1.459797   0.299788  -1.160009 
    14000000     70000.0000  -1.460629   0.300720  -1.159909 
    14200000     71000.0000  -1.459665   0.302034  -1.157631 
    14400000     72000.0000  -1.459735   0.302558  -1.157177 
    14600000     73000.0000  -1.468223   0.300446  -1.167777 
    14800000     74000.0000  -1.464869   0.303752  -1.161116 
    15000000     75000.0000  -1.463630   0.303152  -1.160478 
    15200000     76000.0000  -1.465649   0.301944  -1.163706 
    15400000     77000.0000  -1.459290   0.294135  -1.165155 
    15600000     78000.0000  -1.460954   0.300740  -1.160214 
    15800000     79000.0000  -1.461173   0.297976  -1.163197 
    16000000     80000.0000  -1.462146   0.299975  -1.162171 
    16200000     81000.0000  -1.465544   0.303524  -1.162019 
    16400000     82000.0000  -1.464260   0.307729  -1.156531 
    16600000     83000.0000  -1.462051   0.308169  -1.153882 
    16800000     84000.0000  -1.481916   0.300158  -1.181759 
    17000000     85000.0000  -1.443468   0.300999  -1.142470 
    17200000     86000.0000  -1.466498   0.318592  -1.147905 
    17400000     87000.0000  -1.475122   0.310279  -1.164843 
    17600000     88000.0000  -1.464880   0.316245  -1.148635 
    17800000     89000.0000  -1.463428   0.291531  -1.171898 
    18000000     90000.0000  -1.447463   0.295344  -1.152119 
    18200000     91000.0000  -1.472640   0.303206  -1.169434 
    18400000     92000.0000  -1.454496   0.309312  -1.145184 
    18600000     93000.0000  -1.461267   0.293781  -1.167486 
    18800000     94000.0000  -1.467694   0.306079  -1.161615 
    19000000     95000.0000  -1.472320   0.295060  -1.177260 
    19200000     96000.0000  -1.464865   0.309687  -1.155179 
    19400000     97000.0000  -1.467507   0.303058  -1.164449 
    19600000     98000.0000  -1.473622   0.301039  -1.172583 
    19800000     99000.0000  -1.467535   0.294778  -1.172757 
    20000000    100000.0000  -1.445781   0.298923  -1.146858 
    20200000    101000.0000  -1.451683   0.304505  -1.147179 
    20400000    102000.0000  -1.452965   0.306630  -1.146335 
    20600000    103000.0000  -1.476922   0.299672  -1.177251 
    20800000    104000.0000  -1.466249   0.298861  -1.167388 
    21000000    105000.0000  -1.467522   0.299689  -1.167833 
    21200000    106000.0000  -1.465130   0.302342  -1.162787 
    21400000    107000.0000  -1.467324   0.298526  -1.168799 
    21600000    108000.0000  -1.459727   0.306821  -1.152906 
    21800000    109000.0000  -1.468706   0.300109  -1.168598 
    22000000    110000.0000  -1.457152   0.301562  -1.155590 
    22200000    111000.0000  -1.472848   0.305363  -1.167485 
    22400000    112000.0000  -1.452414   0.304129  -1.148286 
    22600000    113000.0000  -1.464150   0.300161  -1.163989 
    22800000    114000.0000  -1.466002   0.299066  -1.166936 
    23000000    115000.0000  -1.473698   0.303264  -1.170434 
    23200000    116000.0000  -1.464746   0.308197  -1.156550 
    23400000    117000.0000  -1.474266   0.314436  -1.159830 
    23600000    118000.0000  -1.471342   0.298704  -1.172638 
    23800000    119000.0000  -1.473006   0.293596  -1.179410 
    24000000    120000.0000  -1.463262   0.302683  -1.160579 
    24200000    121000.0000  -1.455420   0.291491  -1.163929 
    24400000    122000.0000  -1.464436   0.305900  -1.158536 
    24600000    123000.0000  -1.460295   0.298710  -1.161586 
    24800000    124000.0000  -1.476191   0.299700  -1.176490 
    25000000    125000.0000  -1.474812   0.308769  -1.166044 
    25200000    126000.0000  -1.460456   0.301593  -1.158863 
    25400000    127000.0000  -1.463716   0.301053  -1.162663 
    25600000    128000.0000  -1.459338   0.297872  -1.161466 
    25800000    129000.0000  -1.457802   0.303494  -1.154308 
    26000000    130000.0000  -1.464509   0.302725  -1.161784 
    26200000    131000.0000  -1.462757   0.304116  -1.158642 
    26400000    132000.0000  -1.452689   0.302162  -1.150527 
    26600000    133000.0000  -1.469137   0.310758  -1.158380 
    26800000    134000.0000  -1.455525   0.296562  -1.158963 
    27000000    135000.0000  -1.454062   0.306109  -1.147953 
    27200000    136000.0000  -1.467562   0.304875  -1.162687 
    27400000    137000.0000  -1.461379   0.298622  -1.162757 
    27600000    138000.0000  -1.464944   0.300383  -1.164561 
    27800000    139000.0000  -1.469793   0.310480  -1.159312 
    28000000    140000.0000  -1.469526   0.298093  -1.171434 
    28200000    141000.0000  -1.451043   0.302659  -1.148384 
    28400000    142000.0000  -1.467517   0.297188  -1.170329 
    28600000    143000.0000  -1.468710   0.305456  -1.163253 
    28800000    144000.0000  -1.463762   0.300732  -1.163030 
    29000000    145000.0000  -1.464996   0.299704  -1.165291 
    29200000    146000.0000  -1.454169   0.309059  -1.145111 
    29400000    147000.0000  -1.457242   0.312498  -1.144745 
    29600000    148000.0000  -1.442257   0.306358  -1.135900 
    29800000    149000.0000  -1.459084   0.304744  -1.154340 
    30000000    150000.0000  -1.467713   0.302240  -1.165473 
    30200000    151000.0000  -1.470988   0.307164  -1.163824 
    30400000    152000.0000  -1.458631   0.301516  -1.157115 
    30600000    153000.0000  -1.452329   0.296062  -1.156267 
    30800000    154000.0000  -1.453133   0.304021  -1.149112 
    31000000    155000.0000  -1.459968   0.297594  -1.162374 
    31200000    156000.0000  -1.461659   0.304290  -1.157369 
    31400000    157000.0000  -1.477095   0.307200  -1.169895 
    31600000    158000.0000  -1.455370   0.305275  -1.150095 
    31800000    159000.0000  -1.460829   0.295130  -1.165699 
    32000000    160000.0000  -1.458006   0.302214  -1.155792 
    32200000    161000.0000  -1.468274   0.303184  -1.165089 
    32400000    162000.0000  -1.459198   0.294895  -1.164304 
    32600000    163000.0000  -1.458534   0.303182  -1.155352 
    32800000    164000.0000  -1.466523   0.315211  -1.151312 
    33000000    165000.0000  -1.477416   0.292611  -1.184805 
    33200000    166000.0000  -1.455562   0.303266  -1.152295 
    33400000    167000.0000  -1.460223   0.300848  -1.159375 
    33600000    168000.0000  -1.472803   0.300797  -1.172006 
    33800000    169000.0000  -1.466711   0.302041  -1.164670 
    34000000    170000.0000  -1.462930   0.303692  -1.159238 
    34200000    171000.0000  -1.466045   0.298680  -1.167365 
    34400000    172000.0000  -1.477360   0.297992  -1.179368 
    34600000    173000.0000  -1.458424   0.292869  -1.165556 
    34800000    174000.0000  -1.465566   0.292026  -1.173540 
    35000000    175000.0000  -1.457310   0.302644  -1.154666 
    35200000    176000.0000  -1.466127   0.302268  -1.163859 
    35400000    177000.0000  -1.459911   0.305224  -1.154687 
    35600000    178000.0000  -1.465420   0.302016  -1.163404 
    35800000    179000.0000  -1.462772   0.298085  -1.164687 
    36000000    180000.0000  -1.458065   0.300185  -1.157880 
    36200000    181000.0000  -1.458362   0.295627  -1.162735 
    36400000    182000.0000  -1.461560   0.304724  -1.156836 
    36600000    183000.0000  -1.460342   0.289588  -1.170754 
    36800000    184000.0000  -1.458209   0.298235  -1.159974 
    37000000    185000.0000  -1.449451   0.292677  -1.156774 
    37200000    186000.0000  -1.467545   0.302569  -1.164975 
    37400000    187000.0000  -1.453872   0.308429  -1.145442 
    37600000    188000.0000  -1.466881   0.295762  -1.171119 
    37800000    189000.0000  -1.467484   0.300206  -1.167277 
    38000000    190000.0000  -1.467994   0.309559  -1.158435 
    38200000    191000.0000  -1.450056   0.302774  -1.147282 
    38400000    192000.0000  -1.464013   0.293958  -1.170055 
    38600000    193000.0000  -1.458497   0.305200  -1.153298 
    38800000    194000.0000  -1.476606   0.305293  -1.171313 
    39000000    195000.0000  -1.447212   0.297350  -1.149861 
    39200000    196000.0000  -1.458439   0.301929  -1.156511 
    39400000    197000.0000  -1.453558   0.297631  -1.155928 
    39600000    198000.0000  -1.468312   0.295662  -1.172650 
    39800000    199000.0000  -1.457932   0.299680  -1.158252 
    40000000    200000.0000  -1.466356   0.297596  -1.168760 
    40200000    201000.0000  -1.453216   0.297616  -1.155600 
    40400000    202000.0000  -1.451579   0.305977  -1.145602 
    40600000    203000.0000  -1.463329   0.301900  -1.161429 
    40800000    204000.0000  -1.455380   0.311128  -1.144252 
    41000000    205000.0000  -1.471972   0.301421  -1.170551 
    41200000    206000.0000  -1.459499   0.304962  -1.154538 
    41400000    207000.0000  -1.446327   0.303409  -1.142917 
    41600000    208000.0000  -1.463096   0.302598  -1.160499 
    41800000    209000.0000  -1.472892   0.303071  -1.169822 
    42000000    210000.0000  -1.462560   0.303382  -1.159178 
    42200000    211000.0000  -1.462698   0.307076  -1.155622 
    42400000    212000.0000  -1.461689   0.295938  -1.165752 
    42600000    213000.0000  -1.471314   0.305717  -1.165598 
    42800000    214000.0000  -1.457819   0.300114  -1.157705 
    43000000    215000.0000  -1.457905   0.301904  -1.156001 
    43200000    216000.0000  -1.464951   0.305376  -1.159575 
    43400000    217000.0000  -1.452678   0.302720  -1.149958 
    43600000    218000.0000  -1.457614   0.295735  -1.161879 
    43800000    219000.0000  -1.461781   0.298918  -1.162863 
    44000000    220000.0000  -1.463989   0.294988  -1.169001 
    44200000    221000.0000  -1.461362   0.305795  -1.155567 
    44400000    222000.0000  -1.473825   0.309029  -1.164796 
    44600000    223000.0000  -1.479402   0.303394  -1.176007 
    44800000    224000.0000  -1.459119   0.302694  -1.156425 
    45000000    225000.0000  -1.454583   0.293975  -1.160608 
    45200000    226000.0000  -1.475078   0.299335  -1.175743 
    45400000    227000.0000  -1.466632   0.304089  -1.162543 
    45600000    228000.0000  -1.462171   0.300270  -1.161901 
    45800000    229000.0000  -1.466585   0.308637  -1.157948 
    46000000    230000.0000  -1.459388   0.301928  -1.157459 
    46200000    231000.0000  -1.453109   0.302954  -1.150155 
    46400000    232000.0000  -1.457041   0.302417  -1.154625 
    46600000    233000.0000  -1.471646   0.313075  -1.158571 
    46800000    234000.0000  -1.459902   0.315812  -1.144089 
    47000000    235000.0000  -1.463644   0.299338  -1.164307 
    47200000    236000.0000  -1.450156   0.293949  -1.156207 
    47400000    237000.0000  -1.459604   0.302606  -1.156997 
    47600000    238000.0000  -1.460656   0.301346  -1.159310 
    47800000    239000.0000  -1.470141   0.308579  -1.161562 
    48000000    240000.0000  -1.461400   0.308744  -1.152656 
    48200000    241000.0000  -1.451434   0.302654  -1.148780 
    48400000    242000.0000  -1.469536   0.298853  -1.170683 
    48600000    243000.0000  -1.460536   0.298651  -1.161886 
    48800000    244000.0000  -1.458239   0.303761  -1.154478 
    49000000    245000.0000  -1.469748   0.298987  -1.170761 
    49200000    246000.0000  -1.453451   0.301258  -1.152193 
    49400000    247000.0000  -1.458723   0.306507  -1.152216 
    49600000    248000.0000  -1.457724   0.285994  -1.171730 
    49800000    249000.0000  -1.463420   0.299244  -1.164176 
    50000000    250000.0000  -1.450841   0.304073  -1.146768 
    50200000    251000.0000  -1.453812   0.304088  -1.149724 
    50400000    252000.0000  -1.467553   0.305801  -1.161752 
    50600000    253000.0000  -1.465922   0.300036  -1.165886 
    50800000    254000.0000  -1.453893   0.301885  -1.152007 
    51000000    255000.0000  -1.460626   0.299888  -1.160737 
    51200000    256000.0000  -1.475538   0.300522  -1.175016 
    51400000    257000.0000  -1.459376   0.303319  -1.156057 
    51600000    258000.0000  -1.459879   0.297960  -1.161919 
    51800000    259000.0000  -1.455710   0.298062  -1.157648 
    52000000    260000.0000  -1.466751   0.300800  -1.165951 
    52200000    261000.0000  -1.449702   0.309477  -1.140225 
    52400000    262000.0000  -1.463733   0.295863  -1.167871 
    52600000    263000.0000  -1.455471   0.301893  -1.153578 
    52800000    264000.0000  -1.451481   0.307993  -1.143488 
    53000000    265000.0000  -1.454935   0.308258  -1.146677 
    53200000    266000.0000  -1.456781   0.297873  -1.158908 
    53400000    267000.0000  -1.466414   0.311213  -1.155201 
    53600000    268000.0000  -1.461256   0.298811  -1.162445 
    53800000    269000.0000  -1.480418   0.292315  -1.188103 
    54000000    270000.0000  -1.466208   0.299362  -1.166846 
    54200000    271000.0000  -1.465702   0.303464  -1.162238 
    54400000    272000.0000  -1.468171   0.305819  -1.162352 
    54600000    273000.0000  -1.462772   0.304453  -1.158319 
    54800000    274000.0000  -1.453528   0.302405  -1.151123 
    55000000    275000.0000  -1.462537   0.304426  -1.158111 
    55200000    276000.0000  -1.460156   0.311068  -1.149089 
    55400000    277000.0000  -1.461230   0.301742  -1.159488 
    55600000    278000.0000  -1.465495   0.303171  -1.162323 
    55800000    279000.0000  -1.463639   0.297627  -1.166012 
    56000000    280000.0000  -1.464495   0.297677  -1.166817 
    56200000    281000.0000  -1.459934   0.297486  -1.162448 
    56400000    282000.0000  -1.458538   0.299756  -1.158781 
    56600000    283000.0000  -1.463346   0.301119  -1.162227 
    56800000    284000.0000  -1.461047   0.300102  -1.160945 
    57000000    285000.0000  -1.468282   0.298940  -1.169342 
    57200000    286000.0000  -1.474059   0.293245  -1.180814 
    57400000    287000.0000  -1.465475   0.294025  -1.171450 
    57600000    288000.0000  -1.466937   0.314057  -1.152880 
    57800000    289000.0000  -1.460792   0.300976  -1.159816 
    58000000    290000.0000  -1.459793   0.293427  -1.166366 
    58200000    291000.0000  -1.467916   0.295612  -1.172304 
    58400000    292000.0000  -1.456876   0.305549  -1.151327 
    58600000    293000.0000  -1.460887   0.301212  -1.159675 
    58800000    294000.0000  -1.447164   0.311497  -1.135666 
    59000000    295000.0000  -1.468192   0.291008  -1.177184 
    59200000    296000.0000  -1.459121   0.297527  -1.161594 
    59400000    297000.0000  -1.457022   0.305735  -1.151287 
    59600000    298000.0000  -1.462417   0.304761  -1.157656 
    59800000    299000.0000  -1.464928   0.299901  -1.165027 
    60000000    300000.0000  -1.458791   0.299495  -1.159295 
    60200000    301000.0000  -1.451315   0.295048  -1.156267 
    60400000    302000.0000  -1.465936   0.308842  -1.157094 
    60600000    303000.0000  -1.466613   0.302349  -1.164264 
    60800000    304000.0000  -1.458686   0.293243  -1.165443 
    61000000    305000.0000  -1.462838   0.298737  -1.164101 
    61200000    306000.0000  -1.453099   0.308129  -1.144970 
    61400000    307000.0000  -1.448123   0.304738  -1.143385 
    61600000    308000.0000  -1.448903   0.296489  -1.152414 
    61800000    309000.0000  -1.469116   0.307916  -1.161200 
    62000000    310000.0000  -1.470877   0.290342  -1.180536 
    62200000    311000.0000  -1.452451   0.308631  -1.143820 
    62400000    312000.0000  -1.448601   0.308560  -1.140042 
    62600000    313000.0000  -1.462846   0.295377  -1.167469 
    62800000    314000.0000  -1.461482   0.297314  -1.164168 
    63000000    315000.0000  -1.451083   0.305912  -1.145170 
    63200000    316000.0000  -1.458170   0.309474  -1.148695 
    63400000    317000.0000  -1.461779   0.297863  -1.163916 
    63600000    318000.0000  -1.454701   0.301896  -1.152804 
    63800000    319000.0000  -1.452484   0.298908  -1.153576 
    64000000    320000.0000  -1.462993   0.304770  -1.158223 
    64200000    321000.0000  -1.463654   0.306742  -1.156912 
    64400000    322000.0000  -1.467700   0.304290  -1.163410 
    64600000    323000.0000  -1.460389   0.304860  -1.155530 
    64800000    324000.0000  -1.452726   0.299389  -1.153337 
    65000000    325000.0000  -1.456371   0.293977  -1.162394 
    65200000    326000.0000  -1.461913   0.302613  -1.159301 
    65400000    327000.0000  -1.479285   0.311323  -1.167962 
    65600000    328000.0000  -1.464593   0.297861  -1.166732 
    65800000    329000.0000  -1.452949   0.302215  -1.150735 
    66000000    330000.0000  -1.451210   0.308521  -1.142689 
    66200000    331000.0000  -1.456791   0.311377  -1.145414 
    66400000    332000.0000  -1.448628   0.298880  -1.149748 
    66600000    333000.0000  -1.468789   0.291088  -1.177701 
    66800000    334000.0000  -1.451742   0.296109  -1.155633 
    67000000    335000.0000  -1.458916   0.300855  -1.158062 
    67200000    336000.0000  -1.449832   0.298859  -1.150973 
    67400000    337000.0000  -1.454309   0.304309  -1.150000 
    67600000    338000.0000  -1.459176   0.305233  -1.153943 
    67800000    339000.0000  -1.455000   0.303642  -1.151358 
    68000000    340000.0000  -1.459967   0.300147  -1.159820 
    68200000    341000.0000  -1.471147   0.308424  -1.162724 
    68400000    342000.0000  -1.456331   0.305243  -1.151088 
    68600000    343000.0000  -1.457215   0.303475  -1.153739 
    68800000    344000.0000  -1.462141   0.299122  -1.163019 
    69000000    345000.0000  -1.444344   0.305056  -1.139288 
    69200000    346000.0000  -1.453316   0.302419  -1.150897 
    69400000    347000.0000  -1.467374   0.298197  -1.169178 
    69600000    348000.0000  -1.466357   0.293510  -1.172847 
    69800000    349000.0000  -1.464094   0.294071  -1.170024 
    70000000    350000.0000  -1.463287   0.307549  -1.155739 
    70200000    351000.0000  -1.454256   0.298233  -1.156024 
    70400000    352000.0000  -1.460956   0.303398  -1.157558 
    70600000    353000.0000  -1.449900   0.300075  -1.149824 
    70800000    354000.0000  -1.453428   0.300132  -1.153296 
    71000000    355000.0000  -1.461824   0.303711  -1.158113 
    71200000    356000.0000  -1.467409   0.301285  -1.166123 
    71400000    357000.0000  -1.466950   0.304745  -1.162205 
    71600000    358000.0000  -1.466372   0.294804  -1.171568 
    71800000    359000.0000  -1.463116   0.295407  -1.167709 
    72000000    360000.0000  -1.461156   0.300024  -1.161132 
