/suphys/joelh/Documents/DNAnano/oxDNA/NewPore/VaryTethLen2
Initialising pore
Running sims
           0         0.0000  -1.435488   0.302999  -1.132488 
      200000      1000.0000  -1.440659   0.303704  -1.136956 
      400000      2000.0000  -1.441215   0.302613  -1.138602 
      600000      3000.0000  -1.446009   0.303846  -1.142164 
      800000      4000.0000  -1.453316   0.304045  -1.149271 
     1000000      5000.0000  -1.442622   0.307211  -1.135411 
     1200000      6000.0000  -1.459086   0.298420  -1.160666 
     1400000      7000.0000  -1.438632   0.292018  -1.146613 
     1600000      8000.0000  -1.427604   0.304265  -1.123339 
     1800000      9000.0000  -1.438937   0.303289  -1.135648 
     2000000     10000.0000  -1.445375   0.301863  -1.143512 
     2200000     11000.0000  -1.447584   0.300639  -1.146944 
     2400000     12000.0000  -1.452329   0.293238  -1.159091 
     2600000     13000.0000  -1.437118   0.302506  -1.134613 
     2800000     14000.0000  -1.453230   0.298802  -1.154428 
     3000000     15000.0000  -1.447716   0.308349  -1.139367 
     3200000     16000.0000  -1.434398   0.304221  -1.130177 
     3400000     17000.0000  -1.455396   0.295921  -1.159475 
     3600000     18000.0000  -1.460880   0.308409  -1.152472 
     3800000     19000.0000  -1.435250   0.293514  -1.141735 
     4000000     20000.0000  -1.440590   0.311160  -1.129430 
     4200000     21000.0000  -1.457013   0.299293  -1.157720 
     4400000     22000.0000  -1.451634   0.302078  -1.149556 
     4600000     23000.0000  -1.452446   0.298239  -1.154207 
     4800000     24000.0000  -1.447244   0.303263  -1.143981 
     5000000     25000.0000  -1.441839   0.306385  -1.135455 
     5200000     26000.0000  -1.443577   0.304515  -1.139061 
     5400000     27000.0000  -1.455408   0.301892  -1.153515 
     5600000     28000.0000  -1.441958   0.294072  -1.147886 
     5800000     29000.0000  -1.433596   0.299939  -1.133657 
     6000000     30000.0000  -1.452927   0.310145  -1.142782 
     6200000     31000.0000  -1.446306   0.302002  -1.144304 
     6400000     32000.0000  -1.443770   0.299918  -1.143851 
     6600000     33000.0000  -1.446206   0.301260  -1.144946 
     6800000     34000.0000  -1.454665   0.307852  -1.146812 
     7000000     35000.0000  -1.434941   0.304793  -1.130148 
     7200000     36000.0000  -1.438996   0.312996  -1.126000 
     7400000     37000.0000  -1.457554   0.300593  -1.156961 
     7600000     38000.0000  -1.449506   0.298775  -1.150730 
     7800000     39000.0000  -1.431355   0.305753  -1.125602 
     8000000     40000.0000  -1.437950   0.304506  -1.133444 
     8200000     41000.0000  -1.442671   0.302002  -1.140669 
     8400000     42000.0000  -1.445906   0.299725  -1.146181 
     8600000     43000.0000  -1.451083   0.303572  -1.147511 
     8800000     44000.0000  -1.457479   0.298148  -1.159332 
     9000000     45000.0000  -1.449400   0.307195  -1.142205 
     9200000     46000.0000  -1.442663   0.301231  -1.141432 
     9400000     47000.0000  -1.451135   0.296921  -1.154215 
     9600000     48000.0000  -1.437954   0.289217  -1.148737 
     9800000     49000.0000  -1.442446   0.310407  -1.132039 
    10000000     50000.0000  -1.446684   0.301655  -1.145030 
    10200000     51000.0000  -1.452843   0.304970  -1.147873 
    10400000     52000.0000  -1.447084   0.292020  -1.155065 
    10600000     53000.0000  -1.452474   0.307669  -1.144805 
    10800000     54000.0000  -1.441256   0.297060  -1.144196 
    11000000     55000.0000  -1.449411   0.301226  -1.148184 
    11200000     56000.0000  -1.452676   0.299999  -1.152677 
    11400000     57000.0000  -1.442896   0.298904  -1.143991 
    11600000     58000.0000  -1.451531   0.306479  -1.145052 
    11800000     59000.0000  -1.450025   0.297945  -1.152080 
    12000000     60000.0000  -1.445629   0.302449  -1.143179 
    12200000     61000.0000  -1.439062   0.301945  -1.137117 
    12400000     62000.0000  -1.430396   0.304488  -1.125908 
    12600000     63000.0000  -1.450096   0.296083  -1.154013 
    12800000     64000.0000  -1.448838   0.294966  -1.153872 
    13000000     65000.0000  -1.446110   0.298503  -1.147607 
    13200000     66000.0000  -1.457135   0.300323  -1.156812 
    13400000     67000.0000  -1.459715   0.300776  -1.158939 
    13600000     68000.0000  -1.453453   0.301311  -1.152142 
    13800000     69000.0000  -1.436544   0.306816  -1.129728 
    14000000     70000.0000  -1.445536   0.300607  -1.144929 
    14200000     71000.0000  -1.445029   0.303430  -1.141599 
    14400000     72000.0000  -1.459778   0.299277  -1.160501 
    14600000     73000.0000  -1.447082   0.297237  -1.149845 
    14800000     74000.0000  -1.448484   0.310307  -1.138177 
    15000000     75000.0000  -1.450531   0.299367  -1.151165 
    15200000     76000.0000  -1.434610   0.304790  -1.129821 
    15400000     77000.0000  -1.444869   0.309157  -1.135713 
    15600000     78000.0000  -1.448318   0.309569  -1.138749 
    15800000     79000.0000  -1.447779   0.308655  -1.139124 
    16000000     80000.0000  -1.448908   0.305614  -1.143295 
    16200000     81000.0000  -1.446223   0.293539  -1.152684 
    16400000     82000.0000  -1.448435   0.298526  -1.149909 
    16600000     83000.0000  -1.454282   0.300796  -1.153485 
    16800000     84000.0000  -1.439676   0.297551  -1.142126 
    17000000     85000.0000  -1.450669   0.297124  -1.153545 
    17200000     86000.0000  -1.447689   0.314905  -1.132785 
    17400000     87000.0000  -1.448804   0.309084  -1.139720 
    17600000     88000.0000  -1.442139   0.303673  -1.138466 
    17800000     89000.0000  -1.430979   0.302242  -1.128736 
    18000000     90000.0000  -1.453005   0.305869  -1.147135 
    18200000     91000.0000  -1.455683   0.300458  -1.155225 
    18400000     92000.0000  -1.451252   0.298857  -1.152395 
    18600000     93000.0000  -1.449026   0.301951  -1.147075 
    18800000     94000.0000  -1.449906   0.297751  -1.152155 
    19000000     95000.0000  -1.457525   0.303015  -1.154510 
    19200000     96000.0000  -1.458319   0.302064  -1.156255 
    19400000     97000.0000  -1.460398   0.301391  -1.159007 
    19600000     98000.0000  -1.452765   0.298814  -1.153952 
    19800000     99000.0000  -1.446820   0.303025  -1.143795 
    20000000    100000.0000  -1.453292   0.295859  -1.157434 
    20200000    101000.0000  -1.453481   0.314420  -1.139061 
    20400000    102000.0000  -1.445390   0.308948  -1.136442 
    20600000    103000.0000  -1.452466   0.308125  -1.144342 
    20800000    104000.0000  -1.439996   0.310911  -1.129086 
    21000000    105000.0000  -1.438810   0.301319  -1.137491 
    21200000    106000.0000  -1.451084   0.307215  -1.143869 
    21400000    107000.0000  -1.461118   0.298611  -1.162507 
    21600000    108000.0000  -1.448894   0.308875  -1.140019 
    21800000    109000.0000  -1.440708   0.296459  -1.144249 
    22000000    110000.0000  -1.441231   0.301464  -1.139768 
    22200000    111000.0000  -1.453372   0.292804  -1.160568 
    22400000    112000.0000  -1.463732   0.296513  -1.167219 
    22600000    113000.0000  -1.445460   0.299074  -1.146386 
    22800000    114000.0000  -1.451746   0.301357  -1.150388 
    23000000    115000.0000  -1.448284   0.289038  -1.159246 
    23200000    116000.0000  -1.443585   0.308629  -1.134956 
    23400000    117000.0000  -1.449153   0.300009  -1.149144 
    23600000    118000.0000  -1.438543   0.305778  -1.132765 
    23800000    119000.0000  -1.454719   0.300991  -1.153728 
    24000000    120000.0000  -1.446669   0.299299  -1.147370 
    24200000    121000.0000  -1.450397   0.310136  -1.140261 
    24400000    122000.0000  -1.447048   0.313181  -1.133867 
    24600000    123000.0000  -1.456672   0.299303  -1.157369 
    24800000    124000.0000  -1.445649   0.298921  -1.146727 
    25000000    125000.0000  -1.447411   0.296104  -1.151307 
    25200000    126000.0000  -1.440979   0.305275  -1.135704 
    25400000    127000.0000  -1.446649   0.308633  -1.138015 
    25600000    128000.0000  -1.444683   0.296336  -1.148347 
    25800000    129000.0000  -1.440806   0.301107  -1.139699 
    26000000    130000.0000  -1.454339   0.308137  -1.146202 
    26200000    131000.0000  -1.453841   0.300059  -1.153781 
    26400000    132000.0000  -1.452587   0.300499  -1.152088 
    26600000    133000.0000  -1.446992   0.308255  -1.138738 
    26800000    134000.0000  -1.444227   0.298926  -1.145301 
    27000000    135000.0000  -1.443595   0.311727  -1.131868 
    27200000    136000.0000  -1.455775   0.298971  -1.156804 
    27400000    137000.0000  -1.453668   0.303431  -1.150237 
    27600000    138000.0000  -1.443833   0.300168  -1.143665 
    27800000    139000.0000  -1.446769   0.296982  -1.149787 
    28000000    140000.0000  -1.435569   0.305618  -1.129952 
    28200000    141000.0000  -1.442490   0.304212  -1.138278 
    28400000    142000.0000  -1.448253   0.307064  -1.141189 
    28600000    143000.0000  -1.439337   0.301101  -1.138236 
    28800000    144000.0000  -1.444551   0.299162  -1.145390 
    29000000    145000.0000  -1.449962   0.302408  -1.147554 
    29200000    146000.0000  -1.448759   0.299868  -1.148891 
    29400000    147000.0000  -1.453203   0.303504  -1.149699 
    29600000    148000.0000  -1.450565   0.294982  -1.155582 
    29800000    149000.0000  -1.444705   0.297663  -1.147041 
    30000000    150000.0000  -1.454796   0.304577  -1.150219 
    30200000    151000.0000  -1.453621   0.304756  -1.148865 
    30400000    152000.0000  -1.449615   0.300240  -1.149374 
    30600000    153000.0000  -1.449850   0.307578  -1.142272 
    30800000    154000.0000  -1.449688   0.305463  -1.144225 
    31000000    155000.0000  -1.457113   0.301781  -1.155332 
    31200000    156000.0000  -1.435822   0.297883  -1.137939 
    31400000    157000.0000  -1.437230   0.296845  -1.140386 
    31600000    158000.0000  -1.457764   0.301428  -1.156336 
    31800000    159000.0000  -1.446123   0.294916  -1.151207 
    32000000    160000.0000  -1.454188   0.304546  -1.149642 
    32200000    161000.0000  -1.451615   0.295738  -1.155877 
    32400000    162000.0000  -1.452469   0.302249  -1.150220 
    32600000    163000.0000  -1.440287   0.305964  -1.134322 
    32800000    164000.0000  -1.447129   0.291896  -1.155233 
    33000000    165000.0000  -1.453163   0.297332  -1.155831 
    33200000    166000.0000  -1.444269   0.304405  -1.139864 
    33400000    167000.0000  -1.450198   0.304486  -1.145712 
    33600000    168000.0000  -1.445348   0.293327  -1.152021 
    33800000    169000.0000  -1.440148   0.298115  -1.142032 
    34000000    170000.0000  -1.454078   0.301721  -1.152356 
    34200000    171000.0000  -1.435980   0.296763  -1.139218 
    34400000    172000.0000  -1.446336   0.302491  -1.143845 
    34600000    173000.0000  -1.453041   0.305758  -1.147283 
    34800000    174000.0000  -1.449147   0.290916  -1.158231 
    35000000    175000.0000  -1.453516   0.304792  -1.148724 
    35200000    176000.0000  -1.451436   0.299845  -1.151590 
    35400000    177000.0000  -1.459517   0.308421  -1.151096 
    35600000    178000.0000  -1.441103   0.303905  -1.137198 
    35800000    179000.0000  -1.433809   0.299079  -1.134730 
    36000000    180000.0000  -1.461421   0.297583  -1.163839 
    36200000    181000.0000  -1.457189   0.316483  -1.140705 
    36400000    182000.0000  -1.437237   0.298003  -1.139234 
    36600000    183000.0000  -1.441868   0.300200  -1.141668 
    36800000    184000.0000  -1.457475   0.299106  -1.158369 
    37000000    185000.0000  -1.459224   0.302227  -1.156996 
    37200000    186000.0000  -1.449298   0.302621  -1.146677 
    37400000    187000.0000  -1.439786   0.300681  -1.139105 
    37600000    188000.0000  -1.458329   0.304438  -1.153892 
    37800000    189000.0000  -1.434086   0.296390  -1.137696 
    38000000    190000.0000  -1.434737   0.316779  -1.117958 
    38200000    191000.0000  -1.445313   0.299128  -1.146185 
    38400000    192000.0000  -1.443731   0.305229  -1.138502 
    38600000    193000.0000  -1.443269   0.302136  -1.141132 
    38800000    194000.0000  -1.455714   0.297299  -1.158415 
    39000000    195000.0000  -1.468451   0.296847  -1.171604 
    39200000    196000.0000  -1.453812   0.290229  -1.163583 
    39400000    197000.0000  -1.457415   0.314191  -1.143224 
    39600000    198000.0000  -1.446707   0.298677  -1.148031 
    39800000    199000.0000  -1.459427   0.300163  -1.159264 
    40000000    200000.0000  -1.448835   0.304455  -1.144380 
    40200000    201000.0000  -1.451614   0.296496  -1.155118 
    40400000    202000.0000  -1.463071   0.300554  -1.162517 
    40600000    203000.0000  -1.445162   0.299416  -1.145745 
    40800000    204000.0000  -1.436450   0.301363  -1.135087 
    41000000    205000.0000  -1.447279   0.296203  -1.151076 
    41200000    206000.0000  -1.450374   0.297810  -1.152564 
    41400000    207000.0000  -1.458213   0.289557  -1.168656 
    41600000    208000.0000  -1.449682   0.299217  -1.150465 
    41800000    209000.0000  -1.450704   0.303302  -1.147402 
    42000000    210000.0000  -1.443334   0.291799  -1.151536 
    42200000    211000.0000  -1.442252   0.305949  -1.136303 
    42400000    212000.0000  -1.433511   0.302939  -1.130572 
    42600000    213000.0000  -1.447975   0.296824  -1.151151 
    42800000    214000.0000  -1.441049   0.293551  -1.147498 
    43000000    215000.0000  -1.450614   0.308421  -1.142194 
    43200000    216000.0000  -1.451490   0.305595  -1.145895 
    43400000    217000.0000  -1.446729   0.299709  -1.147020 
    43600000    218000.0000  -1.458766   0.295938  -1.162828 
    43800000    219000.0000  -1.441169   0.297913  -1.143256 
    44000000    220000.0000  -1.445592   0.300610  -1.144982 
    44200000    221000.0000  -1.442923   0.300436  -1.142488 
    44400000    222000.0000  -1.464006   0.303798  -1.160208 
    44600000    223000.0000  -1.453401   0.294465  -1.158935 
    44800000    224000.0000  -1.446402   0.312971  -1.133430 
    45000000    225000.0000  -1.448734   0.295221  -1.153513 
    45200000    226000.0000  -1.445538   0.313338  -1.132200 
    45400000    227000.0000  -1.445742   0.307562  -1.138180 
    45600000    228000.0000  -1.448840   0.294822  -1.154017 
    45800000    229000.0000  -1.462927   0.303971  -1.158956 
    46000000    230000.0000  -1.449583   0.301526  -1.148057 
    46200000    231000.0000  -1.452247   0.303632  -1.148615 
    46400000    232000.0000  -1.428598   0.300730  -1.127868 
    46600000    233000.0000  -1.438952   0.301062  -1.137890 
    46800000    234000.0000  -1.455885   0.306096  -1.149789 
