/suphys/joelh/Documents/DNAnano/oxDNA/NewPore/VaryTethLen2
Initialising pore
Running sims
           0         0.0000  -1.431395   0.302881  -1.128514 
      200000      1000.0000  -1.442324   0.301865  -1.140459 
      400000      2000.0000  -1.432828   0.290626  -1.142203 
      600000      3000.0000  -1.441178   0.304398  -1.136780 
      800000      4000.0000  -1.434643   0.301679  -1.132965 
     1000000      5000.0000  -1.442183   0.303228  -1.138955 
     1200000      6000.0000  -1.444441   0.302893  -1.141548 
     1400000      7000.0000  -1.444086   0.295584  -1.148502 
     1600000      8000.0000  -1.445102   0.308704  -1.136397 
     1800000      9000.0000  -1.434968   0.303273  -1.131695 
     2000000     10000.0000  -1.440219   0.299084  -1.141134 
     2200000     11000.0000  -1.445076   0.291670  -1.153406 
     2400000     12000.0000  -1.439868   0.297945  -1.141923 
     2600000     13000.0000  -1.450145   0.305946  -1.144199 
     2800000     14000.0000  -1.442250   0.298433  -1.143818 
     3000000     15000.0000  -1.434631   0.296502  -1.138129 
     3200000     16000.0000  -1.441315   0.300323  -1.140992 
     3400000     17000.0000  -1.433333   0.306134  -1.127199 
     3600000     18000.0000  -1.439649   0.306556  -1.133093 
     3800000     19000.0000  -1.433838   0.293853  -1.139985 
     4000000     20000.0000  -1.448625   0.296719  -1.151906 
     4200000     21000.0000  -1.442137   0.303060  -1.139078 
     4400000     22000.0000  -1.443780   0.305729  -1.138051 
     4600000     23000.0000  -1.461938   0.298679  -1.163259 
     4800000     24000.0000  -1.431770   0.302584  -1.129186 
     5000000     25000.0000  -1.447902   0.305828  -1.142074 
     5200000     26000.0000  -1.458510   0.301292  -1.157218 
     5400000     27000.0000  -1.447464   0.298320  -1.149145 
     5600000     28000.0000  -1.442836   0.305994  -1.136841 
     5800000     29000.0000  -1.440096   0.303013  -1.137083 
     6000000     30000.0000  -1.433227   0.299921  -1.133306 
     6200000     31000.0000  -1.445840   0.297520  -1.148320 
     6400000     32000.0000  -1.440324   0.303404  -1.136921 
     6600000     33000.0000  -1.451430   0.306982  -1.144447 
     6800000     34000.0000  -1.448588   0.299202  -1.149386 
     7000000     35000.0000  -1.437703   0.295644  -1.142059 
     7200000     36000.0000  -1.448140   0.297546  -1.150594 
     7400000     37000.0000  -1.439783   0.307167  -1.132615 
     7600000     38000.0000  -1.447785   0.300408  -1.147377 
     7800000     39000.0000  -1.448025   0.299585  -1.148440 
     8000000     40000.0000  -1.454707   0.305345  -1.149362 
     8200000     41000.0000  -1.443070   0.299862  -1.143208 
     8400000     42000.0000  -1.445356   0.298523  -1.146833 
     8600000     43000.0000  -1.425541   0.309229  -1.116311 
     8800000     44000.0000  -1.442608   0.303330  -1.139279 
     9000000     45000.0000  -1.440764   0.302915  -1.137849 
     9200000     46000.0000  -1.454986   0.304478  -1.150508 
     9400000     47000.0000  -1.441977   0.299755  -1.142222 
     9600000     48000.0000  -1.447810   0.299664  -1.148146 
     9800000     49000.0000  -1.429837   0.303535  -1.126302 
    10000000     50000.0000  -1.435335   0.299704  -1.135631 
    10200000     51000.0000  -1.448922   0.296647  -1.152275 
    10400000     52000.0000  -1.457098   0.301035  -1.156064 
    10600000     53000.0000  -1.449981   0.295695  -1.154286 
    10800000     54000.0000  -1.446581   0.301403  -1.145178 
    11000000     55000.0000  -1.438253   0.300708  -1.137545 
    11200000     56000.0000  -1.432429   0.296445  -1.135984 
    11400000     57000.0000  -1.433503   0.295398  -1.138106 
    11600000     58000.0000  -1.448371   0.289007  -1.159364 
    11800000     59000.0000  -1.458401   0.298625  -1.159776 
    12000000     60000.0000  -1.436461   0.300775  -1.135686 
    12200000     61000.0000  -1.438016   0.303498  -1.134517 
    12400000     62000.0000  -1.441927   0.293330  -1.148596 
    12600000     63000.0000  -1.463225   0.304543  -1.158683 
    12800000     64000.0000  -1.463751   0.297163  -1.166588 
    13000000     65000.0000  -1.438359   0.317532  -1.120827 
    13200000     66000.0000  -1.443943   0.298133  -1.145809 
    13400000     67000.0000  -1.447015   0.300671  -1.146344 
    13600000     68000.0000  -1.458105   0.315413  -1.142692 
    13800000     69000.0000  -1.444660   0.300037  -1.144623 
    14000000     70000.0000  -1.439290   0.308868  -1.130421 
    14200000     71000.0000  -1.435443   0.301766  -1.133676 
    14400000     72000.0000  -1.440436   0.294757  -1.145678 
    14600000     73000.0000  -1.461926   0.299246  -1.162680 
    14800000     74000.0000  -1.461646   0.302305  -1.159341 
    15000000     75000.0000  -1.458838   0.309223  -1.149615 
    15200000     76000.0000  -1.462440   0.301847  -1.160592 
    15400000     77000.0000  -1.450191   0.307344  -1.142847 
    15600000     78000.0000  -1.456040   0.297039  -1.159001 
    15800000     79000.0000  -1.449656   0.296048  -1.153608 
    16000000     80000.0000  -1.454430   0.290563  -1.163867 
    16200000     81000.0000  -1.444059   0.298000  -1.146059 
    16400000     82000.0000  -1.452251   0.307572  -1.144679 
    16600000     83000.0000  -1.446182   0.302171  -1.144011 
    16800000     84000.0000  -1.455478   0.303305  -1.152174 
    17000000     85000.0000  -1.447993   0.297722  -1.150271 
    17200000     86000.0000  -1.450084   0.296090  -1.153994 
    17400000     87000.0000  -1.443375   0.307669  -1.135707 
    17600000     88000.0000  -1.440453   0.308913  -1.131540 
    17800000     89000.0000  -1.448612   0.296389  -1.152223 
    18000000     90000.0000  -1.452263   0.298893  -1.153370 
    18200000     91000.0000  -1.444038   0.301899  -1.142139 
    18400000     92000.0000  -1.440677   0.299434  -1.141243 
    18600000     93000.0000  -1.451766   0.301080  -1.150687 
    18800000     94000.0000  -1.446900   0.300608  -1.146292 
    19000000     95000.0000  -1.455399   0.294752  -1.160646 
    19200000     96000.0000  -1.443674   0.298688  -1.144986 
    19400000     97000.0000  -1.458200   0.312463  -1.145736 
    19600000     98000.0000  -1.463093   0.303617  -1.159477 
    19800000     99000.0000  -1.431365   0.299548  -1.131816 
    20000000    100000.0000  -1.456702   0.303200  -1.153502 
    20200000    101000.0000  -1.443088   0.296654  -1.146435 
    20400000    102000.0000  -1.445204   0.295698  -1.149505 
    20600000    103000.0000  -1.445585   0.299318  -1.146267 
    20800000    104000.0000  -1.440288   0.295037  -1.145251 
    21000000    105000.0000  -1.450441   0.302433  -1.148008 
    21200000    106000.0000  -1.443822   0.300406  -1.143416 
    21400000    107000.0000  -1.447463   0.294573  -1.152889 
    21600000    108000.0000  -1.447082   0.297794  -1.149288 
    21800000    109000.0000  -1.452083   0.291906  -1.160177 
    22000000    110000.0000  -1.448355   0.287422  -1.160933 
    22200000    111000.0000  -1.445567   0.294310  -1.151257 
    22400000    112000.0000  -1.446375   0.305449  -1.140926 
    22600000    113000.0000  -1.435929   0.298933  -1.136996 
    22800000    114000.0000  -1.449821   0.304032  -1.145789 
    23000000    115000.0000  -1.439508   0.309235  -1.130273 
    23200000    116000.0000  -1.444929   0.299503  -1.145427 
    23400000    117000.0000  -1.437537   0.303822  -1.133715 
    23600000    118000.0000  -1.441124   0.299853  -1.141271 
    23800000    119000.0000  -1.436402   0.305814  -1.130589 
    24000000    120000.0000  -1.436972   0.309384  -1.127588 
    24200000    121000.0000  -1.441539   0.308506  -1.133032 
    24400000    122000.0000  -1.430215   0.307302  -1.122913 
    24600000    123000.0000  -1.435061   0.296790  -1.138271 
    24800000    124000.0000  -1.422917   0.298025  -1.124892 
    25000000    125000.0000  -1.453774   0.300287  -1.153487 
    25200000    126000.0000  -1.448256   0.297024  -1.151233 
    25400000    127000.0000  -1.455490   0.296318  -1.159172 
    25600000    128000.0000  -1.433322   0.299643  -1.133678 
    25800000    129000.0000  -1.446277   0.300690  -1.145587 
    26000000    130000.0000  -1.445953   0.296882  -1.149071 
    26200000    131000.0000  -1.441518   0.305623  -1.135895 
    26400000    132000.0000  -1.430076   0.300438  -1.129637 
    26600000    133000.0000  -1.435936   0.298188  -1.137748 
    26800000    134000.0000  -1.447672   0.296890  -1.150781 
    27000000    135000.0000  -1.442999   0.297323  -1.145676 
    27200000    136000.0000  -1.451914   0.301938  -1.149976 
    27400000    137000.0000  -1.436876   0.296940  -1.139936 
    27600000    138000.0000  -1.447245   0.307609  -1.139636 
    27800000    139000.0000  -1.436288   0.300632  -1.135656 
    28000000    140000.0000  -1.438247   0.295973  -1.142274 
    28200000    141000.0000  -1.442714   0.294246  -1.148468 
    28400000    142000.0000  -1.428270   0.298118  -1.130152 
    28600000    143000.0000  -1.433827   0.303998  -1.129829 
    28800000    144000.0000  -1.445077   0.298230  -1.146847 
    29000000    145000.0000  -1.426855   0.303358  -1.123498 
    29200000    146000.0000  -1.440001   0.301191  -1.138810 
    29400000    147000.0000  -1.433751   0.303609  -1.130142 
    29600000    148000.0000  -1.448555   0.300031  -1.148524 
    29800000    149000.0000  -1.435809   0.298455  -1.137354 
    30000000    150000.0000  -1.447929   0.300169  -1.147760 
    30200000    151000.0000  -1.439525   0.309289  -1.130237 
    30400000    152000.0000  -1.447318   0.310321  -1.136997 
    30600000    153000.0000  -1.440793   0.297847  -1.142946 
    30800000    154000.0000  -1.444210   0.298270  -1.145940 
    31000000    155000.0000  -1.449334   0.309612  -1.139721 
    31200000    156000.0000  -1.426615   0.290929  -1.135685 
    31400000    157000.0000  -1.441246   0.306977  -1.134269 
    31600000    158000.0000  -1.430566   0.301872  -1.128694 
    31800000    159000.0000  -1.441491   0.304889  -1.136602 
    32000000    160000.0000  -1.431949   0.304724  -1.127225 
    32200000    161000.0000  -1.450020   0.300536  -1.149484 
    32400000    162000.0000  -1.436860   0.296266  -1.140594 
    32600000    163000.0000  -1.444077   0.295795  -1.148281 
    32800000    164000.0000  -1.436283   0.299946  -1.136337 
    33000000    165000.0000  -1.450197   0.298671  -1.151526 
    33200000    166000.0000  -1.444114   0.301291  -1.142823 
    33400000    167000.0000  -1.446614   0.294143  -1.152471 
    33600000    168000.0000  -1.441745   0.303009  -1.138736 
    33800000    169000.0000  -1.438848   0.297026  -1.141821 
    34000000    170000.0000  -1.445973   0.304507  -1.141466 
    34200000    171000.0000  -1.455841   0.302807  -1.153033 
    34400000    172000.0000  -1.441586   0.299110  -1.142476 
    34600000    173000.0000  -1.442929   0.305850  -1.137079 
    34800000    174000.0000  -1.438518   0.311636  -1.126882 
    35000000    175000.0000  -1.438695   0.310949  -1.127746 
    35200000    176000.0000  -1.456012   0.303733  -1.152278 
    35400000    177000.0000  -1.436389   0.307898  -1.128491 
    35600000    178000.0000  -1.456837   0.300737  -1.156100 
    35800000    179000.0000  -1.438518   0.298128  -1.140391 
    36000000    180000.0000  -1.437827   0.302236  -1.135591 
    36200000    181000.0000  -1.449826   0.303772  -1.146054 
    36400000    182000.0000  -1.438170   0.294169  -1.144001 
    36600000    183000.0000  -1.441152   0.302840  -1.138312 
    36800000    184000.0000  -1.458393   0.298612  -1.159781 
    37000000    185000.0000  -1.432175   0.301588  -1.130587 
    37200000    186000.0000  -1.449607   0.306240  -1.143367 
    37400000    187000.0000  -1.436021   0.300203  -1.135818 
    37600000    188000.0000  -1.438421   0.302002  -1.136419 
    37800000    189000.0000  -1.438585   0.307945  -1.130640 
    38000000    190000.0000  -1.443270   0.294118  -1.149151 
    38200000    191000.0000  -1.459062   0.301278  -1.157784 
    38400000    192000.0000  -1.444943   0.310192  -1.134750 
    38600000    193000.0000  -1.443670   0.295070  -1.148599 
    38800000    194000.0000  -1.456649   0.310858  -1.145791 
    39000000    195000.0000  -1.445089   0.307091  -1.137998 
    39200000    196000.0000  -1.440868   0.296924  -1.143944 
    39400000    197000.0000  -1.443909   0.302357  -1.141553 
    39600000    198000.0000  -1.453652   0.302817  -1.150835 
    39800000    199000.0000  -1.438902   0.309179  -1.129723 
    40000000    200000.0000  -1.425044   0.299265  -1.125780 
    40200000    201000.0000  -1.445665   0.298364  -1.147301 
    40400000    202000.0000  -1.451316   0.306398  -1.144918 
    40600000    203000.0000  -1.425218   0.309683  -1.115535 
    40800000    204000.0000  -1.442230   0.299872  -1.142357 
    41000000    205000.0000  -1.449408   0.292259  -1.157149 
    41200000    206000.0000  -1.437328   0.302407  -1.134920 
    41400000    207000.0000  -1.435035   0.301702  -1.133333 
    41600000    208000.0000  -1.437549   0.305796  -1.131753 
    41800000    209000.0000  -1.449822   0.303897  -1.145925 
    42000000    210000.0000  -1.446400   0.306388  -1.140012 
    42200000    211000.0000  -1.455370   0.296635  -1.158735 
    42400000    212000.0000  -1.453868   0.302347  -1.151521 
    42600000    213000.0000  -1.453741   0.313139  -1.140602 
    42800000    214000.0000  -1.453087   0.304512  -1.148575 
    43000000    215000.0000  -1.445539   0.305916  -1.139624 
    43200000    216000.0000  -1.436937   0.305033  -1.131904 
    43400000    217000.0000  -1.430771   0.310478  -1.120293 
    43600000    218000.0000  -1.464666   0.300483  -1.164183 
    43800000    219000.0000  -1.447857   0.304612  -1.143244 
    44000000    220000.0000  -1.456644   0.294832  -1.161812 
    44200000    221000.0000  -1.448486   0.304495  -1.143990 
    44400000    222000.0000  -1.447956   0.310927  -1.137029 
    44600000    223000.0000  -1.451659   0.301178  -1.150481 
    44800000    224000.0000  -1.446068   0.292541  -1.153527 
    45000000    225000.0000  -1.456034   0.307924  -1.148109 
    45200000    226000.0000  -1.449404   0.305616  -1.143788 
    45400000    227000.0000  -1.448041   0.290759  -1.157282 
    45600000    228000.0000  -1.454494   0.299837  -1.154657 
    45800000    229000.0000  -1.464094   0.306718  -1.157376 
    46000000    230000.0000  -1.461673   0.303098  -1.158575 
    46200000    231000.0000  -1.448302   0.301709  -1.146593 
    46400000    232000.0000  -1.448369   0.301113  -1.147255 
    46600000    233000.0000  -1.463164   0.307636  -1.155528 
    46800000    234000.0000  -1.452029   0.300566  -1.151464 
    47000000    235000.0000  -1.450850   0.300468  -1.150382 
    47200000    236000.0000  -1.449788   0.301015  -1.148773 
    47400000    237000.0000  -1.470231   0.304540  -1.165691 
    47600000    238000.0000  -1.449966   0.302714  -1.147252 
    47800000    239000.0000  -1.439429   0.308959  -1.130470 
    48000000    240000.0000  -1.458563   0.293018  -1.165545 
    48200000    241000.0000  -1.467242   0.303120  -1.164122 
    48400000    242000.0000  -1.447338   0.301685  -1.145653 
    48600000    243000.0000  -1.448494   0.308784  -1.139711 
    48800000    244000.0000  -1.453133   0.307356  -1.145777 
    49000000    245000.0000  -1.444158   0.300004  -1.144154 
    49200000    246000.0000  -1.448198   0.302033  -1.146166 
