/suphys/joelh/Documents/DNAnano/oxDNA/NewPore/VaryTethLen2
Initialising pore
Running sims
           0         0.0000  -1.410610   0.301926  -1.108684 
      200000      1000.0000  -1.414821   0.304829  -1.109992 
      400000      2000.0000  -1.426069   0.298736  -1.127333 
      600000      3000.0000  -1.429178   0.299231  -1.129947 
      800000      4000.0000  -1.432890   0.301334  -1.131556 
     1000000      5000.0000  -1.437904   0.301882  -1.136022 
     1200000      6000.0000  -1.432952   0.295306  -1.137646 
     1400000      7000.0000  -1.444309   0.301639  -1.142670 
     1600000      8000.0000  -1.428831   0.304864  -1.123967 
     1800000      9000.0000  -1.423222   0.297774  -1.125448 
     2000000     10000.0000  -1.432258   0.305025  -1.127233 
     2200000     11000.0000  -1.442825   0.295515  -1.147309 
     2400000     12000.0000  -1.442591   0.296531  -1.146059 
     2600000     13000.0000  -1.411674   0.310675  -1.100999 
     2800000     14000.0000  -1.428557   0.291417  -1.137140 
     3000000     15000.0000  -1.425394   0.298858  -1.126536 
     3200000     16000.0000  -1.426575   0.307794  -1.118781 
     3400000     17000.0000  -1.413276   0.305097  -1.108179 
     3600000     18000.0000  -1.439453   0.305086  -1.134367 
     3800000     19000.0000  -1.435017   0.310718  -1.124299 
     4000000     20000.0000  -1.423988   0.307311  -1.116677 
     4200000     21000.0000  -1.421642   0.308525  -1.113117 
     4400000     22000.0000  -1.431911   0.303803  -1.128108 
     4600000     23000.0000  -1.428376   0.304776  -1.123600 
     4800000     24000.0000  -1.424792   0.303037  -1.121755 
     5000000     25000.0000  -1.425978   0.297969  -1.128009 
     5200000     26000.0000  -1.432356   0.301860  -1.130496 
     5400000     27000.0000  -1.429352   0.292440  -1.136912 
     5600000     28000.0000  -1.427222   0.291970  -1.135251 
     5800000     29000.0000  -1.430325   0.303994  -1.126330 
     6000000     30000.0000  -1.426592   0.309625  -1.116967 
     6200000     31000.0000  -1.423205   0.303267  -1.119938 
     6400000     32000.0000  -1.433637   0.290479  -1.143158 
     6600000     33000.0000  -1.442612   0.290737  -1.151874 
     6800000     34000.0000  -1.424150   0.298882  -1.125269 
     7000000     35000.0000  -1.427803   0.313095  -1.114707 
     7200000     36000.0000  -1.427935   0.298083  -1.129852 
     7400000     37000.0000  -1.435888   0.301491  -1.134396 
     7600000     38000.0000  -1.436983   0.295162  -1.141821 
     7800000     39000.0000  -1.431621   0.301166  -1.130455 
     8000000     40000.0000  -1.445334   0.298852  -1.146482 
     8200000     41000.0000  -1.433553   0.311279  -1.122274 
     8400000     42000.0000  -1.434230   0.310833  -1.123397 
     8600000     43000.0000  -1.437420   0.301318  -1.136102 
     8800000     44000.0000  -1.441605   0.288143  -1.153462 
     9000000     45000.0000  -1.433515   0.296136  -1.137379 
     9200000     46000.0000  -1.430734   0.298905  -1.131829 
     9400000     47000.0000  -1.436399   0.299700  -1.136699 
     9600000     48000.0000  -1.439779   0.306314  -1.133466 
     9800000     49000.0000  -1.441224   0.301381  -1.139844 
    10000000     50000.0000  -1.433538   0.310672  -1.122867 
    10200000     51000.0000  -1.417951   0.307872  -1.110080 
    10400000     52000.0000  -1.447956   0.311095  -1.136861 
    10600000     53000.0000  -1.434540   0.304242  -1.130298 
    10800000     54000.0000  -1.436486   0.304491  -1.131995 
    11000000     55000.0000  -1.425416   0.304719  -1.120696 
    11200000     56000.0000  -1.430561   0.303210  -1.127351 
    11400000     57000.0000  -1.441909   0.299571  -1.142338 
    11600000     58000.0000  -1.444366   0.293511  -1.150856 
    11800000     59000.0000  -1.438727   0.298365  -1.140362 
    12000000     60000.0000  -1.436602   0.305797  -1.130805 
    12200000     61000.0000  -1.441550   0.298772  -1.142778 
    12400000     62000.0000  -1.436056   0.302001  -1.134055 
    12600000     63000.0000  -1.438638   0.300308  -1.138330 
    12800000     64000.0000  -1.437013   0.287900  -1.149113 
    13000000     65000.0000  -1.439348   0.303029  -1.136319 
    13200000     66000.0000  -1.429056   0.293878  -1.135178 
    13400000     67000.0000  -1.432256   0.302457  -1.129799 
    13600000     68000.0000  -1.441628   0.299709  -1.141919 
    13800000     69000.0000  -1.432766   0.294878  -1.137888 
    14000000     70000.0000  -1.423747   0.301174  -1.122573 
    14200000     71000.0000  -1.440862   0.307542  -1.133320 
    14400000     72000.0000  -1.440679   0.295134  -1.145546 
    14600000     73000.0000  -1.440650   0.302389  -1.138260 
    14800000     74000.0000  -1.439393   0.303920  -1.135473 
    15000000     75000.0000  -1.421317   0.292669  -1.128648 
    15200000     76000.0000  -1.441724   0.299535  -1.142190 
    15400000     77000.0000  -1.448561   0.302249  -1.146312 
    15600000     78000.0000  -1.428671   0.301925  -1.126745 
    15800000     79000.0000  -1.448143   0.311730  -1.136413 
    16000000     80000.0000  -1.438739   0.303956  -1.134782 
    16200000     81000.0000  -1.431683   0.298135  -1.133549 
    16400000     82000.0000  -1.432103   0.301599  -1.130504 
    16600000     83000.0000  -1.444842   0.308636  -1.136205 
    16800000     84000.0000  -1.444406   0.301973  -1.142433 
    17000000     85000.0000  -1.447864   0.305461  -1.142403 
    17200000     86000.0000  -1.443647   0.306278  -1.137369 
    17400000     87000.0000  -1.448892   0.297890  -1.151002 
    17600000     88000.0000  -1.449082   0.308160  -1.140922 
    17800000     89000.0000  -1.429886   0.297965  -1.131921 
    18000000     90000.0000  -1.441171   0.299471  -1.141700 
    18200000     91000.0000  -1.445570   0.305512  -1.140058 
    18400000     92000.0000  -1.440195   0.302367  -1.137828 
    18600000     93000.0000  -1.450390   0.304851  -1.145539 
    18800000     94000.0000  -1.427252   0.306495  -1.120757 
    19000000     95000.0000  -1.456945   0.311671  -1.145274 
    19200000     96000.0000  -1.439593   0.300854  -1.138740 
    19400000     97000.0000  -1.426181   0.304990  -1.121191 
    19600000     98000.0000  -1.433250   0.305040  -1.128210 
    19800000     99000.0000  -1.444060   0.298784  -1.145276 
    20000000    100000.0000  -1.437972   0.294235  -1.143738 
    20200000    101000.0000  -1.432608   0.306250  -1.126358 
    20400000    102000.0000  -1.428186   0.302280  -1.125906 
    20600000    103000.0000  -1.424260   0.307020  -1.117240 
    20800000    104000.0000  -1.446179   0.300914  -1.145266 
    21000000    105000.0000  -1.428063   0.298439  -1.129624 
    21200000    106000.0000  -1.445171   0.300066  -1.145104 
    21400000    107000.0000  -1.439094   0.305721  -1.133373 
    21600000    108000.0000  -1.430904   0.293429  -1.137475 
    21800000    109000.0000  -1.434975   0.295943  -1.139032 
    22000000    110000.0000  -1.427496   0.303611  -1.123885 
    22200000    111000.0000  -1.435415   0.303684  -1.131731 
    22400000    112000.0000  -1.441309   0.309091  -1.132218 
    22600000    113000.0000  -1.436525   0.303327  -1.133198 
    22800000    114000.0000  -1.420664   0.300189  -1.120475 
    23000000    115000.0000  -1.430715   0.299654  -1.131060 
    23200000    116000.0000  -1.432106   0.296797  -1.135309 
    23400000    117000.0000  -1.436695   0.310100  -1.126594 
    23600000    118000.0000  -1.435850   0.301019  -1.134830 
    23800000    119000.0000  -1.437847   0.302236  -1.135611 
    24000000    120000.0000  -1.445660   0.301031  -1.144629 
    24200000    121000.0000  -1.434766   0.304164  -1.130602 
    24400000    122000.0000  -1.442387   0.297167  -1.145220 
    24600000    123000.0000  -1.437204   0.294810  -1.142394 
    24800000    124000.0000  -1.431647   0.302533  -1.129114 
    25000000    125000.0000  -1.439502   0.300944  -1.138558 
    25200000    126000.0000  -1.436882   0.301495  -1.135387 
    25400000    127000.0000  -1.436553   0.304260  -1.132293 
    25600000    128000.0000  -1.443166   0.311410  -1.131756 
    25800000    129000.0000  -1.430646   0.302205  -1.128441 
    26000000    130000.0000  -1.442743   0.301281  -1.141461 
    26200000    131000.0000  -1.453056   0.306388  -1.146668 
    26400000    132000.0000  -1.441264   0.303807  -1.137457 
    26600000    133000.0000  -1.433473   0.299730  -1.133742 
    26800000    134000.0000  -1.433591   0.301251  -1.132340 
    27000000    135000.0000  -1.429187   0.309308  -1.119879 
    27200000    136000.0000  -1.447151   0.299516  -1.147635 
    27400000    137000.0000  -1.438295   0.299109  -1.139186 
    27600000    138000.0000  -1.444776   0.296107  -1.148669 
    27800000    139000.0000  -1.447954   0.305960  -1.141994 
    28000000    140000.0000  -1.428177   0.300203  -1.127974 
    28200000    141000.0000  -1.440819   0.294488  -1.146330 
    28400000    142000.0000  -1.443529   0.292629  -1.150901 
    28600000    143000.0000  -1.440165   0.299857  -1.140308 
    28800000    144000.0000  -1.425257   0.296587  -1.128669 
    29000000    145000.0000  -1.434275   0.302891  -1.131385 
    29200000    146000.0000  -1.425873   0.317252  -1.108621 
    29400000    147000.0000  -1.424442   0.297459  -1.126983 
    29600000    148000.0000  -1.424525   0.292362  -1.132164 
    29800000    149000.0000  -1.426910   0.295175  -1.131736 
    30000000    150000.0000  -1.435618   0.303296  -1.132322 
    30200000    151000.0000  -1.439727   0.307351  -1.132377 
    30400000    152000.0000  -1.433967   0.301918  -1.132049 
    30600000    153000.0000  -1.437736   0.302614  -1.135122 
    30800000    154000.0000  -1.434520   0.302595  -1.131925 
    31000000    155000.0000  -1.419538   0.306552  -1.112986 
    31200000    156000.0000  -1.421013   0.310141  -1.110872 
    31400000    157000.0000  -1.434130   0.308093  -1.126037 
    31600000    158000.0000  -1.433931   0.307393  -1.126538 
    31800000    159000.0000  -1.437043   0.304693  -1.132350 
    32000000    160000.0000  -1.436067   0.303171  -1.132896 
    32200000    161000.0000  -1.440773   0.310188  -1.130584 
    32400000    162000.0000  -1.438680   0.304557  -1.134123 
    32600000    163000.0000  -1.434108   0.300754  -1.133353 
    32800000    164000.0000  -1.438909   0.301020  -1.137889 
    33000000    165000.0000  -1.437808   0.296785  -1.141024 
    33200000    166000.0000  -1.446425   0.297847  -1.148578 
    33400000    167000.0000  -1.439660   0.298682  -1.140978 
    33600000    168000.0000  -1.440543   0.308510  -1.132032 
    33800000    169000.0000  -1.440625   0.300751  -1.139874 
    34000000    170000.0000  -1.446007   0.297116  -1.148892 
    34200000    171000.0000  -1.444427   0.300110  -1.144318 
    34400000    172000.0000  -1.448888   0.305134  -1.143754 
    34600000    173000.0000  -1.441706   0.302282  -1.139425 
    34800000    174000.0000  -1.436032   0.310999  -1.125034 
    35000000    175000.0000  -1.444886   0.294075  -1.150812 
    35200000    176000.0000  -1.445195   0.303811  -1.141384 
    35400000    177000.0000  -1.432543   0.305350  -1.127193 
    35600000    178000.0000  -1.438395   0.300588  -1.137807 
    35800000    179000.0000  -1.443092   0.309172  -1.133920 
    36000000    180000.0000  -1.448338   0.300997  -1.147342 
    36200000    181000.0000  -1.437910   0.308617  -1.129292 
    36400000    182000.0000  -1.444591   0.302080  -1.142511 
    36600000    183000.0000  -1.442524   0.305478  -1.137046 
    36800000    184000.0000  -1.441730   0.301681  -1.140049 
    37000000    185000.0000  -1.433170   0.309314  -1.123857 
    37200000    186000.0000  -1.438548   0.303498  -1.135050 
    37400000    187000.0000  -1.435416   0.301697  -1.133718 
    37600000    188000.0000  -1.452350   0.295192  -1.157158 
    37800000    189000.0000  -1.443383   0.308458  -1.134925 
    38000000    190000.0000  -1.441654   0.295239  -1.146414 
    38200000    191000.0000  -1.446828   0.308476  -1.138352 
    38400000    192000.0000  -1.429134   0.306905  -1.122230 
    38600000    193000.0000  -1.460445   0.307530  -1.152915 
    38800000    194000.0000  -1.444157   0.305008  -1.139149 
    39000000    195000.0000  -1.447363   0.299802  -1.147562 
    39200000    196000.0000  -1.455934   0.305064  -1.150870 
    39400000    197000.0000  -1.436569   0.297296  -1.139273 
    39600000    198000.0000  -1.446851   0.300217  -1.146635 
    39800000    199000.0000  -1.447193   0.303632  -1.143561 
    40000000    200000.0000  -1.459191   0.303570  -1.155622 
    40200000    201000.0000  -1.451425   0.298407  -1.153018 
    40400000    202000.0000  -1.443430   0.299342  -1.144087 
    40600000    203000.0000  -1.430493   0.292048  -1.138445 
    40800000    204000.0000  -1.443879   0.303000  -1.140879 
    41000000    205000.0000  -1.442076   0.299461  -1.142615 
    41200000    206000.0000  -1.440141   0.296426  -1.143715 
    41400000    207000.0000  -1.451242   0.299188  -1.152054 
    41600000    208000.0000  -1.432151   0.297512  -1.134639 
    41800000    209000.0000  -1.447433   0.302899  -1.144534 
    42000000    210000.0000  -1.440261   0.303539  -1.136722 
    42200000    211000.0000  -1.434796   0.304011  -1.130785 
    42400000    212000.0000  -1.438012   0.303110  -1.134903 
    42600000    213000.0000  -1.437894   0.292693  -1.145201 
    42800000    214000.0000  -1.455710   0.296235  -1.159475 
    43000000    215000.0000  -1.448316   0.303743  -1.144573 
    43200000    216000.0000  -1.435592   0.291470  -1.144122 
    43400000    217000.0000  -1.433849   0.307167  -1.126682 
    43600000    218000.0000  -1.455377   0.304784  -1.150593 
    43800000    219000.0000  -1.428802   0.301148  -1.127654 
    44000000    220000.0000  -1.423350   0.308793  -1.114557 
    44200000    221000.0000  -1.431676   0.294862  -1.136814 
    44400000    222000.0000  -1.439246   0.301999  -1.137247 
    44600000    223000.0000  -1.429786   0.294691  -1.135094 
    44800000    224000.0000  -1.440002   0.302113  -1.137889 
    45000000    225000.0000  -1.433256   0.304306  -1.128950 
    45200000    226000.0000  -1.442506   0.299169  -1.143337 
    45400000    227000.0000  -1.431193   0.311685  -1.119507 
    45600000    228000.0000  -1.434341   0.300493  -1.133848 
    45800000    229000.0000  -1.447467   0.296353  -1.151115 
    46000000    230000.0000  -1.428906   0.294411  -1.134496 
    46200000    231000.0000  -1.425138   0.301757  -1.123380 
    46400000    232000.0000  -1.441799   0.301634  -1.140164 
    46600000    233000.0000  -1.441814   0.304048  -1.137766 
    46800000    234000.0000  -1.452440   0.302133  -1.150307 
    47000000    235000.0000  -1.433210   0.295050  -1.138160 
    47200000    236000.0000  -1.446729   0.297508  -1.149220 
    47400000    237000.0000  -1.445428   0.309301  -1.136127 
    47600000    238000.0000  -1.436166   0.306766  -1.129400 
    47800000    239000.0000  -1.434530   0.299403  -1.135127 
    48000000    240000.0000  -1.435883   0.295123  -1.140760 
    48200000    241000.0000  -1.462632   0.300179  -1.162452 
    48400000    242000.0000  -1.445171   0.300309  -1.144863 
    48600000    243000.0000  -1.430032   0.302595  -1.127437 
    48800000    244000.0000  -1.433917   0.302911  -1.131006 
    49000000    245000.0000  -1.444737   0.309518  -1.135218 
    49200000    246000.0000  -1.436043   0.291734  -1.144310 
    49400000    247000.0000  -1.441734   0.299726  -1.142008 
    49600000    248000.0000  -1.436073   0.300139  -1.135934 
    49800000    249000.0000  -1.439175   0.310566  -1.128608 
    50000000    250000.0000  -1.434254   0.297890  -1.136364 
    50200000    251000.0000  -1.440126   0.304325  -1.135801 
    50400000    252000.0000  -1.433653   0.295707  -1.137946 
    50600000    253000.0000  -1.442084   0.296621  -1.145463 
    50800000    254000.0000  -1.439454   0.307628  -1.131826 
    51000000    255000.0000  -1.456663   0.300776  -1.155887 
    51200000    256000.0000  -1.438790   0.306059  -1.132731 
    51400000    257000.0000  -1.430149   0.306008  -1.124141 
    51600000    258000.0000  -1.444091   0.290458  -1.153633 
    51800000    259000.0000  -1.432972   0.294726  -1.138246 
    52000000    260000.0000  -1.427168   0.296950  -1.130218 
    52200000    261000.0000  -1.439343   0.302246  -1.137097 
    52400000    262000.0000  -1.441080   0.296589  -1.144491 
    52600000    263000.0000  -1.437432   0.297085  -1.140347 
    52800000    264000.0000  -1.440125   0.305238  -1.134887 
    53000000    265000.0000  -1.449764   0.302722  -1.147042 
    53200000    266000.0000  -1.437524   0.312545  -1.124979 
    53400000    267000.0000  -1.424437   0.304561  -1.119876 
    53600000    268000.0000  -1.428704   0.312122  -1.116582 
    53800000    269000.0000  -1.428857   0.296638  -1.132219 
    54000000    270000.0000  -1.434810   0.294944  -1.139865 
    54200000    271000.0000  -1.436802   0.310022  -1.126780 
    54400000    272000.0000  -1.435327   0.287213  -1.148114 
    54600000    273000.0000  -1.458667   0.299471  -1.159196 
    54800000    274000.0000  -1.437315   0.304239  -1.133076 
    55000000    275000.0000  -1.442481   0.296249  -1.146233 
    55200000    276000.0000  -1.437943   0.290672  -1.147271 
    55400000    277000.0000  -1.435618   0.297719  -1.137899 
    55600000    278000.0000  -1.444823   0.298171  -1.146652 
    55800000    279000.0000  -1.439089   0.301466  -1.137623 
    56000000    280000.0000  -1.446311   0.304466  -1.141846 
    56200000    281000.0000  -1.440784   0.293752  -1.147032 
    56400000    282000.0000  -1.439034   0.299192  -1.139842 
    56600000    283000.0000  -1.437086   0.306206  -1.130879 
    56800000    284000.0000  -1.440257   0.304556  -1.135702 
    57000000    285000.0000  -1.445301   0.302903  -1.142397 
    57200000    286000.0000  -1.445429   0.292021  -1.153408 
    57400000    287000.0000  -1.439668   0.300380  -1.139288 
    57600000    288000.0000  -1.447192   0.303369  -1.143823 
    57800000    289000.0000  -1.447222   0.301986  -1.145236 
    58000000    290000.0000  -1.445533   0.300066  -1.145467 
    58200000    291000.0000  -1.441887   0.310306  -1.131581 
    58400000    292000.0000  -1.446996   0.298828  -1.148168 
    58600000    293000.0000  -1.444377   0.295301  -1.149076 
    58800000    294000.0000  -1.430856   0.301099  -1.129757 
    59000000    295000.0000  -1.437981   0.302966  -1.135015 
    59200000    296000.0000  -1.444466   0.310549  -1.133917 
    59400000    297000.0000  -1.438456   0.301647  -1.136809 
    59600000    298000.0000  -1.432325   0.306984  -1.125341 
    59800000    299000.0000  -1.415420   0.302803  -1.112616 
    60000000    300000.0000  -1.445591   0.296982  -1.148609 
    60200000    301000.0000  -1.431134   0.300375  -1.130759 
    60400000    302000.0000  -1.439038   0.299277  -1.139761 
    60600000    303000.0000  -1.430000   0.296630  -1.133370 
    60800000    304000.0000  -1.444321   0.304419  -1.139902 
    61000000    305000.0000  -1.448224   0.304117  -1.144107 
    61200000    306000.0000  -1.421833   0.313076  -1.108757 
    61400000    307000.0000  -1.439395   0.302858  -1.136537 
    61600000    308000.0000  -1.448733   0.307412  -1.141321 
    61800000    309000.0000  -1.429487   0.301723  -1.127764 
    62000000    310000.0000  -1.441167   0.295728  -1.145439 
    62200000    311000.0000  -1.454822   0.304891  -1.149931 
    62400000    312000.0000  -1.446780   0.303468  -1.143312 
    62600000    313000.0000  -1.448096   0.302430  -1.145666 
    62800000    314000.0000  -1.453398   0.305935  -1.147463 
    63000000    315000.0000  -1.454499   0.298509  -1.155990 
    63200000    316000.0000  -1.448226   0.309429  -1.138798 
    63400000    317000.0000  -1.446190   0.295788  -1.150402 
    63600000    318000.0000  -1.427682   0.289637  -1.138045 
    63800000    319000.0000  -1.432159   0.300055  -1.132104 
    64000000    320000.0000  -1.445544   0.311082  -1.134462 
    64200000    321000.0000  -1.439486   0.297815  -1.141671 
    64400000    322000.0000  -1.446176   0.288333  -1.157844 
    64600000    323000.0000  -1.427866   0.289451  -1.138415 
    64800000    324000.0000  -1.444678   0.303566  -1.141111 
    65000000    325000.0000  -1.449315   0.304786  -1.144529 
    65200000    326000.0000  -1.450439   0.293266  -1.157173 
    65400000    327000.0000  -1.443138   0.304142  -1.138996 
    65600000    328000.0000  -1.453526   0.301774  -1.151752 
    65800000    329000.0000  -1.445451   0.307291  -1.138161 
    66000000    330000.0000  -1.453449   0.304794  -1.148655 
    66200000    331000.0000  -1.437366   0.291083  -1.146283 
    66400000    332000.0000  -1.447387   0.300861  -1.146527 
    66600000    333000.0000  -1.454071   0.297402  -1.156669 
    66800000    334000.0000  -1.444005   0.294662  -1.149342 
    67000000    335000.0000  -1.448973   0.305687  -1.143287 
    67200000    336000.0000  -1.443177   0.310157  -1.133020 
    67400000    337000.0000  -1.439684   0.307344  -1.132340 
    67600000    338000.0000  -1.459821   0.310312  -1.149509 
    67800000    339000.0000  -1.441378   0.303616  -1.137762 
    68000000    340000.0000  -1.462984   0.298680  -1.164304 
    68200000    341000.0000  -1.438365   0.304559  -1.133806 
    68400000    342000.0000  -1.447294   0.301940  -1.145354 
    68600000    343000.0000  -1.451756   0.296092  -1.155664 
    68800000    344000.0000  -1.446952   0.309629  -1.137323 
    69000000    345000.0000  -1.450088   0.303020  -1.147068 
    69200000    346000.0000  -1.446362   0.305822  -1.140539 
    69400000    347000.0000  -1.450791   0.302279  -1.148512 
    69600000    348000.0000  -1.455267   0.303271  -1.151995 
    69800000    349000.0000  -1.441649   0.304528  -1.137120 
    70000000    350000.0000  -1.452205   0.297728  -1.154477 
