/suphys/joelh/Documents/DNAnano/oxDNA/NewPore/VaryTethLen2
Initialising pore
Running sims
           0         0.0000  -1.406574   0.302003  -1.104572 
      200000      1000.0000  -1.409623   0.306648  -1.102974 
      400000      2000.0000  -1.412213   0.301204  -1.111010 
      600000      3000.0000  -1.427623   0.311799  -1.115824 
      800000      4000.0000  -1.411668   0.307710  -1.103957 
     1000000      5000.0000  -1.425334   0.306163  -1.119171 
     1200000      6000.0000  -1.422343   0.294001  -1.128342 
     1400000      7000.0000  -1.419319   0.296435  -1.122884 
     1600000      8000.0000  -1.405465   0.305564  -1.099901 
     1800000      9000.0000  -1.422466   0.300239  -1.122228 
     2000000     10000.0000  -1.424975   0.294028  -1.130947 
     2200000     11000.0000  -1.413691   0.303698  -1.109993 
     2400000     12000.0000  -1.413915   0.300213  -1.113702 
     2600000     13000.0000  -1.421067   0.300578  -1.120489 
     2800000     14000.0000  -1.418512   0.307290  -1.111223 
     3000000     15000.0000  -1.420010   0.303655  -1.116354 
     3200000     16000.0000  -1.414396   0.295854  -1.118543 
     3400000     17000.0000  -1.415803   0.306205  -1.109598 
     3600000     18000.0000  -1.419237   0.297249  -1.121989 
     3800000     19000.0000  -1.421741   0.300588  -1.121153 
     4000000     20000.0000  -1.417117   0.302116  -1.115001 
     4200000     21000.0000  -1.422879   0.299797  -1.123082 
     4400000     22000.0000  -1.404034   0.302938  -1.101096 
     4600000     23000.0000  -1.408544   0.293524  -1.115020 
     4800000     24000.0000  -1.405017   0.300352  -1.104665 
     5000000     25000.0000  -1.412597   0.302642  -1.109954 
     5200000     26000.0000  -1.429148   0.297261  -1.131887 
     5400000     27000.0000  -1.396361   0.299565  -1.096796 
     5600000     28000.0000  -1.431648   0.302463  -1.129185 
     5800000     29000.0000  -1.421872   0.292294  -1.129578 
     6000000     30000.0000  -1.417779   0.298278  -1.119500 
     6200000     31000.0000  -1.427995   0.299365  -1.128631 
     6400000     32000.0000  -1.430051   0.309079  -1.120972 
     6600000     33000.0000  -1.430059   0.293593  -1.136466 
     6800000     34000.0000  -1.415915   0.300438  -1.115477 
     7000000     35000.0000  -1.420408   0.304820  -1.115589 
     7200000     36000.0000  -1.419611   0.302713  -1.116898 
     7400000     37000.0000  -1.424030   0.300303  -1.123727 
     7600000     38000.0000  -1.416064   0.295621  -1.120443 
     7800000     39000.0000  -1.426333   0.311577  -1.114755 
     8000000     40000.0000  -1.417962   0.297617  -1.120345 
     8200000     41000.0000  -1.430818   0.302321  -1.128498 
     8400000     42000.0000  -1.408265   0.303508  -1.104756 
     8600000     43000.0000  -1.430282   0.302811  -1.127471 
     8800000     44000.0000  -1.421885   0.312811  -1.109074 
     9000000     45000.0000  -1.415365   0.303715  -1.111651 
     9200000     46000.0000  -1.423147   0.307565  -1.115582 
     9400000     47000.0000  -1.430678   0.300788  -1.129890 
     9600000     48000.0000  -1.425282   0.297051  -1.128231 
     9800000     49000.0000  -1.428413   0.300928  -1.127485 
    10000000     50000.0000  -1.432312   0.305073  -1.127239 
    10200000     51000.0000  -1.428280   0.297416  -1.130863 
    10400000     52000.0000  -1.418556   0.303165  -1.115391 
    10600000     53000.0000  -1.432511   0.302646  -1.129865 
    10800000     54000.0000  -1.428336   0.299462  -1.128874 
    11000000     55000.0000  -1.428616   0.300246  -1.128370 
    11200000     56000.0000  -1.430206   0.295587  -1.134620 
    11400000     57000.0000  -1.438502   0.296136  -1.142366 
    11600000     58000.0000  -1.415655   0.296365  -1.119290 
    11800000     59000.0000  -1.433204   0.300744  -1.132460 
    12000000     60000.0000  -1.434375   0.313313  -1.121062 
    12200000     61000.0000  -1.419185   0.295786  -1.123398 
    12400000     62000.0000  -1.438270   0.304071  -1.134200 
    12600000     63000.0000  -1.430322   0.310107  -1.120215 
    12800000     64000.0000  -1.426547   0.302911  -1.123636 
    13000000     65000.0000  -1.429370   0.311323  -1.118046 
    13200000     66000.0000  -1.409693   0.306875  -1.102817 
    13400000     67000.0000  -1.435741   0.297588  -1.138153 
    13600000     68000.0000  -1.410090   0.309173  -1.100917 
    13800000     69000.0000  -1.427882   0.309489  -1.118393 
    14000000     70000.0000  -1.419273   0.296598  -1.122675 
    14200000     71000.0000  -1.440616   0.307075  -1.133541 
    14400000     72000.0000  -1.413450   0.304049  -1.109402 
    14600000     73000.0000  -1.432070   0.301011  -1.131059 
    14800000     74000.0000  -1.437221   0.293247  -1.143974 
    15000000     75000.0000  -1.409423   0.301374  -1.108048 
    15200000     76000.0000  -1.418530   0.306495  -1.112035 
    15400000     77000.0000  -1.432605   0.302502  -1.130103 
    15600000     78000.0000  -1.429499   0.302454  -1.127044 
    15800000     79000.0000  -1.420485   0.302812  -1.117673 
    16000000     80000.0000  -1.423560   0.298228  -1.125332 
    16200000     81000.0000  -1.417583   0.292423  -1.125161 
    16400000     82000.0000  -1.442368   0.304941  -1.137427 
    16600000     83000.0000  -1.422382   0.294941  -1.127441 
    16800000     84000.0000  -1.417288   0.309610  -1.107678 
    17000000     85000.0000  -1.425886   0.301689  -1.124197 
    17200000     86000.0000  -1.435744   0.302658  -1.133086 
    17400000     87000.0000  -1.427660   0.302920  -1.124740 
    17600000     88000.0000  -1.423927   0.298685  -1.125242 
    17800000     89000.0000  -1.434524   0.301018  -1.133505 
    18000000     90000.0000  -1.423408   0.290721  -1.132687 
    18200000     91000.0000  -1.418442   0.302441  -1.116001 
    18400000     92000.0000  -1.431162   0.298859  -1.132303 
    18600000     93000.0000  -1.431054   0.298609  -1.132444 
    18800000     94000.0000  -1.415071   0.301887  -1.113184 
    19000000     95000.0000  -1.428442   0.289633  -1.138809 
    19200000     96000.0000  -1.421981   0.292390  -1.129591 
    19400000     97000.0000  -1.427505   0.300435  -1.127069 
    19600000     98000.0000  -1.417049   0.306097  -1.110952 
    19800000     99000.0000  -1.429506   0.295205  -1.134301 
    20000000    100000.0000  -1.431549   0.306104  -1.125445 
    20200000    101000.0000  -1.426279   0.303410  -1.122869 
    20400000    102000.0000  -1.419488   0.300254  -1.119234 
    20600000    103000.0000  -1.421594   0.302943  -1.118651 
    20800000    104000.0000  -1.412567   0.306161  -1.106406 
    21000000    105000.0000  -1.422598   0.310385  -1.112213 
    21200000    106000.0000  -1.428982   0.307086  -1.121896 
    21400000    107000.0000  -1.435042   0.306265  -1.128777 
    21600000    108000.0000  -1.426912   0.301081  -1.125831 
    21800000    109000.0000  -1.437790   0.303943  -1.133847 
    22000000    110000.0000  -1.429624   0.307549  -1.122075 
    22200000    111000.0000  -1.428679   0.295722  -1.132957 
    22400000    112000.0000  -1.427621   0.299576  -1.128046 
    22600000    113000.0000  -1.434967   0.307991  -1.126976 
    22800000    114000.0000  -1.427644   0.304968  -1.122676 
    23000000    115000.0000  -1.420489   0.308945  -1.111544 
    23200000    116000.0000  -1.424089   0.299646  -1.124443 
    23400000    117000.0000  -1.429477   0.301756  -1.127721 
    23600000    118000.0000  -1.425889   0.300814  -1.125076 
    23800000    119000.0000  -1.427142   0.305598  -1.121544 
    24000000    120000.0000  -1.422455   0.303516  -1.118939 
    24200000    121000.0000  -1.432170   0.306358  -1.125813 
    24400000    122000.0000  -1.421297   0.298219  -1.123078 
    24600000    123000.0000  -1.417829   0.309739  -1.108090 
    24800000    124000.0000  -1.428181   0.301978  -1.126203 
    25000000    125000.0000  -1.423203   0.301502  -1.121701 
    25200000    126000.0000  -1.413979   0.298509  -1.115471 
    25400000    127000.0000  -1.429374   0.298283  -1.131090 
    25600000    128000.0000  -1.401442   0.303858  -1.097584 
    25800000    129000.0000  -1.426543   0.304227  -1.122316 
    26000000    130000.0000  -1.417049   0.301179  -1.115870 
    26200000    131000.0000  -1.420207   0.305362  -1.114845 
    26400000    132000.0000  -1.426730   0.291281  -1.135449 
    26600000    133000.0000  -1.427065   0.304601  -1.122464 
    26800000    134000.0000  -1.415444   0.311523  -1.103920 
    27000000    135000.0000  -1.425479   0.312558  -1.112921 
    27200000    136000.0000  -1.435312   0.305873  -1.129438 
    27400000    137000.0000  -1.427930   0.307635  -1.120296 
    27600000    138000.0000  -1.420108   0.304250  -1.115858 
    27800000    139000.0000  -1.420025   0.299567  -1.120457 
    28000000    140000.0000  -1.416520   0.291167  -1.125353 
    28200000    141000.0000  -1.418429   0.307657  -1.110772 
    28400000    142000.0000  -1.418713   0.296318  -1.122395 
    28600000    143000.0000  -1.412040   0.300171  -1.111869 
    28800000    144000.0000  -1.436116   0.310755  -1.125362 
    29000000    145000.0000  -1.424778   0.292452  -1.132326 
    29200000    146000.0000  -1.432138   0.296191  -1.135946 
    29400000    147000.0000  -1.416281   0.307900  -1.108381 
    29600000    148000.0000  -1.409105   0.310560  -1.098545 
    29800000    149000.0000  -1.414858   0.300535  -1.114323 
    30000000    150000.0000  -1.422232   0.301941  -1.120291 
    30200000    151000.0000  -1.422644   0.299542  -1.123102 
    30400000    152000.0000  -1.432077   0.311068  -1.121009 
    30600000    153000.0000  -1.428706   0.304113  -1.124593 
    30800000    154000.0000  -1.438062   0.295899  -1.142163 
    31000000    155000.0000  -1.423830   0.298678  -1.125152 
    31200000    156000.0000  -1.427723   0.311518  -1.116205 
    31400000    157000.0000  -1.423967   0.307983  -1.115984 
    31600000    158000.0000  -1.418596   0.308502  -1.110094 
    31800000    159000.0000  -1.422969   0.306340  -1.116629 
    32000000    160000.0000  -1.412691   0.300313  -1.112378 
    32200000    161000.0000  -1.419727   0.297951  -1.121777 
    32400000    162000.0000  -1.419121   0.297516  -1.121605 
    32600000    163000.0000  -1.429620   0.305117  -1.124504 
    32800000    164000.0000  -1.428004   0.296557  -1.131446 
    33000000    165000.0000  -1.430304   0.305871  -1.124433 
    33200000    166000.0000  -1.419986   0.304127  -1.115859 
    33400000    167000.0000  -1.430866   0.302100  -1.128766 
    33600000    168000.0000  -1.420588   0.310348  -1.110241 
    33800000    169000.0000  -1.426225   0.302548  -1.123677 
    34000000    170000.0000  -1.428150   0.302208  -1.125942 
    34200000    171000.0000  -1.420370   0.310053  -1.110317 
    34400000    172000.0000  -1.406964   0.303910  -1.103054 
    34600000    173000.0000  -1.428749   0.297211  -1.131538 
    34800000    174000.0000  -1.420407   0.306503  -1.113904 
    35000000    175000.0000  -1.441196   0.308835  -1.132361 
    35200000    176000.0000  -1.430966   0.296241  -1.134725 
    35400000    177000.0000  -1.422331   0.306481  -1.115850 
    35600000    178000.0000  -1.422675   0.303545  -1.119130 
    35800000    179000.0000  -1.435692   0.302536  -1.133157 
    36000000    180000.0000  -1.433985   0.302821  -1.131164 
    36200000    181000.0000  -1.416059   0.295667  -1.120392 
    36400000    182000.0000  -1.418982   0.295233  -1.123750 
    36600000    183000.0000  -1.414146   0.301562  -1.112584 
    36800000    184000.0000  -1.427197   0.291403  -1.135794 
    37000000    185000.0000  -1.428955   0.295582  -1.133374 
    37200000    186000.0000  -1.429036   0.286287  -1.142750 
    37400000    187000.0000  -1.419639   0.308868  -1.110771 
    37600000    188000.0000  -1.432361   0.297657  -1.134703 
    37800000    189000.0000  -1.412847   0.308500  -1.104347 
    38000000    190000.0000  -1.425704   0.298948  -1.126756 
    38200000    191000.0000  -1.420582   0.304432  -1.116150 
    38400000    192000.0000  -1.421995   0.305729  -1.116267 
    38600000    193000.0000  -1.420022   0.313542  -1.106480 
    38800000    194000.0000  -1.423138   0.313841  -1.109297 
    39000000    195000.0000  -1.432692   0.298611  -1.134082 
    39200000    196000.0000  -1.422003   0.298214  -1.123789 
    39400000    197000.0000  -1.433534   0.296426  -1.137108 
    39600000    198000.0000  -1.434672   0.301753  -1.132920 
    39800000    199000.0000  -1.416820   0.300111  -1.116710 
    40000000    200000.0000  -1.430117   0.296294  -1.133822 
    40200000    201000.0000  -1.422345   0.297430  -1.124915 
    40400000    202000.0000  -1.422885   0.293190  -1.129695 
    40600000    203000.0000  -1.432753   0.300423  -1.132330 
    40800000    204000.0000  -1.418650   0.294379  -1.124271 
    41000000    205000.0000  -1.432357   0.302932  -1.129426 
    41200000    206000.0000  -1.415125   0.296215  -1.118910 
    41400000    207000.0000  -1.420253   0.297604  -1.122649 
    41600000    208000.0000  -1.421185   0.295894  -1.125291 
    41800000    209000.0000  -1.425219   0.296249  -1.128971 
    42000000    210000.0000  -1.425860   0.301036  -1.124825 
    42200000    211000.0000  -1.425469   0.296453  -1.129016 
    42400000    212000.0000  -1.423583   0.299952  -1.123631 
    42600000    213000.0000  -1.408731   0.308826  -1.099905 
    42800000    214000.0000  -1.422430   0.303185  -1.119245 
    43000000    215000.0000  -1.418368   0.306921  -1.111447 
    43200000    216000.0000  -1.433043   0.300291  -1.132751 
    43400000    217000.0000  -1.422662   0.307417  -1.115245 
    43600000    218000.0000  -1.419455   0.292629  -1.126826 
    43800000    219000.0000  -1.421309   0.307162  -1.114147 
    44000000    220000.0000  -1.438710   0.305840  -1.132870 
    44200000    221000.0000  -1.420206   0.299962  -1.120245 
    44400000    222000.0000  -1.431159   0.301206  -1.129953 
    44600000    223000.0000  -1.435929   0.299859  -1.136070 
    44800000    224000.0000  -1.426844   0.302687  -1.124157 
    45000000    225000.0000  -1.422797   0.294135  -1.128662 
    45200000    226000.0000  -1.428104   0.298908  -1.129197 
    45400000    227000.0000  -1.430639   0.308169  -1.122470 
    45600000    228000.0000  -1.404704   0.295050  -1.109654 
    45800000    229000.0000  -1.428521   0.300116  -1.128405 
    46000000    230000.0000  -1.429279   0.295667  -1.133613 
    46200000    231000.0000  -1.429949   0.302288  -1.127661 
    46400000    232000.0000  -1.411105   0.310809  -1.100296 
    46600000    233000.0000  -1.429494   0.310833  -1.118662 
    46800000    234000.0000  -1.424358   0.303997  -1.120361 
    47000000    235000.0000  -1.424522   0.297859  -1.126662 
    47200000    236000.0000  -1.423324   0.298948  -1.124376 
    47400000    237000.0000  -1.435273   0.307043  -1.128230 
    47600000    238000.0000  -1.437708   0.301059  -1.136649 
    47800000    239000.0000  -1.433330   0.303334  -1.129995 
    48000000    240000.0000  -1.433441   0.304145  -1.129296 
    48200000    241000.0000  -1.432497   0.298116  -1.134381 
    48400000    242000.0000  -1.419920   0.297051  -1.122868 
    48600000    243000.0000  -1.425478   0.296341  -1.129137 
    48800000    244000.0000  -1.419874   0.306199  -1.113675 
    49000000    245000.0000  -1.424775   0.301405  -1.123370 
    49200000    246000.0000  -1.408863   0.301218  -1.107645 
    49400000    247000.0000  -1.412578   0.300992  -1.111585 
    49600000    248000.0000  -1.428812   0.296064  -1.132748 
    49800000    249000.0000  -1.413056   0.300395  -1.112660 
    50000000    250000.0000  -1.422595   0.304072  -1.118523 
    50200000    251000.0000  -1.426481   0.302428  -1.124053 
    50400000    252000.0000  -1.429552   0.294356  -1.135196 
    50600000    253000.0000  -1.419513   0.299590  -1.119924 
    50800000    254000.0000  -1.415469   0.306019  -1.109450 
    51000000    255000.0000  -1.416533   0.295902  -1.120632 
    51200000    256000.0000  -1.419237   0.303331  -1.115906 
    51400000    257000.0000  -1.410877   0.305409  -1.105468 
    51600000    258000.0000  -1.419545   0.306327  -1.113219 
    51800000    259000.0000  -1.410886   0.303785  -1.107100 
    52000000    260000.0000  -1.427760   0.291543  -1.136217 
    52200000    261000.0000  -1.427533   0.300295  -1.127239 
    52400000    262000.0000  -1.407232   0.302107  -1.105124 
    52600000    263000.0000  -1.428726   0.296402  -1.132324 
    52800000    264000.0000  -1.421360   0.299638  -1.121722 
    53000000    265000.0000  -1.409801   0.294495  -1.115306 
    53200000    266000.0000  -1.424370   0.303779  -1.120591 
    53400000    267000.0000  -1.421336   0.295559  -1.125777 
    53600000    268000.0000  -1.416007   0.300267  -1.115739 
    53800000    269000.0000  -1.423759   0.291305  -1.132454 
    54000000    270000.0000  -1.412346   0.288569  -1.123777 
    54200000    271000.0000  -1.423166   0.308616  -1.114550 
    54400000    272000.0000  -1.415353   0.306176  -1.109177 
    54600000    273000.0000  -1.432781   0.298354  -1.134427 
    54800000    274000.0000  -1.423670   0.304209  -1.119461 
    55000000    275000.0000  -1.422464   0.295444  -1.127020 
    55200000    276000.0000  -1.427087   0.292463  -1.134624 
    55400000    277000.0000  -1.418459   0.306812  -1.111647 
    55600000    278000.0000  -1.415483   0.300317  -1.115166 
    55800000    279000.0000  -1.417809   0.301788  -1.116021 
    56000000    280000.0000  -1.425181   0.294621  -1.130560 
    56200000    281000.0000  -1.425683   0.289994  -1.135688 
    56400000    282000.0000  -1.420138   0.304659  -1.115479 
    56600000    283000.0000  -1.421419   0.299320  -1.122099 
    56800000    284000.0000  -1.426012   0.301937  -1.124075 
    57000000    285000.0000  -1.412982   0.298826  -1.114156 
    57200000    286000.0000  -1.411982   0.305072  -1.106910 
    57400000    287000.0000  -1.407109   0.305106  -1.102002 
    57600000    288000.0000  -1.409826   0.301897  -1.107929 
    57800000    289000.0000  -1.428505   0.308519  -1.119985 
    58000000    290000.0000  -1.428283   0.300028  -1.128255 
    58200000    291000.0000  -1.419326   0.302714  -1.116611 
    58400000    292000.0000  -1.418436   0.307713  -1.110723 
    58600000    293000.0000  -1.421014   0.304123  -1.116892 
    58800000    294000.0000  -1.415219   0.300508  -1.114711 
    59000000    295000.0000  -1.437849   0.296820  -1.141030 
    59200000    296000.0000  -1.426282   0.295844  -1.130438 
    59400000    297000.0000  -1.422554   0.300036  -1.122518 
    59600000    298000.0000  -1.429592   0.301757  -1.127835 
    59800000    299000.0000  -1.432906   0.305395  -1.127511 
    60000000    300000.0000  -1.415629   0.301811  -1.113818 
    60200000    301000.0000  -1.418983   0.301243  -1.117739 
    60400000    302000.0000  -1.423686   0.298759  -1.124927 
    60600000    303000.0000  -1.415412   0.297672  -1.117740 
    60800000    304000.0000  -1.425591   0.302713  -1.122878 
    61000000    305000.0000  -1.418424   0.299239  -1.119185 
    61200000    306000.0000  -1.405923   0.308282  -1.097641 
    61400000    307000.0000  -1.411856   0.299704  -1.112152 
    61600000    308000.0000  -1.424592   0.298602  -1.125989 
    61800000    309000.0000  -1.427785   0.298947  -1.128838 
    62000000    310000.0000  -1.425588   0.296747  -1.128842 
    62200000    311000.0000  -1.430046   0.299657  -1.130388 
    62400000    312000.0000  -1.435190   0.313711  -1.121479 
    62600000    313000.0000  -1.432653   0.302970  -1.129684 
    62800000    314000.0000  -1.420715   0.297469  -1.123247 
    63000000    315000.0000  -1.417078   0.307510  -1.109568 
    63200000    316000.0000  -1.430389   0.296027  -1.134362 
    63400000    317000.0000  -1.407828   0.302400  -1.105428 
    63600000    318000.0000  -1.429388   0.308008  -1.121380 
    63800000    319000.0000  -1.435839   0.296734  -1.139105 
    64000000    320000.0000  -1.414469   0.291548  -1.122921 
    64200000    321000.0000  -1.411889   0.304687  -1.107201 
    64400000    322000.0000  -1.421590   0.303461  -1.118130 
    64600000    323000.0000  -1.419568   0.301381  -1.118188 
    64800000    324000.0000  -1.424006   0.298432  -1.125574 
    65000000    325000.0000  -1.429217   0.307759  -1.121457 
    65200000    326000.0000  -1.410556   0.305714  -1.104842 
    65400000    327000.0000  -1.433915   0.299476  -1.134439 
    65600000    328000.0000  -1.422675   0.303713  -1.118962 
    65800000    329000.0000  -1.411776   0.300458  -1.111318 
    66000000    330000.0000  -1.413556   0.289374  -1.124182 
    66200000    331000.0000  -1.431142   0.303690  -1.127451 
    66400000    332000.0000  -1.426233   0.301466  -1.124767 
    66600000    333000.0000  -1.424373   0.307776  -1.116597 
    66800000    334000.0000  -1.417814   0.294259  -1.123555 
    67000000    335000.0000  -1.424774   0.301141  -1.123633 
    67200000    336000.0000  -1.425484   0.294633  -1.130851 
    67400000    337000.0000  -1.419070   0.299196  -1.119874 
    67600000    338000.0000  -1.420111   0.302632  -1.117479 
    67800000    339000.0000  -1.426060   0.302611  -1.123449 
    68000000    340000.0000  -1.419804   0.298287  -1.121517 
