498
505
503
499
504
501
501
505
502
504
504
502
501
506
506
503
504
507
507
502
506
506
505
506
505
504
509
509
505
505
506
506
509
505
505
500
507
506
506
504
508
508
506
509
506
506
509
508
507
508
506
503
507
508
510
509
511
508
510
504
507
506
509
510
509
508
510
510
510
510
508
506
510
509
509
509
509
510
507
510
509
507
506
506
503
508
504
506
509
508
508
508
508
507
512
513
511
511
515
513
514
514
514
516
514
515
517
516
516
515
519
519
516
512
507
513
518
515
519
514
513
513
516
513
512
520
512
517
516
518
511
515
514
516
515
515
516
516
517
515
510
513
514
515
514
517
514
514
515
513
515
512
514
518
513
517
513
512
514
514
515
513
517
517
513
513
516
515
512
516
517
516
518
516
518
517
519
514
516
514
518
517
516
511
514
515
512
518
516
518
515
514
514
512
513
511
516
517
516
515
514
517
517
515
515
516
516
513
513
515
515
515
511
511
511
513
513
510
516
514
514
512
514
515
510
513
510
512
515
515
513
516
516
516
512
515
516
516
513
515
513
515
515
512
513
513
517
514
516
513
515
513
516
