497
503
502
498
503
497
503
500
503
499
501
498
502
499
499
502
499
499
502
500
500
499
498
501
500
499
501
500
501
501
499
505
502
502
503
499
498
502
498
499
502
498
502
502
500
501
502
502
500
499
501
501
505
502
501
505
506
498
505
502
501
502
504
502
502
506
503
507
505
509
509
509
506
502
502
506
508
508
506
503
504
508
508
504
508
507
506
503
506
508
505
506
510
505
501
504
504
506
501
507
505
501
505
503
500
504
502
505
505
507
508
506
509
502
502
504
504
502
501
507
509
506
508
506
505
504
507
504
501
505
507
506
505
506
508
507
508
509
504
504
506
506
501
507
505
508
508
508
506
505
507
504
507
506
502
506
506
508
509
507
507
506
506
507
507
507
504
503
506
506
509
510
508
509
508
507
510
509
510
509
508
512
509
510
510
509
508
509
509
509
509
509
507
506
509
509
509
506
508
505
513
512
510
508
511
513
511
506
508
509
510
512
509
512
511
508
513
511
508
511
509
513
512
510
509
505
510
510
509
509
510
511
510
511
509
511
509
508
509
511
507
506
508
509
511
503
508
511
511
508
506
510
509
