499
500
501
500
501
496
501
500
499
498
503
499
495
500
498
499
500
500
500
500
493
498
499
498
499
498
498
499
498
499
502
499
500
499
498
496
492
498
501
498
498
496
498
496
498
500
501
504
501
503
504
500
498
500
501
502
503
501
500
502
502
496
501
499
497
501
502
501
497
497
496
498
495
498
501
503
499
498
502
496
501
499
501
502
499
499
504
499
501
496
498
500
500
502
501
499
498
502
503
502
498
503
503
502
500
502
501
499
503
503
502
502
501
502
499
501
498
503
496
497
498
502
500
503
500
500
504
503
501
504
501
500
500
501
501
499
503
500
503
501
502
503
499
502
503
503
499
502
499
500
502
497
499
499
499
499
495
499
499
500
500
498
501
503
501
501
500
498
500
499
501
499
501
501
501
499
500
499
501
499
497
497
501
496
501
503
502
499
501
497
500
500
498
500
498
501
500
504
501
502
499
503
503
501
504
501
503
501
500
504
501
503
499
502
502
501
504
498
503
501
499
501
499
498
500
505
501
498
500
497
501
503
494
499
496
502
502
502
498
497
500
501
500
495
496
499
501
502
501
498
503
499
501
