505
504
507
507
504
503
505
506
505
505
503
505
503
503
502
506
501
507
508
506
506
507
506
508
505
505
507
501
505
503
505
505
508
501
505
501
504
503
508
507
505
505
506
508
511
510
510
509
506
508
505
507
503
510
511
511
507
506
505
506
506
508
512
507
507
506
504
506
505
509
509
510
506
508
511
510
507
512
510
514
511
513
514
510
510
514
508
508
507
512
509
514
510
509
515
514
509
510
515
512
510
515
515
512
512
512
511
514
515
510
514
515
512
512
509
511
512
516
514
515
513
509
516
514
510
510
511
514
513
512
515
511
513
511
510
512
512
512
511
510
508
513
511
512
512
514
513
510
513
511
506
510
508
510
514
513
509
512
509
515
513
514
508
507
511
512
507
511
512
514
507
510
512
513
508
512
510
508
506
510
510
513
511
514
513
513
514
512
509
513
508
511
512
507
511
516
509
512
512
509
508
510
511
508
509
509
512
511
509
509
509
507
509
508
509
508
507
508
508
510
506
509
510
508
511
511
509
508
511
510
508
508
510
507
506
508
511
509
504
508
509
506
508
506
506
509
510
505
512
508
506
511
510
