904
905
903
907
910
901
900
907
892
894
892
898
897
900
894
903
906
911
906
904
912
910
912
916
905
904
911
911
904
908
901
908
915
901
909
905
904
900
914
908
906
909
913
903
913
909
925
923
925
925
923
928
929
931
928
927
931
924
931
928
927
927
929
925
928
927
925
928
934
931
928
932
931
926
929
916
920
927
932
928
922
928
920
921
925
924
941
928
928
930
928
923
927
923
936
931
929
929
929
938
932
938
938
945
929
938
933
932
928
932
936
937
939
942
937
931
937
935
935
933
919
935
920
925
917
921
918
918
924
930
934
931
935
928
927
932
924
921
924
916
922
926
926
926
927
932
929
924
919
921
926
923
907
930
921
934
937
936
933
944
936
936
935
937
937
927
927
926
932
936
945
942
934
942
942
937
943
939
949
947
934
942
946
942
939
934
933
939
940
932
939
936
942
933
941
931
935
937
937
933
932
945
940
939
944
936
930
937
937
937
938
939
931
929
935
931
929
936
942
940
944
937
946
935
937
933
941
934
938
938
934
932
932
934
937
935
934
927
934
935
932
931
936
934
934
930
948
947
944
943
942
938
943
945
944
934
940
949
944
933
944
944
948
945
952
947
951
948
957
948
945
944
939
946
949
953
947
943
946
952
944
943
943
945
930
946
945
944
940
944
943
943
947
941
950
942
950
950
947
948
940
950
952
939
948
939
941
935
940
936
943
951
944
943
946
942
943
947
954
948
950
953
950
952
942
952
947
945
953
952
953
953
951
941
944
940
939
940
949
948
944
943
944
944
947
949
949
952
938
946
957
948
945
948
946
942
940
938
938
933
937
942
939
935
933
943
947
955
960
949
951
951
950
946
942
943
945
952
953
946
948
944
947
948
948
953
953
