906
901
901
902
907
901
904
907
913
911
909
919
916
914
908
906
910
913
912
912
915
917
907
900
910
912
908
912
908
911
909
911
914
912
906
906
911
903
916
915
911
916
918
915
925
912
915
922
930
920
921
911
910
914
913
917
922
920
923
918
913
914
915
913
902
917
912
922
917
922
913
912
913
913
916
921
926
920
920
922
919
917
915
909
916
923
919
922
923
903
912
910
914
915
919
917
911
918
921
919
916
915
916
919
919
915
919
917
918
922
921
920
914
912
909
913
924
918
923
916
921
921
919
910
915
919
915
915
923
912
910
913
914
914
911
913
920
924
925
925
918
920
928
921
926
919
921
918
921
924
919
924
922
915
916
920
917
922
914
924
921
922
918
923
930
917
922
921
924
924
920
920
931
922
927
929
924
924
918
918
914
919
919
926
926
922
920
925
926
924
927
929
935
936
928
927
930
917
920
923
923
921
926
924
929
926
929
927
928
929
936
933
931
935
931
927
932
932
930
918
925
922
927
925
928
921
923
931
926
925
919
931
927
944
931
933
933
932
932
931
925
927
927
924
935
936
926
926
926
932
926
928
933
924
924
925
931
919
931
928
931
929
933
939
937
935
936
935
946
938
943
944
945
946
949
937
952
940
938
946
940
941
941
944
944
939
936
943
944
941
940
949
943
940
950
941
942
946
949
950
942
946
948
953
943
950
942
944
936
940
943
948
952
948
945
941
943
955
944
946
945
947
943
946
947
941
944
955
951
947
953
958
949
953
952
950
966
961
959
951
968
968
959
948
965
964
963
963
961
963
962
962
969
963
952
965
962
960
957
954
959
961
953
957
961
952
949
952
956
950
953
952
955
956
954
949
957
954
958
953
950
957
955
959
948
957
957
945
947
948
949
954
951
953
957
952
948
957
955
965
953
