905
903
898
904
904
907
909
901
910
905
901
902
904
897
902
911
905
904
903
900
908
904
906
898
896
902
901
902
908
900
892
905
908
897
906
902
898
898
903
902
905
905
898
896
902
902
905
908
902
906
907
905
905
910
908
905
897
900
914
915
911
902
910
906
916
923
910
903
913
916
922
923
926
917
926
929
927
923
921
924
923
921
925
916
917
916
913
918
922
912
912
901
917
918
917
913
914
926
920
913
917
913
927
925
921
914
922
926
923
939
934
936
929
929
925
922
930
932
926
928
931
916
919
919
917
917
915
914
910
917
913
915
914
917
922
913
911
911
908
904
912
916
912
914
910
915
921
908
910
909
909
921
921
918
913
916
925
914
924
926
918
918
921
927
919
920
926
921
920
922
913
920
930
927
917
919
920
913
922
926
921
929
921
920
925
930
921
925
922
918
918
923
913
926
918
923
922
923
916
919
922
924
922
931
927
933
931
927
928
926
931
920
934
926
917
929
921
929
925
928
926
935
929
928
935
933
929
929
928
929
935
931
924
935
920
930
928
920
920
926
925
931
924
928
912
925
919
918
913
918
916
916
915
917
921
913
920
921
916
920
919
930
926
922
921
907
922
922
927
923
924
923
920
926
921
916
919
923
930
922
916
929
925
920
917
925
921
913
917
920
918
916
929
921
922
923
932
922
925
925
929
925
925
933
928
938
934
931
924
929
935
929
933
924
931
926
934
933
933
926
940
939
944
937
938
936
931
934
942
938
941
937
933
927
933
933
941
934
943
935
934
923
937
941
937
938
932
939
947
939
955
948
943
944
953
952
959
955
958
957
955
954
961
959
951
957
956
953
956
954
947
948
942
950
947
942
946
950
945
942
951
936
945
951
943
942
943
946
944
944
945
951
957
953
954
950
953
958
