905
901
909
900
912
913
906
912
911
914
915
912
909
899
905
907
902
906
905
908
909
909
918
919
913
904
908
909
910
907
913
908
905
913
903
898
908
907
910
912
916
914
922
915
927
922
912
923
924
929
929
931
923
921
925
920
916
922
911
921
918
916
912
922
915
921
924
918
929
929
928
916
915
921
917
918
915
917
913
911
917
908
912
912
914
923
913
909
913
916
916
920
922
920
929
911
922
929
925
927
921
919
925
917
920
924
919
922
927
928
938
927
930
927
928
917
922
927
927
923
923
921
924
925
922
917
919
911
922
923
923
925
920
918
920
931
921
925
920
920
920
919
918
919
917
919
912
923
920
916
921
923
917
920
918
914
916
913
917
914
924
917
918
918
915
923
920
923
926
926
921
920
920
922
922
931
927
927
927
923
920
926
919
918
922
927
914
927
917
916
914
913
911
916
921
920
919
922
926
922
927
921
918
916
917
915
923
917
923
919
918
917
921
922
922
919
919
922
914
917
921
921
918
918
916
926
925
930
931
934
939
934
938
935
931
935
940
938
936
935
929
932
937
933
936
932
935
933
929
932
924
926
927
931
927
926
929
918
915
913
907
915
920
917
930
930
923
934
932
929
926
922
922
917
923
929
927
928
928
924
930
925
926
927
922
924
927
923
923
928
933
926
923
928
926
922
934
916
921
930
923
918
931
920
924
926
932
922
925
920
919
925
922
915
927
922
931
925
927
930
928
924
921
927
922
932
927
923
926
921
919
927
924
915
923
920
918
920
915
916
918
912
923
910
920
915
914
918
919
916
914
912
924
925
917
927
918
922
924
921
918
929
918
931
927
916
932
919
929
916
920
929
923
928
932
929
929
924
928
927
932
927
924
921
929
926
931
918
924
921
921
922
930
925
924
934
924
926
928
924
925
915
932
929
929
934
929
928
926
930
922
927
924
924
928
931
931
938
928
933
923
939
926
924
927
935
929
927
933
930
930
932
928
929
926
922
922
926
923
924
929
926
925
927
921
922
926
922
924
917
931
923
926
924
914
921
919
922
921
924
