902
910
908
909
906
906
907
913
912
915
911
910
909
913
921
913
913
910
915
911
912
904
913
913
913
913
918
913
915
914
912
918
916
915
915
914
914
913
920
915
915
914
913
911
910
918
913
911
906
910
907
912
914
909
906
912
914
917
921
921
908
921
920
920
921
916
913
908
916
906
912
915
915
910
915
921
912
911
905
915
923
909
911
912
911
914
915
899
899
910
908
917
913
916
917
909
915
918
922
916
913
913
915
923
913
911
903
909
912
920
914
926
928
919
923
910
922
919
931
932
929
936
927
927
931
935
939
938
933
924
930
926
931
930
920
931
922
924
923
926
920
929
927
922
921
909
917
923
926
929
928
926
921
926
921
919
926
935
929
938
931
932
942
938
935
939
931
941
934
929
933
935
930
941
939
943
937
941
944
940
938
941
938
940
931
934
931
943
943
943
941
943
939
934
933
939
939
941
934
930
939
938
941
936
929
938
933
929
937
935
933
936
946
951
938
949
939
941
948
948
939
943
947
956
936
955
942
948
951
942
945
942
946
949
949
943
949
948
945
954
945
947
943
950
954
946
949
948
949
938
937
940
928
944
943
936
939
941
937
932
941
941
945
941
945
950
945
943
943
945
946
936
943
943
937
938
936
934
935
938
941
936
942
939
948
944
951
940
930
938
942
939
939
937
941
936
940
937
948
943
944
938
947
941
943
937
934
945
943
945
949
938
942
947
955
946
949
939
948
939
938
952
950
943
945
947
942
943
948
939
945
938
941
945
947
951
947
950
949
942
935
937
944
938
945
937
941
954
937
933
947
942
935
940
937
929
942
939
941
939
937
940
939
943
937
933
932
932
936
929
937
937
938
935
932
949
938
936
934
941
937
946
940
929
937
944
939
947
948
950
951
948
944
949
951
951
944
943
940
946
