906
912
912
917
908
903
908
912
907
910
908
903
902
900
890
900
893
908
905
897
902
904
907
906
902
903
903
902
902
896
901
898
893
902
913
896
904
914
898
902
905
898
889
897
898
903
905
902
907
900
900
908
909
904
907
899
914
906
907
907
910
909
906
907
901
908
900
903
897
902
895
895
898
913
908
905
906
909
898
903
900
900
899
895
905
895
910
902
901
905
900
909
907
905
908
900
893
902
909
902
907
910
906
907
910
911
910
908
903
901
908
908
906
903
915
912
904
898
917
907
901
900
902
902
912
909
904
900
903
893
907
910
906
902
895
893
888
898
894
906
903
905
905
906
910
907
904
909
908
905
904
905
904
910
907
907
912
904
910
917
910
911
912
907
911
908
906
909
906
913
902
897
904
909
906
905
917
911
911
907
919
915
912
917
901
908
917
907
908
906
910
910
910
908
910
916
902
912
910
909
917
907
910
912
908
913
922
914
927
926
926
908
914
918
916
913
915
911
913
908
916
920
918
908
917
911
921
909
901
905
901
909
901
909
914
914
913
906
917
906
919
923
921
927
929
921
928
923
911
909
916
917
912
917
921
914
914
918
914
906
914
915
916
921
925
914
913
910
915
924
923
927
929
925
923
924
928
926
921
921
927
930
922
919
917
925
931
930
935
940
937
928
927
937
936
934
938
934
932
939
934
935
938
936
933
937
937
932
938
929
934
931
935
934
945
936
939
936
934
945
947
937
940
930
937
939
940
941
942
940
930
940
936
939
938
929
936
934
933
928
932
940
940
934
945
936
942
935
939
940
941
939
938
945
944
943
942
947
939
937
936
936
940
934
938
942
936
937
939
939
932
942
938
925
929
933
936
931
942
944
933
934
935
935
934
928
940
936
930
932
935
934
928
936
932
927
932
936
929
924
924
927
920
921
932
925
928
924
921
916
934
925
935
929
922
925
938
936
931
935
932
933
