908
908
898
899
892
897
902
905
905
907
913
903
916
907
905
912
912
915
902
911
907
904
906
904
907
904
911
904
909
910
911
914
924
915
915
912
910
909
916
913
918
916
913
924
928
922
927
922
921
926
926
925
925
929
926
929
932
938
935
928
930
932
930
939
921
924
933
932
944
943
944
930
942
931
927
931
928
930
934
933
929
931
929
941
939
934
932
933
938
938
937
932
936
929
936
938
925
930
931
934
922
923
930
920
926
924
924
923
929
925
929
928
927
930
924
930
933
926
932
928
934
937
945
939
942
931
936
939
936
935
939
932
939
948
934
940
936
934
940
928
930
934
931
938
935
939
938
941
938
942
934
940
938
935
934
935
936
932
927
924
936
927
932
926
935
925
926
924
915
938
930
933
926
936
946
942
940
941
939
935
932
935
939
943
941
937
937
939
942
950
947
942
947
944
944
941
933
940
944
945
945
951
941
942
943
939
943
946
943
945
948
956
951
961
954
949
943
953
946
947
948
946
947
950
956
951
959
960
956
960
955
953
954
952
958
960
945
958
953
950
956
950
952
959
944
949
950
945
947
943
947
940
944
940
941
947
945
941
944
944
944
949
946
955
949
949
949
949
946
951
946
949
952
953
941
950
950
944
949
943
947
957
957
949
951
963
948
951
942
953
951
951
952
949
940
950
950
943
946
947
953
941
945
943
944
947
940
944
949
945
953
943
950
944
943
943
946
949
943
950
945
944
931
942
942
946
932
935
933
947
939
940
941
934
933
938
932
938
939
940
941
934
935
936
936
942
941
938
934
935
928
944
943
935
936
941
948
945
953
947
945
953
953
948
959
952
957
952
950
951
958
958
949
951
947
954
955
952
955
960
956
946
953
955
956
951
950
945
