910
912
903
904
911
907
906
903
916
911
908
909
909
911
911
911
904
900
908
904
911
907
909
901
910
914
911
912
913
909
911
918
913
909
925
922
917
920
924
917
928
921
925
921
920
921
929
928
925
920
920
920
926
923
923
927
937
940
946
939
940
948
952
937
939
950
950
948
950
948
940
950
952
954
952
951
951
952
957
951
954
946
957
960
959
956
952
949
958
955
962
950
959
952
956
971
960
963
960
965
966
964
975
972
974
970
972
970
970
970
974
974
968
975
980
979
971
970
972
969
968
965
969
977
963
970
950
959
967
969
967
961
963
973
973
965
969
969
970
966
963
974
969
977
977
976
976
964
957
973
974
977
985
973
975
968
967
972
967
967
964
973
967
970
972
966
965
963
964
957
965
961
968
961
966
968
973
972
974
970
971
968
963
961
958
969
955
968
964
965
969
969
954
958
961
967
951
968
960
959
962
962
955
967
962
963
962
961
955
967
958
970
980
978
976
972
967
972
974
971
971
972
976
977
979
980
977
981
975
966
985
967
966
963
975
975
976
974
967
977
971
978
980
973
968
976
972
967
968
976
967
970
969
981
976
980
981
979
986
991
982
982
991
992
980
982
993
985
983
988
987
981
980
982
976
983
976
987
991
995
986
983
982
986
979
982
972
982
984
992
980
988
977
978
975
964
975
985
979
969
982
977
988
984
972
966
978
973
982
981
980
968
973
973
966
976
973
969
973
965
973
971
979
971
974
970
978
979
983
978
975
983
975
978
986
971
976
968
974
978
979
976
973
981
971
975
976
972
970
968
969
962
971
971
976
960
961
965
972
967
968
980
982
973
972
971
971
970
975
965
972
971
963
970
968
968
969
968
969
967
971
976
970
971
967
976
968
967
978
979
976
978
979
983
970
971
977
972
968
968
974
976
978
977
976
985
985
977
982
985
985
977
984
975
981
984
982
976
979
982
