905
905
912
897
902
910
908
909
903
904
899
904
906
902
901
907
898
904
908
906
913
903
910
901
895
898
902
898
893
886
903
902
896
904
903
912
907
903
911
907
902
898
904
901
906
908
906
909
902
897
901
904
908
908
908
911
915
913
913
905
907
907
903
918
912
917
917
917
914
915
913
912
918
912
910
914
920
917
921
914
913
912
903
909
909
908
916
916
914
915
909
916
917
921
915
913
916
917
906
912
907
905
902
910
906
909
906
910
913
903
912
914
912
918
916
912
909
907
909
908
905
901
903
906
908
916
905
918
917
910
921
911
912
917
915
906
914
912
914
906
915
916
917
913
919
910
908
911
908
912
905
916
908
917
907
917
903
910
901
901
901
906
907
909
908
914
912
907
904
918
915
910
916
914
918
920
918
913
916
908
909
908
905
918
919
909
918
925
920
920
926
919
920
922
922
931
921
917
915
922
912
917
913
914
919
911
920
919
916
914
919
911
918
918
917
916
921
924
919
923
924
924
914
924
919
922
928
923
924
924
922
919
931
927
926
928
933
923
929
935
924
927
926
910
917
922
922
921
924
923
924
915
925
926
920
911
924
922
918
927
924
933
928
937
934
928
935
934
930
932
936
932
928
924
918
926
927
923
917
912
920
926
921
930
927
924
932
924
924
927
926
915
923
919
937
939
937
926
943
938
933
943
938
938
938
938
942
934
936
935
938
943
940
943
941
935
935
937
940
943
937
936
941
934
940
935
941
937
941
943
941
931
944
942
936
930
941
933
942
940
942
940
946
943
938
944
941
943
937
947
939
937
945
933
940
941
938
945
949
950
954
947
943
950
950
954
951
950
944
951
950
952
950
947
946
946
953
945
946
942
943
942
939
939
946
948
954
955
945
953
954
953
945
951
955
949
953
957
947
947
948
949
948
957
948
956
952
962
954
951
955
954
953
956
953
956
956
971
963
966
954
965
966
959
968
958
