896
895
899
896
905
904
906
904
907
904
899
911
907
909
906
907
909
909
909
902
902
902
913
904
902
905
907
908
906
909
913
903
906
911
908
914
911
907
908
912
910
914
906
918
917
916
912
918
917
909
913
912
909
910
903
905
911
913
906
909
914
908
911
911
910
907
909
912
914
904
903
912
905
914
915
909
908
912
913
912
905
910
911
907
913
913
921
918
918
915
915
913
907
920
906
906
919
912
912
915
922
923
918
916
915
916
914
918
920
922
924
919
918
924
914
920
915
915
917
912
915
913
913
917
911
903
919
913
918
916
912
915
919
917
917
909
916
911
912
905
906
904
907
908
907
913
906
905
895
893
898
903
900
900
896
901
904
904
906
917
908
903
903
914
921
916
913
905
906
910
916
921
919
906
899
909
905
910
903
905
913
912
907
913
895
917
906
920
912
920
916
921
922
916
931
921
919
927
925
926
917
921
918
916
911
922
926
923
914
931
923
918
923
932
917
923
926
925
926
928
924
919
921
923
921
927
927
927
928
921
923
915
912
918
922
909
921
922
919
909
909
921
923
919
923
925
927
918
927
927
928
920
922
931
924
928
928
927
920
925
925
918
920
931
925
919
927
913
920
923
932
928
929
922
933
930
925
922
924
923
920
919
919
925
915
921
916
920
919
916
928
917
923
916
918
912
899
911
911
913
901
910
914
912
919
919
909
914
918
916
918
913
910
910
911
910
917
914
915
911
920
921
920
920
917
926
915
917
911
913
918
920
921
915
923
929
931
924
930
917
913
919
926
921
926
919
918
924
924
925
917
922
910
919
918
912
910
914
921
928
920
925
925
921
920
921
927
924
932
922
931
925
924
930
928
929
932
932
927
928
923
934
936
937
934
925
929
933
936
930
923
936
935
928
931
939
934
932
938
940
942
931
935
927
936
949
941
939
946
953
945
942
944
948
938
950
944
945
945
940
945
934
940
