897
898
902
901
899
904
903
902
898
894
904
903
907
906
899
910
901
906
900
907
902
907
908
908
905
909
906
905
894
902
898
895
897
895
906
896
899
903
902
909
904
905
911
908
913
914
910
915
904
905
901
900
907
895
901
905
901
902
904
912
902
906
904
904
914
921
910
911
906
911
900
909
909
907
913
908
910
920
909
907
902
908
918
917
919
909
917
916
922
917
919
921
921
916
916
915
920
914
922
926
920
920
930
921
923
929
921
921
929
926
925
922
918
923
932
926
925
915
930
923
924
923
923
918
929
920
928
926
924
937
932
935
931
931
936
934
944
941
939
933
933
927
944
938
940
935
935
932
942
937
930
932
930
926
920
926
932
927
932
932
938
932
934
932
936
938
937
930
928
929
940
935
943
931
933
936
933
936
939
948
945
952
948
946
944
940
941
950
928
944
941
947
939
947
949
947
957
953
951
956
949
950
959
948
944
943
947
941
948
939
944
943
951
949
939
935
946
940
946
945
943
945
951
947
955
951
946
946
950
938
943
940
942
938
939
950
937
942
939
944
947
948
940
937
941
945
954
949
944
937
943
945
946
946
948
946
949
954
944
942
933
942
948
948
941
952
953
947
941
949
950
947
948
943
949
956
953
948
951
947
946
946
944
945
951
940
942
946
947
941
946
934
941
937
948
940
946
940
937
941
947
942
946
951
947
949
938
950
952
951
949
952
952
949
944
951
947
944
944
946
944
954
943
948
945
934
939
945
949
946
945
940
939
953
956
953
942
952
947
956
938
949
948
955
957
944
951
943
940
936
943
942
940
937
940
940
948
939
945
945
943
944
942
940
935
942
936
939
941
936
939
940
935
934
940
948
938
949
943
940
941
942
938
953
945
948
941
949
940
944
946
949
940
940
945
943
942
949
939
948
950
938
949
953
942
941
954
951
949
949
948
942
945
931
945
940
943
947
942
943
