903
909
915
904
904
901
901
900
899
900
898
898
898
897
901
905
897
895
897
898
898
899
898
901
900
897
901
904
901
907
910
894
903
910
902
909
909
907
912
916
926
923
920
913
923
922
919
921
915
920
920
920
932
921
931
924
926
933
937
931
940
934
937
937
938
932
938
937
940
940
934
932
940
945
928
934
934
940
942
934
940
941
940
940
945
935
936
934
943
938
932
926
943
938
928
942
940
939
947
946
944
932
934
944
933
944
941
945
939
936
931
941
926
935
943
948
943
947
945
950
949
957
951
959
951
952
948
954
945
950
946
944
948
952
948
948
953
947
952
946
941
946
954
945
946
949
952
951
944
950
941
946
949
956
952
963
950
949
959
959
958
958
964
958
959
950
950
955
956
959
947
952
951
968
969
964
968
963
961
960
962
964
962
958
964
962
962
963
959
956
964
969
963
961
956
962
965
969
960
968
966
963
967
961
959
967
964
968
959
964
962
968
971
959
964
967
964
971
965
964
969
969
965
973
969
965
968
965
972
962
966
967
969
964
953
965
964
958
959
968
964
971
956
961
970
962
961
972
963
960
967
974
970
962
976
972
977
973
972
964
970
970
966
975
971
967
965
961
965
971
960
963
967
971
973
971
975
971
970
969
969
970
978
967
962
969
970
969
965
970
966
969
973
980
976
968
966
974
969
972
974
974
975
968
970
965
975
982
981
983
983
977
970
972
975
967
968
973
972
978
979
982
983
975
979
977
984
982
980
974
974
979
969
969
970
977
965
968
969
982
977
978
981
988
982
983
980
975
968
971
978
966
964
969
973
961
978
974
968
970
967
973
972
963
966
977
978
979
979
978
969
976
969
973
968
969
969
965
964
970
963
971
958
965
959
966
960
954
969
971
967
971
963
969
968
964
969
961
972
975
971
965
971
958
960
961
965
968
956
968
954
954
965
960
961
957
955
957
954
948
