898
908
908
908
906
901
904
906
906
905
913
901
902
903
912
906
899
906
901
908
904
909
897
903
904
901
899
901
903
905
902
906
906
909
908
904
908
909
904
898
904
905
897
905
902
911
901
914
906
919
921
910
916
918
911
920
908
914
917
918
918
916
928
925
920
915
917
916
914
927
929
921
924
920
934
930
931
917
922
926
915
919
917
918
926
918
927
926
929
932
933
928
919
925
914
916
922
927
923
924
918
927
923
927
918
922
927
927
931
928
925
923
927
930
931
926
929
923
930
928
931
930
921
933
919
935
936
932
934
933
939
938
926
936
938
927
938
943
938
937
933
931
937
940
939
932
935
942
932
937
931
936
933
943
933
939
934
930
940
934
927
935
936
943
948
947
948
948
943
944
945
940
938
945
939
942
944
943
948
943
942
942
948
949
941
936
941
945
941
943
945
938
941
946
942
953
960
953
947
939
949
949
952
947
950
949
951
942
937
945
941
951
949
942
943
939
945
939
944
939
943
927
926
931
927
937
944
931
937
934
937
930
943
938
931
935
938
947
939
938
943
944
945
939
940
947
940
948
953
949
946
945
951
948
953
947
953
947
951
935
940
945
949
952
948
948
935
937
945
935
946
940
950
947
941
946
937
945
943
939
936
941
942
943
941
931
937
940
934
932
946
940
943
938
932
935
936
933
926
936
933
936
926
935
931
933
936
942
938
940
939
943
939
945
939
941
945
940
943
942
934
941
942
939
929
930
931
930
935
930
931
935
928
927
934
926
933
937
940
937
935
928
931
928
933
926
940
937
931
937
935
935
941
929
936
936
939
943
935
936
942
942
934
934
932
940
933
937
946
945
946
942
952
952
953
949
954
953
955
954
958
951
951
956
958
954
956
952
946
953
936
946
950
942
952
943
946
948
943
951
959
955
959
961
958
957
946
961
955
945
953
955
953
949
942
952
940
947
948
952
950
951
