901
901
906
905
904
900
906
899
905
902
893
902
903
907
912
901
903
910
907
908
904
906
904
911
912
904
906
910
912
916
909
904
908
911
911
912
913
914
910
910
911
915
911
912
908
911
909
912
915
915
915
921
904
899
895
906
904
908
916
914
906
904
908
905
902
910
910
910
909
914
910
910
907
910
919
921
908
910
918
914
920
910
910
915
911
903
909
907
911
904
910
910
910
913
901
904
905
906
901
907
904
915
906
903
907
902
904
898
905
912
913
908
902
896
906
908
907
914
912
914
918
912
904
907
911
911
909
908
902
912
901
909
915
919
918
915
909
911
921
920
920
918
915
914
916
912
921
918
912
919
927
919
920
923
926
914
923
922
920
921
919
918
926
917
915
918
924
913
915
915
915
903
913
921
926
913
914
915
925
931
931
923
929
927
934
935
935
937
934
930
931
930
934
938
933
932
941
942
934
932
934
931
936
925
929
921
928
925
931
931
933
926
930
922
925
929
929
927
929
925
933
932
930
925
932
917
934
927
930
919
929
929
923
916
923
924
918
927
924
920
928
929
923
923
919
931
929
935
935
935
923
931
930
932
930
937
936
923
930
934
928
930
935
930
933
924
934
928
934
936
933
936
931
941
933
942
941
936
936
939
944
949
944
945
955
949
951
948
945
951
942
948
956
953
950
945
936
950
945
952
941
952
949
950
946
945
946
948
948
950
942
942
939
950
933
945
941
943
939
925
939
935
943
940
944
936
940
945
926
935
936
939
941
945
944
946
939
941
944
940
944
942
933
944
943
940
945
937
938
944
946
953
942
935
936
944
940
943
941
942
943
949
953
948
944
946
949
950
952
952
954
956
949
958
955
944
950
952
949
948
961
953
952
962
959
966
962
952
953
958
961
952
958
946
956
956
958
953
958
959
960
954
958
962
955
958
959
951
957
956
951
957
964
962
963
967
962
962
963
966
961
963
