904
911
922
907
906
904
901
906
909
912
918
914
916
913
912
911
915
908
904
906
908
922
913
906
910
921
911
915
917
916
919
921
908
906
907
911
908
915
903
907
910
911
922
913
915
910
913
915
922
913
907
915
918
912
918
912
921
918
916
920
911
915
923
926
923
924
924
911
924
926
925
920
926
922
921
923
920
915
931
927
926
922
924
923
914
922
919
909
913
911
907
910
915
913
917
922
922
928
917
918
916
922
916
913
915
915
918
921
917
918
917
919
923
923
923
920
922
911
913
918
923
922
917
921
918
918
916
914
915
909
913
917
914
913
902
915
918
920
917
927
919
923
915
919
926
923
922
920
915
914
916
915
912
915
915
915
918
919
919
924
918
929
929
923
932
933
926
926
929
930
929
927
930
925
927
921
921
924
923
926
927
919
924
921
918
918
909
920
921
918
912
914
917
918
918
919
924
921
926
924
930
928
921
918
930
924
922
928
926
930
926
931
932
929
927
933
919
913
924
917
916
916
926
933
924
936
938
932
922
923
930
931
928
931
923
917
925
925
927
927
929
934
939
932
938
943
947
940
938
938
932
937
940
940
936
934
938
952
940
944
949
951
947
944
946
941
947
957
944
939
946
948
947
947
956
944
947
951
951
954
953
948
942
950
956
959
948
953
949
954
949
944
954
946
945
951
945
943
944
942
942
938
945
943
940
939
933
931
946
949
944
943
946
943
950
947
941
951
942
951
947
946
945
943
939
940
948
933
939
936
945
945
948
950
934
946
947
942
945
950
945
951
947
948
946
954
961
951
954
954
953
951
954
950
953
964
961
956
962
953
953
949
960
950
957
962
960
955
958
949
943
951
942
951
956
945
942
959
948
946
944
951
946
939
939
939
935
942
931
941
932
934
940
941
934
946
943
945
945
943
945
936
939
941
937
934
936
936
945
935
939
943
941
936
940
937
942
944
949
943
947
947
