909
907
901
910
905
901
901
896
904
904
906
908
911
909
902
911
915
915
911
916
908
915
901
906
908
913
920
915
911
910
907
912
905
911
909
907
900
904
905
903
905
903
909
902
910
898
905
902
901
902
890
904
904
900
905
907
901
905
908
908
911
913
907
909
913
909
909
907
910
909
904
912
910
909
909
912
910
910
916
915
910
919
908
909
916
913
905
914
913
914
907
907
900
911
903
904
908
903
908
904
905
903
902
899
911
901
902
911
905
902
908
900
904
905
915
915
904
903
911
913
906
911
907
905
912
904
910
912
909
910
905
904
906
911
911
920
924
916
917
915
905
911
919
912
916
919
924
911
919
905
907
910
912
918
918
923
926
926
915
924
910
918
919
922
924
927
929
920
922
922
915
919
923
926
922
932
922
922
923
929
932
928
924
929
919
928
922
932
931
926
934
930
941
935
938
940
936
940
943
932
934
935
929
932
935
939
934
931
937
931
929
925
934
929
948
947
943
953
942
934
943
945
939
942
950
937
949
942
938
947
939
938
931
943
944
943
934
934
937
934
932
934
932
941
938
942
943
943
935
938
935
936
936
936
940
935
930
932
939
932
928
943
930
930
934
936
932
932
937
928
926
930
927
941
938
943
941
933
946
948
940
934
946
944
937
943
948
942
935
944
941
943
946
947
942
948
939
940
931
948
945
953
956
944
954
952
946
959
958
961
963
953
957
950
954
955
960
952
962
958
965
962
963
967
973
971
969
959
954
954
956
958
954
956
954
956
962
955
957
959
959
957
937
940
950
943
952
951
949
953
953
961
950
961
950
954
962
968
969
957
969
963
960
960
961
962
953
961
952
952
952
956
944
946
946
946
949
951
948
947
950
950
954
959
953
952
950
957
950
955
958
