907
904
900
904
899
909
906
906
904
904
899
896
900
895
895
905
900
899
903
899
899
901
904
906
902
905
917
908
920
913
920
910
913
909
913
909
913
916
908
909
922
921
915
917
917
923
925
919
917
923
928
927
923
923
918
919
924
913
915
915
912
911
911
906
914
913
912
909
912
914
916
918
921
916
927
922
922
917
921
920
918
924
926
924
927
932
925
931
926
922
922
927
931
919
927
920
930
928
923
928
923
927
922
932
935
932
941
923
933
932
932
925
927
930
934
935
927
940
935
938
938
946
947
943
940
934
936
930
925
935
936
936
937
934
933
935
937
932
931
926
940
941
932
932
931
924
929
934
932
932
930
941
935
931
940
934
943
935
935
941
938
935
926
928
928
922
924
929
927
926
927
936
931
936
936
941
931
932
936
931
933
936
929
925
926
939
927
929
932
936
924
927
937
937
929
930
935
937
937
934
935
944
938
943
935
935
938
941
928
935
939
929
924
938
928
936
943
942
933
943
943
936
943
939
934
930
933
935
928
932
920
926
924
925
931
931
937
931
931
939
930
934
934
936
927
929
931
938
925
936
940
943
940
938
939
934
937
936
938
925
932
936
933
936
939
933
945
938
926
932
929
935
931
932
938
934
937
941
934
939
939
927
934
936
931
935
932
928
934
937
938
943
938
930
939
941
935
933
940
925
935
932
934
921
928
925
920
929
926
929
925
922
919
919
920
923
927
922
930
929
919
922
929
926
934
928
929
936
936
941
931
930
937
929
928
928
930
922
930
926
928
925
927
932
927
928
931
924
928
923
928
927
926
923
913
923
924
923
928
924
932
933
928
930
929
924
924
916
922
921
923
924
919
928
921
920
926
924
925
927
931
926
929
935
933
930
933
928
930
935
937
929
929
935
946
946
946
