907
906
907
901
903
907
907
908
907
910
910
918
914
920
909
912
911
908
910
903
910
909
912
911
907
906
908
916
913
912
902
912
920
918
920
917
919
923
922
916
915
922
916
923
918
923
916
912
919
922
923
925
921
925
929
935
925
921
914
923
922
924
922
921
917
922
916
918
920
924
923
925
923
920
923
921
926
920
920
921
924
919
916
923
919
927
921
919
907
919
911
917
918
917
914
913
918
919
921
919
907
907
905
913
915
915
917
920
924
919
923
916
923
917
914
917
914
919
915
922
920
922
925
924
918
927
920
920
916
909
914
919
907
919
916
918
916
918
909
911
915
914
904
911
916
921
913
916
916
913
910
913
908
908
911
906
916
927
910
911
920
909
916
917
915
914
921
917
924
919
913
914
922
921
915
918
920
922
910
917
919
913
921
910
913
917
907
914
907
912
909
913
909
914
905
910
912
914
919
907
918
920
920
919
924
920
926
928
918
916
920
926
922
930
924
927
928
931
925
929
927
924
933
930
928
931
926
931
925
930
923
923
928
931
928
923
921
918
919
917
921
920
920
926
918
923
926
918
917
925
913
917
921
914
912
914
917
919
910
917
912
916
927
928
918
918
920
925
923
924
917
920
913
923
923
925
935
924
924
929
932
922
926
921
929
929
928
925
925
919
922
926
927
918
924
920
923
928
920
927
925
931
916
926
923
921
925
930
922
923
921
920
920
925
921
922
921
926
919
924
922
920
921
925
928
920
920
924
927
930
934
944
941
936
934
936
933
927
932
928
934
935
922
932
923
931
935
945
948
937
939
934
936
936
934
944
933
933
930
926
929
928
932
926
928
933
931
930
928
936
928
927
922
928
922
930
922
926
927
925
932
940
934
930
938
931
925
929
932
933
929
923
919
929
928
930
940
943
943
938
937
938
929
947
934
932
936
946
935
934
939
938
940
940
939
933
944
933
937
939
935
