906
905
909
911
911
914
913
912
915
908
919
911
910
904
912
902
902
901
914
910
909
919
917
916
905
913
916
923
917
910
912
907
911
914
917
916
902
916
918
921
921
920
924
923
934
930
927
924
927
925
927
937
935
936
931
935
933
925
932
932
933
936
937
935
933
939
936
938
935
940
937
942
937
945
947
934
941
942
942
947
940
937
936
941
946
942
948
940
950
945
948
946
952
945
948
953
945
952
941
946
955
949
942
939
941
950
955
950
948
948
948
950
950
941
949
950
944
941
947
943
945
946
951
952
939
942
947
943
940
937
944
937
952
951
955
951
949
945
942
948
947
938
939
941
949
949
946
954
950
944
953
953
951
947
956
953
957
949
958
965
949
944
955
959
959
963
958
946
947
955
965
950
951
949
942
943
953
949
951
955
947
948
951
949
952
945
943
947
944
943
954
950
948
950
955
945
953
953
948
956
951
950
949
952
948
946
945
946
946
937
947
950
960
959
954
947
958
957
957
966
957
957
956
961
960
956
961
957
957
959
952
957
961
949
954
959
954
953
943
949
949
950
947
953
952
961
948
951
956
945
942
961
960
963
954
958
960
968
966
955
955
953
954
955
953
949
949
955
964
955
956
954
956
950
954
947
965
960
961
953
953
959
959
955
959
956
946
951
960
960
959
962
971
965
965
969
977
972
968
961
958
974
956
969
972
970
960
962
968
957
965
962
963
964
961
964
966
966
961
961
959
953
958
966
960
968
962
958
961
972
971
968
957
972
967
956
964
961
967
966
969
960
971
957
971
972
967
967
962
967
955
969
967
963
962
965
963
962
961
963
955
952
955
954
956
963
962
970
977
974
971
972
966
970
966
957
962
954
960
950
963
965
960
957
960
953
960
950
955
964
958
948
961
951
956
953
961
951
953
958
949
959
964
965
967
961
957
970
962
962
961
973
964
