903
902
901
904
911
915
913
911
901
911
916
909
909
919
908
899
902
913
899
904
902
901
913
911
908
909
914
914
907
913
906
912
919
909
911
907
906
907
904
914
919
920
912
923
922
926
923
930
927
922
924
919
919
918
917
918
923
917
920
924
916
915
929
925
923
922
913
913
918
918
914
915
918
913
908
907
907
905
913
916
908
910
920
923
925
925
914
918
923
912
918
911
921
921
920
917
916
921
923
914
920
924
915
914
921
914
919
926
923
922
924
929
927
932
927
930
917
922
918
919
916
920
928
920
916
925
922
922
915
927
920
915
918
930
930
920
925
923
921
923
919
925
931
920
920
920
931
932
924
930
920
924
927
918
922
929
928
931
930
936
933
939
941
927
930
929
927
927
929
936
929
935
930
935
932
927
930
937
929
922
934
934
927
933
937
927
944
939
937
936
931
937
939
944
933
946
945
944
936
941
939
940
943
948
949
940
944
944
948
938
943
945
940
944
934
939
938
938
942
951
943
939
943
935
935
939
944
944
946
942
942
939
932
942
951
939
938
935
944
933
937
932
938
933
933
938
932
935
923
930
927
931
934
925
938
935
941
938
943
929
934
930
928
932
936
921
925
940
935
941
936
940
939
937
944
937
940
929
938
936
947
937
940
943
937
945
941
941
944
937
950
939
944
937
928
940
942
944
942
947
943
935
935
934
938
933
942
935
944
940
946
938
946
937
942
944
939
942
935
938
940
933
943
943
938
940
937
941
942
939
942
945
949
944
948
941
940
945
946
934
944
947
947
952
949
938
938
938
943
945
954
948
948
952
945
954
952
955
947
944
935
948
942
957
953
958
950
961
955
959
965
968
964
967
957
958
968
969
966
960
964
964
965
956
956
963
962
956
972
966
962
967
971
963
965
970
966
973
978
973
974
963
970
971
974
973
966
972
973
970
964
971
974
982
973
981
987
982
981
969
983
