499
497
496
501
499
498
499
500
501
502
498
500
503
502
502
499
500
502
499
503
502
500
499
501
502
501
501
503
498
500
497
499
503
500
502
502
499
499
491
499
502
500
503
501
501
502
499
503
496
500
498
502
501
497
502
502
503
499
497
498
492
496
496
499
500
500
502
503
501
502
498
503
501
503
496
502
500
499
502
502
501
499
503
498
500
501
500
496
496
501
499
500
499
499
497
500
501
501
498
502
500
495
497
500
499
501
498
501
496
502
502
501
498
503
504
504
495
498
499
496
499
500
500
500
502
498
502
502
499
500
498
500
496
498
497
498
499
501
498
502
501
500
501
499
501
501
502
502
499
499
500
500
498
498
502
500
498
503
503
500
502
501
501
499
500
500
502
500
497
498
500
500
502
501
501
500
498
502
500
502
499
498
495
497
500
502
501
499
503
500
500
503
504
504
502
503
502
504
502
504
500
506
502
502
506
501
501
504
504
505
502
503
506
503
505
500
505
507
506
508
506
507
507
503
504
503
504
506
504
503
504
505
504
505
504
506
501
501
504
503
503
504
502
502
504
505
500
505
498
506
500
503
503
