499
499
495
500
502
497
500
500
502
501
498
500
497
500
501
503
500
496
497
500
498
501
500
501
499
498
500
501
500
502
502
498
497
499
500
499
501
498
501
500
501
497
499
502
498
500
500
498
498
500
501
496
497
502
500
501
499
499
501
499
501
500
502
498
501
498
499
501
500
501
499
499
500
499
499
499
499
501
500
502
502
501
496
501
499
500
503
502
504
505
504
502
502
503
500
503
498
501
501
502
499
503
500
503
498
502
502
502
502
500
501
502
501
500
502
497
502
501
497
503
501
501
494
501
496
501
501
503
502
501
500
500
499
500
499
501
501
501
499
500
497
501
500
498
497
498
497
498
500
500
502
498
503
502
500
500
500
501
500
502
501
499
501
503
502
500
501
500
501
501
496
501
498
503
496
498
498
497
502
502
498
499
497
500
498
501
500
499
499
500
498
498
503
495
499
497
503
500
498
500
498
499
499
496
498
499
502
499
498
498
499
504
502
501
502
502
501
500
501
497
500
500
501
499
501
502
499
503
502
502
502
499
498
501
504
501
502
500
501
503
502
498
501
502
502
501
501
498
497
503
499
496
501
